weight	lyapunov	err1	err2	err3	m1	m2	m3	std1	std2	std3	null1	null2	null3	f	stdf
0.0	nan	0.74078896041983666	0.1239112433817036	0.020914198899141933	11.318890850925843	17.363294729743398	16.014661116657628	19.760544969348476	32.40820130421325	28.877635839764359	99.310000000000002	99.310000000000002	99.310000000000002	0.9997047523305298	0.10075080931258718
0.02	-5.5511151231257827e-17	0.90530502006005908	0.93948917793901532	0.44990511735411348	12.425930867213808	52.754805214654866	127.50717313050238	12.268637284487571	48.444210573449695	104.49161530346619	88.060000000000002	53.359999999999999	25.910000000000004	0.60976612611711078	0.10082899897826417
0.040000000000000001	0.056672480883815386	0.93488902058070078	0.9557270188781487	0.48433366501143416	8.7133587554351948	42.760321422103786	117.52665938374773	8.7122174215679458	39.016527314121063	104.43475258727467	78.019999999999996	61.04999999999999	26.090000000000003	0.438614382117889	0.10099274897116431
0.059999999999999998	0.010291690194839017	0.95989408206902704	0.96900229499506574	0.54974530015075729	9.5478336051413759	41.732987094323889	166.65378554339472	9.8024273988250563	38.498226867883282	144.70656463211441	77.319999999999993	62.020000000000003	18.550000000000001	0.34245909523654833	0.10120806170462501
0.080000000000000002	0.03027602614998039	0.96997591001044192	0.98209175610014299	0.55513438405195503	10.330690109468332	42.05838483529606	161.80584236105372	10.663029461627742	38.370062401140657	151.63596505174988	80.52000000000001	60.939999999999998	17.720000000000002	0.2808941018360076	0.10122710521241537
0.10000000000000001	0.060928171385567824	0.97318122697996778	0.98862005916834728	0.53319550942014138	11.241624217643817	37.223888733381095	129.40290680120773	11.519843718071838	34.46741810945354	130.53594400684364	85.330000000000013	66.150000000000006	21.469999999999995	0.23814758184346388	0.10080236341681861
0.12	0.0030890316942964414	0.96989985823818592	0.98885162778987912	0.54996011416707991	12.029209649809019	31.556947401351568	128.88857423016447	12.041233686577096	29.567777037994539	132.61556551000598	89.560000000000016	70.859999999999985	21.970000000000002	0.20677529656604249	0.099904448463657938
0.14000000000000001	0.076540318970299351	0.96584869420073183	0.99032463969075146	0.56554642559290602	12.272212858729123	28.392839249199728	146.15751029711467	12.307672338739872	27.026667814646025	151.27604919695369	91.419999999999987	74.500000000000014	20.52	0.18279149468259698	0.098651569865232519
0.16	0.098877755132591894	0.96557935390698346	0.99133188205437028	0.59618107798879461	12.437241858130269	26.065971847380201	161.12804408328003	13.014752737330008	25.188053170486057	153.20456452283963	92.120000000000005	76.329999999999998	19.800000000000004	0.16387364780517349	0.097150905065427548
0.17999999999999999	0.050956146562605678	0.96656870115813265	0.99122414044847462	0.60809002633865761	12.545176375549392	24.67074143836393	170.45600872088289	13.086761116994619	24.693364312261366	161.83136235300358	92.290000000000006	77.150000000000006	21.030000000000001	0.14857571568060204	0.095484438051262804
0.20000000000000001	0.0790493470554786	0.96984544510550919	0.99111576346194696	0.62838829885067859	12.785851977899377	24.620965606035888	167.08406752213671	13.583888573258786	23.854365883914504	160.82229753685417	92.419999999999987	78.599999999999994	22.330000000000005	0.13594756993587334	0.093749308955530158
0.22	0.38164288770853522	0.97214319916934733	0.99273789119643063	0.64065960171488856	12.881242826872972	23.913663798255275	162.88603780946113	13.512372963522816	23.546966820946768	154.90781026237116	92.580000000000013	79.550000000000011	22.550000000000001	0.12534785128208775	0.092006205846077965
0.23999999999999999	0.55088624987454549	0.97523617460839862	0.99380283142841608	0.64218505350143484	12.572847081517761	23.120111517682489	161.29926868989349	13.042135775500082	23.325921057888259	157.50482626611657	92.359999999999985	80.239999999999995	24.200000000000006	0.11632366792502966	0.090292307922490572
0.26000000000000001	0.37723809157394289	0.9776716720526416	0.99446439012191745	0.65490259949502594	12.229176276986477	22.835190430745758	158.52186030101967	13.078857654491596	23.483435549317441	154.16864657630916	92.22999999999999	81.439999999999998	25.940000000000005	0.10854577553115423	0.088640383813829327
0.28000000000000003	0.59850038092819369	0.97977755607404815	0.99453785953784202	0.67277603222770643	12.310351594647639	21.850955396852378	158.7658931342707	12.927050761209642	23.255494234078338	155.06624080367638	92.419999999999987	81.820000000000007	27.109999999999996	0.10177187786614517	0.087067395453109042
0.29999999999999999	0.55335600562983023	0.98129200558378127	0.99444760315072234	0.68371345026799135	11.785190805052681	21.339450871795144	163.15491267351919	12.266155149433091	22.772521808978365	157.61322172114765	92.280000000000015	82.439999999999998	28.510000000000002	0.095821725147501272	0.085554274634865438
0.32000000000000001	0.48457638858214491	0.98249097783144346	0.99450316491995938	0.6970746932347639	11.266430379814036	21.255969349001713	168.167241951042	11.342574572513511	22.105358599861407	162.82659908785939	92.210000000000008	83.390000000000001	30.649999999999999	0.090554077749829737	0.084106214956991554
0.34000000000000002	0.6825162451974145	0.98357373736232812	0.99460325249350667	0.70695141746008605	11.246571043766149	20.428688455584453	165.79242153903866	11.254412787816959	21.156536331038453	162.79146344196838	92.340000000000003	83.669999999999987	30.800000000000004	0.085860021008837994	0.08272698827354566
0.35999999999999999	0.76016108934034243	0.98432115575468138	0.99489852334536744	0.71423991487443828	11.015898877005082	19.629840505244289	163.67214755624155	11.026530298821166	20.393823325422346	160.88921552209794	92.469999999999999	83.710000000000008	32.680000000000007	0.081648542100607152	0.08142074066174107
0.38	0.69894805355214029	0.98487253065521663	0.99501501553176119	0.72559201054021316	10.874906679817919	19.102447165307165	166.39875008074404	11.006556239612951	19.963275246255073	161.10800516129348	92.650000000000006	84.030000000000001	34.450000000000003	0.07784798931087536	0.080174327694099295
0.40000000000000002	0.74470226156778963	0.98521318730911212	0.9948656255035877	0.7287341843570132	10.639356293217006	18.721355816643204	163.65219084472892	10.690278703114334	19.872384201914119	161.90128253526379	92.690000000000012	84.449999999999989	35.07	0.074401264425921695	0.078983428234938119
0.41999999999999998	0.72221519022437441	0.9857401191501447	0.99467408966364701	0.72916430685472977	10.13885472593889	18.458462521636882	164.28787123411453	10.196406734631616	19.882138501425253	161.1739243768221	92.500000000000014	84.840000000000003	36.700000000000003	0.071262376302310332	0.077846736734793809
0.44	0.6973191080005019	0.98622150551974586	0.99439673613395596	0.73058802492710917	10.002143059635332	18.006585657228246	160.59570418245431	9.8641946013777098	19.725697229035035	155.74983198823779	92.480000000000004	85.049999999999997	37.519999999999996	0.068390671322244523	0.076759711892573426
0.46000000000000002	0.7741945029514945	0.98640757820241787	0.99395444499479324	0.72830346675235924	9.8976790806320345	17.882413463797825	158.97323277149513	10.139985857344485	19.431972473910186	150.9824452640737	92.609999999999999	85.400000000000006	39.180000000000007	0.06575346515491011	0.075712769033132288
0.47999999999999998	0.67974919301922598	0.98657141601596443	0.99367751754515599	0.72844343247459242	9.1196612290749286	17.590121255022346	156.75236694334757	9.6331509865696798	19.246690996998861	151.69323031406688	92.099999999999994	85.609999999999985	40.0	0.063320319886573634	0.074706171766229595
0.5	0.65164695383409588	0.98669084451803601	0.99331002258659584	0.72981518165113857	9.0823262504602233	17.502679694371885	157.08850258646447	9.4094745380836002	19.03944482075709	151.19678653038835	92.160000000000011	85.719999999999999	41.649999999999991	0.061068489106542091	0.073745676640550567
0.52000000000000002	0.64373086142852887	0.98677399711077984	0.99284441621155373	0.72964493069116754	8.9700101809270691	16.967299462759531	154.94110963108898	9.2717923231895227	18.614961278725509	148.95995065344746	92.219999999999999	85.260000000000005	42.589999999999996	0.058979360056054399	0.072821640046014616
0.54000000000000004	0.61782298541140457	0.98712339333099275	0.99251433801962463	0.73154712004154721	8.6283295892039007	17.049186301755327	153.15813637741203	8.8523087611291356	18.47600391940227	146.78491250080066	92.050000000000011	85.579999999999998	43.740000000000002	0.057035602244117987	0.071934899206529984
0.56000000000000005	0.54891557466714225	0.98737644282207826	0.99250040118123317	0.7377260981653706	8.5621022591117466	16.739841601622238	148.31032301806434	8.4208585677315391	18.160518411068647	141.60144341425297	92.060000000000002	85.439999999999998	45.129999999999995	0.055221294818905906	0.071083873743502571
0.57999999999999996	0.50557197700330947	0.98760332404133799	0.99268657844591091	0.74006783412391575	8.5570891159779983	16.341114232957271	144.4303206142086	8.0653891283147736	17.839495699657967	139.54641258791423	92.140000000000015	85.310000000000002	46.380000000000003	0.053524776330495641	0.070267079067118141
0.59999999999999998	0.64431009025683417	0.98789714687354169	0.9926602493202511	0.74098340580153255	8.3624025566632216	16.158251507015724	143.76126693509153	7.9394526427371517	17.704378849144032	135.176712691722	92.050000000000011	85.289999999999992	47.43	0.051934426918593665	0.069479472878306706
0.62	0.44844811984764654	0.98848311149295398	0.99248637068782841	0.74801761554366597	8.2389343882047577	16.140508036949523	140.07270850313523	8.0329093728808836	17.696777183304313	132.56023388550949	92.099999999999994	85.390000000000001	47.759999999999998	0.050441978869742735	0.068723721244408106
0.64000000000000001	0.39293242803891099	0.98867991260206267	0.99243533908041281	0.75135340994290467	8.4184516614122273	16.113582662361381	138.35555550214679	8.2129926389127217	17.399077156849312	130.22460776406885	92.38000000000001	85.409999999999997	48.689999999999991	0.049038627030425601	0.067996194765083867
0.66000000000000003	0.18647825583683539	0.98865700139837254	0.99221286852099289	0.75212930946568168	8.2038591324082226	16.179776675120404	136.18930372279857	8.0398711040925459	17.292415245078843	127.09436958779877	92.290000000000006	85.540000000000006	49.079999999999998	0.047716563092018223	0.067290434616328762
0.68000000000000005	0.068568890538080518	0.98892167841079048	0.99187079584810256	0.75233281258177487	7.9005357340883933	15.823348571692435	135.03311109453657	7.9557802953929651	17.185902894719138	125.71198586489182	92.100000000000009	85.299999999999983	50.140000000000001	0.046468259051878881	0.066603057972792368
0.70000000000000007	-0.015419007763234497	0.98924994270945221	0.99142372465241058	0.75108610475095405	7.7561980587148911	15.837744673719882	132.60772620697438	7.8966239982327071	17.182789452314559	122.26999049460414	91.990000000000009	85.440000000000012	50.700000000000003	0.045287523344564568	0.06593591276810809
0.71999999999999997	-0.052572600499365268	0.98934832655164728	0.99104319931252538	0.74631657871810175	7.6600624506807735	15.937576765076567	128.77839861393323	7.807233574821117	17.126888486864647	120.95396846198166	91.969999999999999	85.649999999999991	51.789999999999999	0.044168555936490085	0.065286303454194991
0.73999999999999999	-0.028073972002801647	0.98944682506444637	0.99074836717539383	0.74379734201564174	7.5292480429417852	15.885160158578049	127.18798181914958	7.6670783228072406	16.876626648512193	120.70705211012077	91.879999999999995	85.72999999999999	53.079999999999998	0.043106564374267978	0.064656766821694855
0.76000000000000001	-0.057294383833619733	0.98948488449764405	0.99051976655658192	0.74366507898190837	7.667343499232814	15.920871309984369	125.12256547569515	7.5897139393995001	16.648710836492761	117.93269690714719	92.090000000000003	85.819999999999993	53.410000000000004	0.042098170477159316	0.064043808149265358
0.78000000000000003	-0.032213292387537243	0.98955421533819499	0.99034949910786185	0.74477622093946283	7.2970202967904312	15.674275058228631	122.83454899144181	7.6035432842670501	16.60263439834204	113.70473164887252	91.77000000000001	85.659999999999997	54.329999999999998	0.041137745347038006	0.063452794008330829
0.80000000000000004	-0.045373028173460818	0.9896661481835487	0.99029967070005576	0.75035831261301744	7.2731198332915046	15.618413236326159	120.65061581786128	7.5687953248501909	16.556448270821914	111.25012530021931	91.810000000000016	85.72999999999999	54.899999999999999	0.040223265939173761	0.062883874443415866
0.82000000000000006	-0.063081729606184411	0.98970730245262628	0.99013729120284832	0.75827291422154386	7.181151757772275	15.165379023610161	116.38008309779634	7.478932431988552	16.332577514301803	107.45704400305135	91.759999999999991	85.339999999999989	55.320000000000007	0.039351130693616981	0.062329569988695356
0.83999999999999997	-0.037892449497039266	0.98966376617579888	0.98992363963971497	0.75913562209504692	7.1756896784402002	15.134887216530553	114.58984361630883	7.3414093025128482	16.046137497446502	106.44872504056377	91.829999999999998	85.350000000000009	56.450000000000003	0.038519210443034489	0.061792635067143067
0.85999999999999999	-0.017068460018472065	0.98967360246992198	0.98989741107535978	0.76238685585548871	6.8004388980344874	15.077374097158351	111.40136627978666	7.2017657070011492	15.936491581647619	104.57562994692016	91.429999999999993	85.289999999999992	56.939999999999998	0.037725042875488835	0.061274431105867812
0.88	-0.039276686132730554	0.98960446775843491	0.98990798434201499	0.76942853630340169	6.707085711488503	14.914910339508992	109.30220588851512	7.0335974911457182	15.90920143699466	100.87858100056955	91.370000000000019	85.120000000000005	57.430000000000007	0.036965117996791572	0.060772700602269046
0.90000000000000002	0.00014116443294048966	0.98935808125481484	0.98993035693769238	0.77737311450377311	6.551158781380586	14.911184341316451	106.7112544300708	6.9756512144729772	15.795517774323377	98.835727851032601	91.230000000000004	85.209999999999994	58.170000000000002	0.036237659330223645	0.060292320858661
0.92000000000000004	-0.034473777247216279	0.98916664099382445	0.9898413203358617	0.77815846863994287	6.5377144173282344	14.904146342523868	102.99069746082378	6.8966088106589414	15.753457009121714	96.402129960269093	91.310000000000002	85.150000000000006	58.519999999999996	0.035540837300434988	0.05982957388903961
0.94000000000000006	-0.020511395777280075	0.98903789868985204	0.98973125960737462	0.78369381061252841	6.5258197238396463	14.55165986587806	101.41549811165066	6.7989900494465072	15.829148830960182	93.78794782532961	91.400000000000006	84.780000000000001	59.169999999999995	0.034872685635471343	0.059377201690590277
0.95999999999999996	-0.040319396974805417	0.98872023443190182	0.98974170710128406	0.78685924890400383	6.4345160940247865	14.520580544636601	99.209579462077542	6.7266118821550194	15.846419187088234	89.770157150408338	91.370000000000005	84.809999999999988	59.810000000000002	0.034230715797789239	0.058939669547582119
0.97999999999999998	-0.071482445342107639	0.98845375333228047	0.98958491819642769	0.78981820886770326	6.236684906969483	14.480908430612274	95.891305905350919	6.5804469710127025	15.806282816445099	86.117153753082292	91.179999999999993	84.809999999999988	60.329999999999998	0.033613775966815709	0.058514048225437695
1.0	-0.0071330459078674672	0.98813421255077427	0.98950624586787794	0.7928340326574469	6.2991363188773972	14.311214991487844	93.120055830587035	6.5133812436665055	15.512702158927244	84.642084116812271	91.329999999999998	84.609999999999999	60.670000000000002	0.033019759795991137	0.058095359381988856
1.02	0.0087937119392546559	0.98812777691973819	0.98946097278964995	0.79447260257601537	6.1464712232941707	14.176677067534822	90.374182254944643	6.3098134676664923	15.361556341357616	83.848257186074164	91.170000000000002	84.519999999999982	61.0	0.032447399002608845	0.057677352088520463
1.04	0.014871084725337951	0.98821879952438696	0.98927398592843629	0.7942803956445087	6.1739100821545181	14.260196838606024	89.070541613401474	6.1619956755636078	15.471434059106361	82.058645834089859	91.239999999999995	84.579999999999984	61.509999999999991	0.031896110862087941	0.057271084577537247
1.0600000000000001	-0.036455345065942335	0.98832005023101743	0.98869780454728085	0.79554863695367328	6.0088503441845003	13.732730833455594	86.433039014248322	5.9904269298917967	15.313394654765721	81.271228510695352	91.030000000000001	84.019999999999996	61.70000000000001	0.031364519092214813	0.05686822113232054
1.0800000000000001	0.017884959185973649	0.98842169376446376	0.98838174439269577	0.78366944456084031	5.7228658679607829	13.787136278108608	82.819468062367179	5.7982858006177844	15.149992425615327	77.832054608653991	90.620000000000005	84.069999999999979	61.970000000000006	0.030855141774512974	0.056478025568664304
1.1000000000000001	0.0040133624217712285	0.98814698027056613	0.98801453302407349	0.78187970557753816	5.7069604919326578	13.758670083913653	82.525164136192046	5.7045223800184761	15.282549272420093	76.772835246010033	90.579999999999998	83.920000000000002	62.780000000000008	0.030363584269031442	0.056048969222524746
1.1200000000000001	0.037522263075578322	0.98796082338560076	0.98829629655616391	0.7898346559341316	5.6379499835156901	13.931229716296901	81.110670770910104	5.6321517821643727	15.492913335737171	75.878638644617155	90.5	83.939999999999998	63.429999999999993	0.02988966966533722	0.055677626169971975
1.1400000000000001	0.050047551582002442	0.98832763845337812	0.9884593446082679	0.8151935377800108	5.4759233605782089	13.732546006745505	79.642424662794866	5.5857376694388545	15.610384885065873	74.69163064526262	90.25	83.689999999999998	63.269999999999996	0.029437005066263983	0.055626904261459185
1.1599999999999999	0.084064530770093404	0.98829771722063187	0.98823375813161629	0.81530963998885841	5.4263924396063219	13.772673946956274	77.211404387347258	5.5814823596145429	15.472023401835951	70.683250116845869	90.189999999999998	83.589999999999989	63.839999999999996	0.028992667527036053	0.055309512661651461
1.1799999999999999	0.1788679028847186	0.98789797422283177	0.98762025079854632	0.81136771220720671	5.5025675807853425	13.720743215282614	74.879967475655889	5.6034204796135896	15.232029882924545	68.938074610592793	90.390000000000001	83.47999999999999	63.910000000000004	0.028563610898906799	0.054991911204025301
1.2	0.38602879817884378	0.98747613451789906	0.98728408975705406	0.81447042948635584	5.4259738971293698	13.67640232742726	74.777234415624861	5.4483413101137605	14.997459327299154	68.330934499778962	90.329999999999998	83.030000000000001	64.0	0.028147137796835659	0.054657602434645194
1.22	0.1003862388865213	0.98714141199301486	0.98703795032296338	0.80685985110294423	5.5558820324169549	13.709819031184832	74.477348239596637	5.5250135853345954	15.234307063942879	66.741060039421455	90.610000000000014	83.420000000000002	64.499999999999986	0.027746069478041806	0.054347125122274673
1.24	0.15058812182613804	0.98724421412651342	0.98670133466826715	0.8031379840321593	5.39364625871894	13.589117290590371	73.944485516702997	5.429859602429671	15.135906571878399	66.10351698972984	90.360000000000014	83.239999999999995	64.170000000000002	0.027356405168528934	0.054031911432137626
1.26	0.38524029995861592	0.98708583750505441	0.98652733824468031	0.79641667446412345	5.351116055385849	13.565701765119689	74.836858221546152	5.2967746051892171	14.745060649515731	67.269128120663467	90.299999999999997	83.159999999999997	64.200000000000003	0.026974339828333731	0.053724651274203838
1.28	0.22601393309893994	0.98690778521526656	0.98580628391222758	0.78238838276744649	5.3584114233989153	13.221505220503389	73.515815539931708	5.2006651489718347	14.426493146654195	66.704501284283211	90.25	82.590000000000003	64.38000000000001	0.026605479283901758	0.053429056016451482
1.3	0.16893038287818182	0.98654278924588701	0.98480701604021503	0.78386141503383677	5.2372212045127267	13.493561592618061	71.744819747081891	5.2139696614446098	14.550259304411426	65.146353114464233	89.990000000000009	82.860000000000014	64.820000000000007	0.026247665319950902	0.053138587180717768
1.3200000000000001	0.46370115400884454	0.98657376832388288	0.98394157186833819	0.774866182935954	5.0454493932605278	13.234422106415787	71.403041663779263	5.1997333554487719	14.395091107269764	63.724077833127033	89.600000000000009	82.420000000000002	64.519999999999996	0.025901513327484006	0.052848365104166219
1.3400000000000001	0.41628951563264893	0.98645946278346008	0.9842735413584206	0.71297130187696067	4.9782336006743622	13.055347176791756	71.010034639959699	5.2105090934096374	14.345357492837147	64.0952884654927	89.390000000000015	82.11999999999999	64.609999999999985	0.025566223188004489	0.052616540769855003
1.3600000000000001	0.24506430781824998	0.98580174263467502	0.9831418167845184	0.72314658811978272	4.9416606337736386	13.070619165748553	71.559787085723798	5.2090483013088189	14.274640070180752	64.17712892450794	89.299999999999997	82.200000000000017	64.969999999999999	0.025238326966089693	0.052317147042402909
1.3800000000000001	0.15006488996813991	0.9854730123156028	0.98227548854353974	0.72774867038258118	5.0044617186450697	13.260807307332806	71.196128604902668	5.1257990770714041	14.279965720855859	64.040433809652598	89.489999999999981	82.099999999999994	65.099999999999994	0.024918102189761399	0.052054384666641237
1.4000000000000001	0.45982542735162618	0.98507976849552281	0.98232066271294927	0.78312523111367338	4.6787219287530437	12.919741271545178	71.202785337920858	4.981918445154272	14.074573547938252	64.493271919835252	88.829999999999998	81.63000000000001	64.900000000000006	0.024611007285602136	0.051910719428822041
1.4199999999999999	1.3138353929812971	0.98462111884923542	0.98165076676469576	0.77998819168699907	4.85170593915635	12.906968172759537	71.051233969866615	5.0343266535793676	13.975990915559388	63.58619400733177	89.320000000000007	81.599999999999994	64.859999999999999	0.024311631950872811	0.051717431185542929
1.4399999999999999	0.25480816564235681	0.98443502231565494	0.9814745273624037	0.78015244753314283	4.7888954143718241	12.959009686430964	72.464107940143805	4.9817539271936866	14.079886047121366	65.264527742478862	89.149999999999991	81.629999999999995	65.060000000000002	0.024020463974992162	0.051510339610680612
1.46	0.44093921369922257	0.98395416666386593	0.98175512562053036	0.78601982973728768	4.6759684846632537	12.828016383525583	72.777227926287807	4.8766144629364536	13.964349399809317	64.449729305985514	88.77000000000001	81.390000000000001	64.77000000000001	0.023737172549188341	0.051275788462241179
1.48	0.38668383481928192	0.98356091163754455	0.98153640307701351	0.78071928936194657	4.5937342851951755	12.936853442932158	72.465650788089363	4.8222179762990738	13.816453457730457	63.955441392946625	88.570000000000007	81.47999999999999	64.609999999999999	0.023463386081310777	0.051057619898894721
1.5	0.32433697147687324	0.98288794936508972	0.98169141886970002	0.76834310676142148	4.5767307656648439	12.89876766202209	73.156184817382297	4.690414125771186	13.781093606728458	64.40238328999888	88.559999999999988	81.299999999999997	65.02000000000001	0.02319648961327363	0.050838271433194304
1.52	0.52096875600753223	0.98291375591754859	0.98170272097730804	0.77377987113201752	4.5109052656440536	12.739932887836133	72.617002299078791	4.5877185641368179	13.544685486462811	65.206170724279133	88.400000000000006	81.169999999999987	65.310000000000002	0.022936920995434741	0.05063911751542638
1.54	0.43721772413411808	0.98240183090820332	0.98088979137440868	0.77680448997088847	4.4838584427055048	12.687259964197851	69.639839394361417	4.56375904973107	13.307330170659347	62.121527139516914	88.370000000000005	81.199999999999989	64.989999999999995	0.022684544260394339	0.050438208718568599
1.5600000000000001	1.0633639281441907	0.98212285857176729	0.97967419281861245	0.764740769445861	4.4532191201465503	12.671998223597205	70.566040207969408	4.575219810420319	13.347935270548106	61.664383855566633	88.290000000000006	80.999999999999986	65.400000000000006	0.022435273633861986	0.050251539019362523
1.5800000000000001	0.69252587980496372	0.98096745132592655	0.9748078974941311	0.76227122492978017	4.4344005973479019	12.43160588333031	64.866155910430095	4.382584661436665	13.015620048537386	58.406228417088812	88.0	80.109999999999985	64.859999999999999	0.022193104616544845	0.049989527197194503
1.6000000000000001	0.85225335981987471	0.98071892008224104	0.97517825127449009	0.74800143680602005	4.3633401610690292	12.426622472853399	66.948569614921411	4.4231262659275306	12.85437714713866	59.439682742643562	87.810000000000002	80.099999999999994	64.859999999999999	0.021958554902194737	0.04972102033453997
1.6200000000000001	0.69393865605880289	0.97917369049259617	0.97178853849950853	0.72287111234813817	4.2963644557399512	12.297694964466572	64.800337249455495	4.4263745819099327	12.72085444355594	58.081460340597211	87.580000000000013	79.549999999999997	65.109999999999999	0.021728177122883	0.049449096933138155
1.6400000000000001	1.0573295176844884	0.97696546034900178	0.97058860816605641	0.71380744925650685	4.2963429215745901	12.576192747456208	64.48088481440216	4.325016843325967	13.082979419362431	57.697132684264758	87.5	79.289999999999992	65.179999999999993	0.021505005046857435	0.049220175121634457
1.6600000000000001	1.1515756344259294	0.9782405565478216	0.97209530081248852	0.71016779800522811	4.1797727020245192	12.693570211293011	64.234729513235862	4.2236651026629319	12.822581129188915	56.438982057420084	87.039999999999992	79.159999999999997	65.570000000000007	0.021289156277474897	0.049019812049908393
1.6799999999999999	0.49556371702401492	0.9756629867840878	0.9595506827269229	0.6927730375337503	4.0713998576287445	12.526215378728564	64.164526541196636	4.1345157520399045	12.703692686210392	57.232190939827603	86.61999999999999	78.530000000000001	65.030000000000001	0.02107245061053439	0.048694374204938218
1.7	0.91910813250467316	0.97578247431074239	0.96877491340362865	0.72007640624956359	4.0912158462121031	12.537045314643978	61.268386635804362	4.0373758600001493	12.299925152810623	55.636467061328418	86.640000000000001	78.88000000000001	65.819999999999993	0.020869431432681013	0.048489361694591594
1.72	0.88189397412172721	0.97592495407233526	0.96624393010056142	0.68591518286300202	4.1092805667107779	12.435522281118979	60.540490264716766	3.9368775441238406	12.254352511121148	55.900242650516283	86.409999999999997	78.140000000000001	65.070000000000007	0.020669018436375114	0.048147572728975296
1.74	0.91274447091579136	0.96808880830020949	0.95513186652780924	0.68232064609332288	4.1187660038016372	12.039976254824424	57.817379106617793	3.898459187494562	11.885297147413402	53.106636727384242	86.36999999999999	77.559999999999988	64.950000000000003	0.020482368628835599	0.04729446374441236
1.76	0.85051834442141017	0.96853244474849931	0.95614449783184785	0.67998485231351802	4.0521896841403597	12.097168388829397	57.509226694378569	3.8553396336198027	11.862948066110274	52.534289083160346	86.159999999999997	77.879999999999995	64.989999999999995	0.020279118682902702	0.047038910334340975
1.78	1.0226766164518972	0.96305353912340941	0.95410891015940125	0.65845993171315986	3.9485727557124966	11.859671832574026	56.289092315959877	3.8211528635155445	11.787085912063651	52.049066436976446	85.819999999999993	77.210000000000008	64.849999999999994	0.020089667921763598	0.046734440495693599
1.8	1.2992170067923829	0.95937804876635513	0.94711929528924144	0.6246539465641	3.9738989013183499	11.904287588328703	57.133420454062943	3.7961359618896586	11.625763389018134	53.44316169245667	85.809999999999988	76.780000000000001	64.929999999999993	0.019911151130995754	0.046374117961692177
1.8200000000000001	0.77731399424915903	0.96540672300280461	0.93998233315304769	0.6151058466917344	3.9133675219623996	11.992016862381529	53.145462875985423	3.7731715170379565	11.493769475130879	49.687782242211959	85.099999999999994	76.679999999999993	64.549999999999997	0.019730947919639426	0.04603393411068752
1.8400000000000001	1.8710435765871725	0.96531362411151689	0.94320116912698371	0.64315479355762284	3.8985218699755722	11.911924326081145	53.902019070371139	3.6845485701400591	11.535559176044838	48.950741448383909	84.890000000000001	76.319999999999993	64.160000000000011	0.019558660259986059	0.045826045000425655
1.8600000000000001	1.9712095511439047	0.96689700031317805	0.95058611669185722	0.66130430914845051	3.9031735616504557	11.966885366896282	53.302809801306651	3.7477872966266856	11.466586951362007	49.77860596368145	85.070000000000007	76.349999999999994	64.420000000000002	0.019387992257245561	0.045653370287024486
1.8800000000000001	1.6503621439073131	0.96491829557768793	0.93132070534811484	0.63518343144380518	3.7740555881955116	11.810009702635321	50.116050252969963	3.7113120929373786	11.040504206233205	46.200207439795854	84.150000000000006	75.530000000000001	64.260000000000005	0.019217350806726291	0.045463031460716667
1.9000000000000001	1.5547773550081112	0.95785095790555397	0.93128647991837599	0.63091749084684678	3.8998490931049439	11.664090051664807	48.718835114229648	3.7396912963995383	11.01405712243943	44.788436549838863	84.670000000000002	76.030000000000001	64.400000000000006	0.019050819092977397	0.045073283950066309
1.9199999999999999	1.2053813687308388	0.96270997074750375	0.9368801358747294	0.62940144092328809	3.7684449258216106	11.658494539535234	50.274806997806309	3.6071673794922789	11.031924171573777	46.20990421374055	83.990000000000009	75.609999999999999	64.659999999999997	0.018882109927515454	0.044933336840741508
1.9399999999999999	1.6209800324579944	0.95449059242881928	0.92949232873850252	0.61877243534679793	3.7187325273142542	11.776365516207445	51.620126615975622	3.6440468477073154	11.279956748633273	47.166252944561371	83.950000000000003	75.540000000000006	64.219999999999999	0.018693525257348798	0.045031765611221165
1.96	1.526066409992465	0.94562259429032469	0.918553091724853	0.51402817838035264	3.7279839234534551	11.802740725227833	49.788153574980839	3.4989383178986229	11.290124511594225	45.896635373457677	83.969999999999999	75.400000000000006	63.95000000000001	0.018535574155688954	0.044376092880256943
1.98	1.4967374184102715	0.95580835260108166	0.93392045014597014	0.59266753482356094	3.6237524975013771	11.443412337561773	49.107387358972126	3.4803448405138631	10.757272249074315	46.425228052625727	83.27000000000001	74.409999999999997	63.169999999999995	0.018389096432520478	0.0439566057219892
2.0	1.869688767314782	0.94586866253439761	0.91893746385672725	0.50888048838908784	3.673177148733763	11.826393361473389	50.978979134006359	3.5426583693222775	10.970828853089476	48.32800190082655	83.659999999999997	74.410000000000011	63.339999999999989	0.018227097795997453	0.044032971756784695
2.02	1.4805080729918925	0.95261410470965979	0.91044805877640211	0.50267904932284668	3.5896816520951327	11.784296277737431	50.912018768060584	3.4772740806594706	11.02614583645747	49.245403962406257	82.629999999999981	73.600000000000009	62.129999999999995	0.018088509175958521	0.043393382402051081
2.04	2.0467345591973678	0.94401164371254642	0.90691215805002356	0.53668954787885537	3.6730813581127757	11.698505010817913	49.908432024124643	3.5426696260271648	11.328758195353208	47.077585456986142	82.5	73.429999999999993	62.729999999999997	0.017963842784804451	0.043031721687363876
2.0600000000000001	1.8414674891236069	0.93351734338604542	0.88557134589974651	0.49929920585396176	3.6909761378071919	11.856175105522434	49.913760023333495	3.657489832519333	11.071500482236754	47.969794585258114	82.549999999999997	72.900000000000006	62.059999999999988	0.017793903493748129	0.04246389765751328
2.0800000000000001	2.4080877470787891	0.92034135348803725	0.86301177007804064	0.4982882565969004	3.7113535118175562	11.691800618153867	47.358936350191769	3.5888791050768267	11.111065233887754	45.596286483298151	82.340000000000003	73.010000000000005	62.649999999999999	0.017663706191917549	0.042117540156895783
2.1000000000000001	2.4025357276477228	0.92983729870972165	0.87346940627496639	0.47081351982261799	3.6305258753421739	11.942478868712923	51.531862978327958	3.5490392942561373	11.320590179490456	48.234084309335095	81.940000000000012	72.940000000000012	61.729999999999997	0.017519994659145791	0.041561560115825617
2.1200000000000001	1.9803185626879225	0.92089778672078726	0.86625533644054775	0.43940776428154393	3.6344408039141904	11.876856759196908	49.507914926579886	3.4985004434503866	11.330924790353276	49.343844637959251	81.530000000000001	72.5	61.289999999999999	0.017353052232897404	0.04151106022543917
2.1400000000000001	1.9406649018159987	0.92395664543980627	0.86281164211891548	0.45078425049718385	3.575734090673973	11.746683559260703	47.338994149970276	3.5070860459755453	11.126052191352613	44.638701457567798	81.590000000000003	72.080000000000013	62.020000000000003	0.017244793323222755	0.04150936276841112
2.1600000000000001	3.635053698363417	0.92593446301166049	0.86267593077224869	0.44902771473514419	3.6468083032861403	12.243481577325262	49.825564333867838	3.495872836650979	11.624142769700114	45.818239906423059	81.730000000000004	72.539999999999992	61.829999999999998	0.017104646425662277	0.041219884293014764
2.1800000000000002	3.0478974219190125	0.92463025477789862	0.84077423370713655	0.44813691695994712	3.7251049276205146	11.565754211110084	48.930810777430601	3.5082286252761987	10.67207094376079	45.330150733028503	81.469999999999999	71.480000000000004	60.899999999999999	0.017008175718280748	0.041034568136594382
2.2000000000000002	2.6334120978404365	0.87272663924576754	0.81344416966032185	0.34895123363027747	3.6888126211775543	11.496627325703404	48.993415074002556	3.5376331956805096	10.879643366060657	46.432134050649452	80.799999999999997	71.320000000000022	60.420000000000002	0.016879895725657356	0.040197360148131994
2.2200000000000002	2.8593982800744828	0.87948954651259892	0.78259307494807795	0.34666284652983487	3.5406315068622392	11.89759487112793	44.494870383981116	3.3742375693707429	11.42962438141787	43.190216480084025	80.310000000000002	70.570000000000007	60.620000000000005	0.016699474943033608	0.039102320423945847
2.2400000000000002	2.9966227195095079	0.85541524821424453	0.78656232560876649	0.3026295461075576	3.6345311142987127	12.019748835948253	45.194256173941469	3.4650075185447884	11.047986352979434	42.386860049462875	80.659999999999997	71.259999999999991	60.559999999999988	0.016669724147925391	0.040036839076094601
2.2600000000000002	1.5944418331550303	0.8987175242027382	0.8148722948220547	0.39273387713188457	3.5328430647450952	11.892567966760236	46.109845303293255	3.3972752628197389	11.287887888206585	46.297461263790794	80.52000000000001	71.089999999999989	60.710000000000001	0.016518478273752212	0.03982207023675776
2.2800000000000002	3.2470347542460667	0.88284882509217122	0.81575379831603434	0.40336538209412531	3.621666976134823	12.041879488103238	47.708833456754903	3.3620679568856411	11.092829684420469	44.799162669722648	80.250000000000014	70.469999999999999	60.61999999999999	0.016402016190583565	0.039715348393001587
2.3000000000000003	2.6175925027483222	0.88455804931829307	0.77748170609399803	0.42603453397143082	3.5372148381437518	12.287937992347915	44.052401620754054	3.273399213742652	11.517923249532561	40.466381114313997	80.099999999999994	71.060000000000002	61.450000000000003	0.016283373033979941	0.039414394261401774
2.3199999999999998	2.577583363902467	0.85094759419351595	0.78159679175870467	0.33171664166020476	3.6166331242894927	11.79791214021586	46.021902932533408	3.3695080967757756	10.761469652377391	42.601177558774665	80.040000000000006	70.88000000000001	60.870000000000005	0.016150666532476775	0.039099064252316094
2.3399999999999999	2.4578088442461006	0.82177684061385592	0.71382611960554265	0.29809719944085861	3.5854085464413727	12.218657533616669	44.717577938390221	3.397783879965881	11.510182116015883	43.499391342954944	79.510000000000005	70.259999999999991	61.160000000000011	0.01596863434664559	0.039463462618820742
2.3599999999999999	2.3542601103348315	0.88063411359052357	0.78629417913002153	0.35092028879333126	3.6467908294499836	12.508942390496623	47.537265395889818	3.3852114730512826	11.89299198726783	46.978630839405739	79.840000000000003	70.069999999999993	60.609999999999999	0.015971026703346877	0.039358466294097769
2.3799999999999999	2.6238338084388539	0.84382950087782072	0.73278851392322486	0.35777487191898877	3.6248377745903335	12.565894297151464	44.929561400192384	3.3241050693863201	10.971663839655875	41.363377341354585	79.77000000000001	70.450000000000003	61.580000000000005	0.015819435303424466	0.038209622279612457
2.3999999999999999	3.7321179416531751	0.84031829711880124	0.69394776010490977	0.30445499714942015	3.6943990442709	11.996558514736469	45.94320908976583	3.346280821391344	10.861456647616706	42.834977569452391	80.11999999999999	70.870000000000005	61.679999999999993	0.015705177422892829	0.037614756411047084
2.4199999999999999	2.6723706201793576	0.85295669491384385	0.73369354870469194	0.33967192157778847	3.5601367753717041	12.224868044668836	46.19227075261049	3.283747031922414	11.206769735235792	43.28033085917896	78.859999999999999	69.47999999999999	60.110000000000014	0.015642487204301603	0.03806965923450438
2.4399999999999999	2.6113040658692497	0.83536185123199369	0.70287994815762378	0.25452490841344794	3.540590413710242	12.69286567818563	46.677159765351647	3.2755366211329267	11.398080983911992	43.251486815306187	79.47999999999999	69.679999999999993	60.36999999999999	0.015510950290373046	0.037457512633747927
2.46	2.1848446064149347	0.84952093746535096	0.75767388237279976	0.37171079152942499	3.634418381350927	12.263542887247157	46.920349513737897	3.3643691483708507	11.142989623444908	44.872251365827097	79.390000000000015	70.25	61.060000000000002	0.015396271512923517	0.037993528619312059
2.48	3.8247704709747055	0.83778704111160529	0.7524925258094225	0.36020293932455449	3.6417950386265732	12.566613545885641	43.08664203213921	3.3331632472335322	11.722390006128357	40.756116908658122	79.22999999999999	70.27000000000001	60.960000000000001	0.015313727024398571	0.037548564924373661
2.5	2.6938716387250716	0.85255551010060793	0.71710139024302566	0.36671779364826679	3.5243096856567688	12.317645650858477	42.604930376161718	3.18498261001788	11.35202017255887	40.190909266720801	78.740000000000009	69.650000000000006	61.040000000000006	0.01521792456474251	0.03742043502267782
2.52	2.5588551129264512	0.7900543620781314	0.76188844259611832	0.36993018186766802	3.7124244381079485	11.968074237360375	39.170586076285105	3.308754277089669	11.179366398846387	37.568872537962456	78.749999999999986	70.22999999999999	60.850000000000001	0.015100972022407084	0.037335649971920584
2.54	2.2113558091814798	0.77483767223957178	0.63372657377750052	0.21861381789624046	3.6174644182478692	12.678932883651743	46.629158132123642	3.2718669585624802	11.746802071757074	44.631931596227531	78.659999999999997	68.789999999999992	60.299999999999997	0.015005052450476864	0.036062532004259164
2.5600000000000001	3.1685967409552172	0.7812313149573139	0.67891880031916652	0.27749452485867898	3.6213206225751806	12.177861431147797	41.686343376933088	3.333816956325125	11.253944514511144	40.375154412234629	78.289999999999992	69.340000000000003	61.339999999999996	0.014919182915485293	0.035826152211001543
2.5800000000000001	3.4631632659682161	0.76753875218949486	0.6534089818817711	0.28571028931091436	3.6398245371720548	12.259154798038216	38.381016884580639	3.4045259173306137	11.452534571503509	35.966744510346714	79.0	69.189999999999998	61.38000000000001	0.014769054181778724	0.034967801918084254
2.6000000000000001	3.0247923104599193	0.801151422439909	0.6760655538748529	0.31233564155001364	3.6876752818950025	12.096146846342423	41.585019021736223	3.4304665374292975	11.149458522058213	39.41030986310998	78.609999999999999	69.200000000000003	60.5	0.014674638559851554	0.037690163935008972
2.6200000000000001	3.66706069317335	0.78574374185890927	0.67031720685182561	0.31009292023947893	3.721904977980933	12.464507434158159	39.974471239271928	3.4872951596451864	11.130033724498732	37.698000122659344	78.090000000000003	69.36999999999999	60.700000000000003	0.014635832008179268	0.035736124896054738
2.6400000000000001	2.7084437224458777	0.79499877552159692	0.64000046472273131	0.23926573033019599	3.727192294651462	12.181059044879539	46.815741297813858	3.3403142419646059	11.589633933727375	44.744853865600888	78.219999999999999	69.439999999999998	60.330000000000005	0.014492157875483771	0.036968303466617045
2.6600000000000001	2.6337364791960245	0.78365667800983529	0.60398401377680833	0.24933909943419427	3.6622967070068717	12.788766556239013	42.497450520819342	3.3685469177180432	11.774977980516686	42.259340764578454	77.420000000000002	68.689999999999998	59.939999999999998	0.014418522926973504	0.035380758892833299
2.6800000000000002	3.2921536777969402	0.80202422844709242	0.63750314940037567	0.25654077121537833	3.7298985576936987	12.514175457170072	42.424828173302828	3.3247045377324973	11.416632246831222	40.78863153890363	77.679999999999993	69.140000000000015	60.720000000000006	0.014344878390787862	0.03508202572097506
2.7000000000000002	3.3020113177747219	0.7653479331515467	0.63282133941637109	0.24566402168498014	3.7384547597646205	12.70273122706098	46.445938909311053	3.3895932114619369	11.397288865524377	44.350488665104486	78.080000000000013	69.010000000000005	59.760000000000005	0.014270433737664245	0.03475006857247067
2.7200000000000002	3.5354009693895225	0.77793696750049801	0.65579667001535857	0.23320797183105163	3.894153245780605	13.020460973263548	49.808583780428222	3.5942260392564114	11.93719521873007	47.150115196426661	77.710000000000008	69.249999999999986	60.950000000000003	0.014160370978957329	0.036176291971702801
2.7400000000000002	3.47649401402782	0.73654955593120308	0.64145666557108671	0.29829077592019665	3.8202612960303703	13.287782965898995	47.75326217718699	3.3022481516765168	12.199564760806769	45.297006829153403	78.36999999999999	69.700000000000003	60.589999999999996	0.014040180497619289	0.035533751279754611
2.7600000000000002	3.7732169881429289	0.73637474218653953	0.57984388471743897	0.15477997987383196	3.8567029748740005	12.527566824221497	46.052348204935051	3.4321851005653121	11.556801376333176	46.724595909279905	77.420000000000002	67.850000000000009	59.970000000000006	0.01404807819156792	0.034940715198632455
2.7800000000000002	3.4103912698176564	0.72320118033629999	0.63223995845532222	0.2166793264212114	3.885293143033099	13.067466499192212	47.7355810293461	3.4913860070136309	11.872875804157887	44.991939913825831	77.240000000000009	68.5	59.609999999999992	0.013819223018569545	0.034525000762343383
2.8000000000000003	4.792964338884997	0.71815561501391123	0.57879665240592282	0.23332516199894626	3.9060388601703941	12.176136042582854	36.286185001607492	3.4747096812417757	11.382800402802291	35.213687626990904	76.390000000000015	67.330000000000013	59.269999999999996	0.013814767943271935	0.034080911528384099
2.8199999999999998	3.4916111458648977	0.70901443515270401	0.55056170131485316	0.16490284648581569	3.7959855382637206	12.938259553381585	44.470565981136147	3.426188418870594	11.840127618903539	42.540860093249705	77.289999999999992	68.159999999999997	59.660000000000004	0.013710467119111457	0.034051241405487917
2.8399999999999999	3.2839524147825125	0.6831565575665971	0.53461370674023567	0.17984240863435122	3.7701398493916081	12.681340508142066	41.244366895341123	3.3879484946461722	11.621848783920713	40.819109791597398	76.109999999999999	66.75	58.379999999999995	0.013637388022455742	0.034078978365333509
2.8599999999999999	5.4387196635005086	0.71358963162713596	0.62199219902952518	0.17544070979866827	3.8983787869560103	12.740230859727902	36.621105571854265	3.4806154937645153	11.373039804666252	34.764597308537859	75.950000000000003	66.159999999999997	58.230000000000004	0.013594038773687981	0.034964850512319165
2.8799999999999999	3.8228706442269638	0.68718232399894696	0.48789385761461412	0.10878526937776933	3.8386763077921033	12.657823236846557	38.802789900082757	3.3777451911101819	11.48224320705452	38.424006424226675	76.410000000000011	66.879999999999995	59.169999999999995	0.013453399829249441	0.032700107963024375
2.8999999999999999	4.2740880590368917	0.64441094396979626	0.48283059872183348	0.16570538728687675	3.8294032834503158	12.734438658681736	37.761925429419897	3.4139650452816142	11.552892468034608	37.206096005041395	75.929999999999993	66.840000000000003	59.060000000000002	0.013367113974766512	0.031604917781100944
2.9199999999999999	4.2446345397634202	0.67354985911954268	0.47659968403164193	0.11560841868345451	3.7649771538867336	13.422246785561782	41.409843536383839	3.4964358753777973	12.433822523448089	40.013133283856938	75.140000000000001	66.269999999999996	57.429999999999993	0.013368417391575413	0.033020221119231467
2.9399999999999999	3.9623780262626314	0.69413590210011855	0.57901493589287267	0.20067886007487035	4.0583990169081519	12.980428035443126	37.749230428907126	3.5224343390620367	12.235272182044159	36.925722520687074	74.900000000000006	65.659999999999997	57.899999999999999	0.013300076589816698	0.032297086689072309
2.96	4.3797072568467641	0.60375515946207581	0.44790015689721602	0.096914287406955596	3.9257834146772188	12.43066043993284	34.406053251261561	3.590417711446753	11.68275563058079	32.633628481909895	75.330000000000013	65.680000000000007	57.710000000000001	0.013183643997138578	0.031046370147138725
2.98	3.8834291002707877	0.67573872318170736	0.48728954799156299	0.18615794074511732	3.9222259909815671	12.731064280073033	33.143224809780037	3.4758933418054858	11.716261837420173	31.117464763875478	74.399999999999977	65.400000000000006	57.529999999999994	0.013120171643663258	0.031795691369444407
3.0	3.8175063944677206	0.64382429661831064	0.53207723491999392	0.13183478965977288	3.8401221294578773	12.389882677122486	32.789123464737699	3.4006426254371016	11.366594869183889	30.599899739365988	74.0	64.909999999999997	57.070000000000007	0.013064545342544292	0.031075343959442094
3.02	3.6670712199674531	0.67410804611125374	0.463310950661661	0.11680855845769138	3.8685781546466713	12.835601956865625	33.749297864715672	3.5130816837500234	11.870764505062152	33.089704241893251	74.140000000000001	64.519999999999996	57.269999999999996	0.012949930944393159	0.030255859530620016
3.04	3.7087411521170859	0.65985590315588138	0.4968572833994383	0.17851794172294955	3.9625021951066266	12.695219094591334	32.771038934511949	3.4872417835978169	11.440710516056038	31.720943599855691	73.960000000000008	64.700000000000003	56.519999999999996	0.012881067434028993	0.029706588158528474
3.0600000000000001	4.1352705406752346	0.66008741195494747	0.50813959755958482	0.17090630625621958	3.9096854089215811	12.605919343025434	33.590829853722838	3.4828532439332056	11.622095419839466	32.254380557221268	74.420000000000002	64.77000000000001	56.640000000000008	0.012848820458835697	0.02969476548256289
3.0800000000000001	4.1867268844508914	0.6547686819751003	0.50841696020508265	0.12829935630924119	4.0020625649738362	12.504437629148207	32.89261048366545	3.6099152805710517	11.553507756895623	31.486329417762732	73.700000000000017	64.560000000000002	56.850000000000001	0.01275125050220082	0.030293530196406133
3.1000000000000001	5.625107627861464	0.60076613931519718	0.45710998494598626	0.13644283308859118	3.8492530879298372	12.525518999330261	36.938178694707531	3.4589466740762469	11.393069701257319	35.132530529255185	74.090000000000003	65.100000000000009	57.069999999999993	0.012696420032113251	0.028328535642361218
3.1200000000000001	4.6648024672001815	0.61476142882850571	0.42308159666364559	0.13989287760529656	3.8686061501128863	12.646969783031698	33.021774118476813	3.396526428992253	11.311641681179086	31.377862476489714	73.959999999999994	64.719999999999999	57.220000000000006	0.012692836174688216	0.028914428171636818
3.1400000000000001	4.4780973791448542	0.5537486660036266	0.3449100185630235	0.060237129185267371	4.0142945050087864	12.61937818591851	36.380221455223598	3.5868325631364422	11.445983427724304	34.726936322488648	73.870000000000005	64.810000000000002	56.259999999999991	0.012649100477619454	0.029542353027487166
3.1600000000000001	5.2376658691434992	0.60737177350915483	0.40055286657345601	0.06074761946195413	4.0605396118840558	13.277532855048605	37.746934435647432	3.5494494043830143	12.35322929175226	37.942644951220657	73.269999999999996	64.169999999999987	55.460000000000001	0.012566426411236703	0.029325304048829069
3.1800000000000002	4.563900068432436	0.53589951690166593	0.33964491304897937	0.060022612508699516	4.0030764246088442	12.588014418146589	39.264124954778879	3.6313950279682894	12.009934418468545	38.716859341093198	74.730000000000004	65.63000000000001	57.450000000000003	0.012418428017431099	0.02910701940848287
3.2000000000000002	5.1842117208772178	0.61889325765098069	0.4620469092209592	0.15632480785989658	4.0224021719285421	12.906386815530585	33.701657714085663	3.5380613378985806	12.037100702128781	32.737344880281356	73.150000000000006	64.310000000000002	57.049999999999997	0.012378799057831378	0.028119979542115266
3.2200000000000002	4.5085433229094196	0.67524720781275815	0.49649012316299829	0.19967406066717319	4.0318486725579117	12.973776162426237	31.236342016913738	3.5213588148891874	12.454763527301029	30.222241606955784	73.399999999999991	64.290000000000006	57.180000000000007	0.012353348291930756	0.029467569856447141
3.2400000000000002	4.9364365094121556	0.59192195643897882	0.39622221798168467	0.13502448368107853	3.9477353475602017	12.512359847342228	31.424151120697537	3.4467628874678375	11.455023192280034	29.508892683791338	72.959999999999994	63.899999999999999	55.649999999999999	0.012212246343639703	0.0273789237782689
3.2600000000000002	5.8990616861524074	0.56588363231963823	0.3897013444155083	0.099040575948203979	4.1350447655521467	12.657523707782653	31.517106034846439	3.7240316376861271	11.722480864079408	30.441083173071966	73.390000000000001	64.299999999999983	56.519999999999996	0.012187724770157737	0.027131641533679345
3.2800000000000002	4.4178161258749391	0.51394354078467086	0.34111324413590183	0.071718426636278906	4.0250928796998879	12.738501197716392	33.266233536983933	3.4836898497350077	11.490421199589647	32.341492257062406	72.819999999999993	63.269999999999996	55.070000000000007	0.012089176659570875	0.026049710958644771
3.3000000000000003	6.5838094417645348	0.60301860221279202	0.39929937544184418	0.1240192551174929	4.1681604437980191	12.0947707886569	31.486855624950209	3.6963566767425817	11.036610788738084	29.450894836987239	72.47999999999999	63.960000000000001	56.160000000000004	0.012161631125576423	0.028751652827571018
3.3200000000000003	5.3150679825337255	0.57266593788508646	0.35735281538335562	0.097915543209236552	4.1796882828707185	12.636083837254883	28.600562255200202	3.6579706185546002	11.921557624349706	28.03262198473049	72.61999999999999	63.769999999999996	56.270000000000003	0.012027682634858707	0.02818380423818493
3.3399999999999999	5.7663180070456761	0.56625258033868298	0.39594354603946724	0.15061241205457715	4.1443336133149229	12.360072605463669	28.448611863532513	3.6186851919903424	11.343373228149805	27.155598486579418	71.939999999999998	63.289999999999999	55.739999999999995	0.011970471590305976	0.027945980407262483
3.3599999999999999	5.1659103213262947	0.56564914317058046	0.31982869125622942	0.048095576112529771	4.1849121822170652	13.258577900893783	32.710962793588358	3.776875385377866	12.402891456953411	31.98346991029215	72.359999999999999	62.930000000000007	55.109999999999999	0.011919755755587087	0.026252135223459577
3.3799999999999999	5.1122683851036799	0.57208474043670932	0.37164833223565197	0.1194805841830507	3.9032269389873826	12.44031994595615	32.434655929773683	3.4077315541783668	11.389250282472705	30.041356350137619	73.239999999999995	63.600000000000001	55.760000000000005	0.011885302409839048	0.026618491553544767
3.3999999999999999	5.2490210661580177	0.56526421563120677	0.32210481288511783	0.064142225357993465	4.0636842242710021	12.459195995693072	32.5889270553171	3.6492423569135943	11.304611993989724	32.07722390406667	72.789999999999992	63.459999999999994	56.090000000000011	0.011784307126890589	0.02669197074447701
3.4199999999999999	5.0601184074810153	0.52614576016090842	0.32258861222786084	0.076648013320506331	4.1608985231347946	13.123500157903795	30.822980339005102	3.7913222433493927	12.022978729802835	29.408443150497256	71.989999999999995	63.589999999999996	55.850000000000009	0.011720877176947324	0.026323557002001195
3.4399999999999999	5.522454133439358	0.52239805934630146	0.34200276743471891	0.091118077789933805	4.1583984577195032	13.972132872462002	33.336659595602654	3.6252549210791707	13.338709518774271	32.571886073429923	71.819999999999993	62.420000000000002	54.760000000000005	0.011656601909728035	0.025253612152225869
3.46	5.2105121192893025	0.48561787694075542	0.34104169296779563	0.081621669213143205	4.1328533542530206	13.697681859250499	31.702881205704347	3.8630296003715552	12.714864443930237	29.425948864724916	72.219999999999999	62.890000000000001	55.660000000000004	0.011636718935716439	0.026276785811796145
3.48	5.2588818710569445	0.54621488336261237	0.32370233988845976	0.073189741546572221	4.1290726320910691	12.84257173856559	29.09466394324831	3.7345925893824798	11.566131418131352	27.270726026270268	72.22999999999999	62.719999999999992	55.859999999999999	0.011561612515110502	0.025589952770237102
3.5	4.5797484864124742	0.48554855009567433	0.29032612689474846	0.10327296428874133	3.9700568151871485	12.722134890752409	30.674780476613783	3.4589916484515677	11.530407649260809	29.427942201980176	72.090000000000003	62.549999999999997	55.679999999999993	0.011503552420063332	0.025250288880166494
3.52	5.4051965409382214	0.54493085261617114	0.341744046449174	0.088028735514158574	4.1172310347440888	12.922765457658503	31.815818482738841	3.7870052620748687	11.911169691160159	30.543078469591165	71.989999999999995	62.149999999999999	54.230000000000004	0.011460806270350043	0.026167384602124977
3.54	5.0967773577438953	0.46815814040573434	0.24621536054853577	0.085645268645509171	4.3114168617079294	13.275814914447205	33.347292754004258	3.8116432498186024	12.274281005158262	30.913654014305443	72.689999999999998	63.320000000000007	56.270000000000003	0.011372359509214145	0.024594445542771622
3.5600000000000001	4.731287685926965	0.49985133085470934	0.30111257054935409	0.080065086433488086	4.0984495997732857	13.266642092204616	32.679712775381418	3.7065462890029282	12.340194509828962	31.519322113033446	72.540000000000006	62.739999999999995	55.370000000000005	0.01138960982197224	0.025100070571052839
3.5800000000000001	5.9141312691474965	0.48810799587005504	0.31982605122843361	0.066498345843219717	4.1326665422003126	12.774263314230231	31.057805507563206	3.6576252689657593	11.68545370761812	29.513612105252413	71.38000000000001	62.470000000000006	54.75	0.011320003936848583	0.024309636870412172
3.6000000000000001	5.3572492313183755	0.49006600448022875	0.34769347140072571	0.10019909922409849	4.2427663099113717	13.013733995519843	29.573623642310924	3.9212982991633369	12.110430899594801	28.838578609597818	71.629999999999995	62.320000000000007	55.049999999999997	0.011444422265020345	0.028696726288277248
3.6200000000000001	6.1235173526348881	0.43526222621998656	0.2201591521215886	0.04745571989275562	4.3039823414986351	13.190535289876943	32.115649049594545	3.7983661189253466	12.000720883379687	30.467314229982559	71.780000000000001	62.140000000000001	54.95000000000001	0.011167182814451403	0.024100190264848616
3.6400000000000001	6.3255596865832135	0.45998010910041104	0.25956257878321842	0.080869311525471291	4.2523677431669231	13.337245205164825	30.973094905076987	3.7316890053396903	12.197299543184963	30.298376922447904	71.220000000000013	62.219999999999985	55.029999999999994	0.011167256701411577	0.024856453584703016
3.6600000000000001	5.8205879097358411	0.44588730118211017	0.27881642289746178	0.096352555800892123	4.1593898034767998	12.704882263988553	27.085234474833783	3.6953315277329013	11.859749876654114	25.707895236865916	71.179999999999993	61.709999999999994	55.490000000000009	0.011092069296737296	0.02427882798262717
3.6800000000000002	5.1679366453769866	0.48015154383773445	0.32321810335218054	0.11391420583742737	4.3197299865691665	12.788458210149532	27.987534194183915	3.9718254217300197	12.106948890277723	26.835405933576386	70.97999999999999	61.390000000000001	54.100000000000001	0.011081568310905513	0.024671117380745532
3.7000000000000002	5.6520860599040805	0.56500815109836033	0.37382026634004634	0.072506547737764618	4.3719817774532599	13.51984033763911	26.099026914280387	3.8815244272317146	12.640902596407852	25.350760125433666	71.540000000000006	62.049999999999997	56.080000000000005	0.011180361661670992	0.028360205473042233
3.7200000000000002	5.41801028698002	0.5401287070028985	0.38237669831446369	0.14137121945803635	4.5539593454899601	13.91208579765088	50.025940439121364	3.8405159738511214	12.803497765286235	47.586798662102872	72.879999999999995	63.949999999999989	56.840000000000011	0.011139634862657488	0.027418353400283292
3.7400000000000002	5.3297748526475539	0.50016028201712248	0.35699098596945256	0.10575357234410834	4.4616671294664991	13.161324586489618	26.873795962315892	3.9816568094730904	12.037347163433941	25.305598377820605	70.349999999999994	60.760000000000005	54.180000000000007	0.011059463644226908	0.027357351097876993
3.7600000000000002	5.31235406717194	0.50467474492441466	0.2815714372252992	0.13308556161178828	4.2986531435458835	12.815157119478011	26.184075114312993	3.8530750173839081	11.827458139031764	24.688709257218402	70.570000000000007	61.440000000000012	54.63000000000001	0.01085285598522524	0.024072496677801255
3.7800000000000002	5.3002778630441441	0.44508609419421574	0.22402231576886683	0.067412326342075418	4.2904642639230746	13.100560698165982	28.903324848645241	3.9682331563145312	12.426628455710146	27.274349879856779	70.599999999999994	61.269999999999996	54.609999999999999	0.010807661277370244	0.023594028915721901
3.8000000000000003	5.983391987036252	0.46008792944034704	0.28670338965089315	0.086501542545013535	4.3436886842296536	13.211518397840504	26.127566326615089	3.8530184251648771	12.153688719868629	25.714535464105296	69.45999999999998	60.38000000000001	53.689999999999998	0.010772322774348629	0.022432804941610589
3.8200000000000003	6.1467871531373683	0.4115782168831747	0.23992160444873126	0.096200268378081336	4.3322728786035993	12.982550319811747	27.818345841263692	3.9081881696815706	12.386867744569928	26.900707255949413	69.900000000000006	60.75	54.020000000000003	0.010720805511333729	0.022446948363301876
3.8399999999999999	6.2313548367299321	0.4782989719834731	0.27189348022338533	0.082638328322648516	4.3449171056946465	13.682471750445904	28.131661740345368	3.7929503434276803	12.883324503712174	27.107175197926903	69.960000000000008	59.789999999999999	53.38000000000001	0.010680916833031852	0.023258523684074724
3.8599999999999999	5.9465329349959974	0.35175706844944588	0.23464843896869411	0.068662488950920503	4.4810512868291781	13.627551089566708	31.453331704719638	3.9817285945999608	12.694096491032427	30.454569880805003	70.080000000000013	61.649999999999999	54.700000000000003	0.01060078146158577	0.022171541664081133
3.8799999999999999	5.9925046595507885	0.44062165082634497	0.26571513303638672	0.044345473687210868	4.4687245711530643	13.613724949107839	30.46219091470487	4.0035785506762256	12.341940229825447	29.395811687689388	69.440000000000012	60.149999999999999	52.690000000000012	0.010602076641368465	0.021998381308659148
3.8999999999999999	6.0850697471260693	0.41803802971114801	0.19992617733642828	0.032721749247302021	4.3273948880155109	13.538530303373189	28.845584677362478	3.9525274156157786	12.722173456960284	27.721234107318214	70.049999999999997	61.0	53.570000000000007	0.010536376847483269	0.022544660739739968
3.9199999999999999	5.9586844535673578	0.38924379461689085	0.19854110336965597	0.077676181780307121	4.4172500345496726	13.528217078360379	29.231156275789296	3.9845201626872808	12.617747404027911	27.824313073393462	70.0	60.29999999999999	53.629999999999995	0.010479596289446107	0.021901976434035055
3.9399999999999999	6.5920691558676161	0.46804648152560163	0.29178974893170695	0.087219418101297991	4.4039012764543441	13.260441475880109	27.568885882401254	3.8840554679769084	12.29560955995726	27.270481993567767	69.579999999999998	60.440000000000012	53.570000000000007	0.01047039391847638	0.023383196365040954
3.96	7.1577137850293822	0.44003034468812097	0.24966567343481144	0.049559279973241846	4.4179159616502286	13.194094770245149	30.108148534509411	3.8937071026097656	12.300832134370344	28.707630310402578	69.420000000000016	60.700000000000003	53.439999999999998	0.010372650854108306	0.021830109881855232
3.98	5.5708639807205094	0.43275322697011231	0.22146731589508484	0.052261409237752687	4.3826327070465263	13.634466675572995	25.968387403401401	3.8829250508511017	12.648054223842305	24.988310399820232	68.719999999999999	59.479999999999997	52.940000000000012	0.010365043704274053	0.021340653931119332
4.0	6.311378179666626	0.40209822828548203	0.26045195526179499	0.059939988135672861	4.4150390884661235	13.500327440852232	27.237728171681134	3.8949457016441258	12.475003557713146	26.497810831192631	70.299999999999983	61.489999999999995	54.439999999999998	0.010430880793240982	0.024003829792138755
4.0200000000000005	5.7230583218059374	0.37622418374618738	0.17739641859300598	0.033168118818261857	4.4796661205431336	13.455581147267296	27.381663780955602	4.0283791271087805	12.529680721827376	26.200259493229112	68.910000000000011	59.61999999999999	52.709999999999994	0.010239971960578898	0.020753198317400572
4.04	6.4634096323698209	0.42695462511778209	0.2140292639955314	0.067792834497596668	4.3785559464899739	13.210243477411757	27.080499581796403	3.8720771071826805	12.497114919246162	26.13117266538066	69.489999999999995	60.100000000000001	53.720000000000006	0.010240925906018369	0.020885788020803236
4.0600000000000005	7.4013932750248292	0.40875564309579027	0.23777869185048792	0.068131692020314161	4.5781795570172577	13.422110318830812	28.991728692167243	4.1798838957272704	12.964091524773753	27.478551572474135	69.840000000000003	59.699999999999989	52.670000000000002	0.010434888511790714	0.026143467115827806
4.0800000000000001	6.0708421210010801	0.36268487571963576	0.19877472304443936	0.037578647162658727	4.3964890270000385	14.021278350211698	30.159372634202875	3.8368154118275739	13.153441744230699	28.640029536205294	69.789999999999992	60.839999999999996	53.210000000000001	0.01018745354537086	0.021397016605247676
4.0999999999999996	6.7906983960324236	0.34977560814320768	0.19506115816510564	0.078379680529636522	4.4072175717471387	13.681557753071976	29.910640736397276	4.0081754736729751	12.777960841404941	29.036251991668689	69.819999999999979	61.269999999999996	53.799999999999997	0.010237313498089425	0.02270567127008271
4.1200000000000001	6.1948987870356405	0.37710929798774961	0.18796079438145449	0.070026586066199784	4.3658592249246491	13.255058540563223	28.102021391487803	3.8502832623592886	11.982892064145366	26.641729243106177	69.299999999999997	60.390000000000001	53.400000000000013	0.010060430259538081	0.02013285834685704
4.1399999999999997	6.1125269661375388	0.36407433254724614	0.2146010275049505	0.029842252211671538	4.4976589416606751	12.735103526333846	25.243926525994606	4.2109540859275514	11.714812880841498	23.996348780155323	68.950000000000003	59.789999999999999	53.180000000000007	0.010153310311518173	0.022530179208945032
4.1600000000000001	7.017375573140348	0.38347166235549646	0.24310811512620126	0.060666487981457462	4.4862870521665821	13.105663323076538	23.776261884200004	4.2350428752690377	12.26753860265246	22.874947799711627	68.340000000000018	58.950000000000003	53.280000000000008	0.01006750047304911	0.021026800270837382
4.1799999999999997	6.3627798725785585	0.3715962123656551	0.1710460682544804	0.064347322253909545	4.4896696095336015	13.260122788145987	26.367452953060063	4.0560657817706787	12.171336300853364	25.392946670299029	68.899999999999991	59.359999999999999	52.750000000000014	0.0099141528711033673	0.019920933924885212
4.2000000000000002	6.3604005950441067	0.37624955719024306	0.17229609128950124	0.049536477097638039	4.4561034650615152	13.134728699985473	26.480167318966323	3.9396727410544563	12.110895449722797	25.196256380720421	67.859999999999999	59.339999999999996	52.339999999999996	0.0099321077340202898	0.02139509018137481
4.2199999999999998	6.2180671484141685	0.34363421650500436	0.19787571460013062	0.072626457813930539	4.5058579187859866	13.421328043134746	25.665984192573358	3.9769146989480051	12.540889304567724	23.579549496127882	68.680000000000007	59.179999999999993	52.590000000000011	0.0098916146880212632	0.020625823477674946
4.2400000000000002	5.8571184143967683	0.38029708274725571	0.18658546482366081	0.028100317559472943	4.5667728629979489	13.620587160952613	26.597496686450548	4.0429332930776498	12.530459994562875	25.473114094129439	68.75	59.729999999999997	53.529999999999994	0.0099345160245201316	0.022299202828643998
4.2599999999999998	6.8897266193602604	0.34497937244659227	0.17255624958667379	0.045548993722608226	4.619540082862124	13.567331023841396	24.507082422386354	4.2577325088544757	12.42283900779027	23.414133146252247	68.330000000000013	59.429999999999993	52.560000000000002	0.0098257884962328467	0.020111651640453497
4.2800000000000002	6.5929471154381121	0.331020165729358	0.18736052561061634	0.063446694384262745	4.6613365091200034	13.328457108895369	25.33196582778087	4.248387502455893	12.4272395022615	24.324142993862576	68.310000000000002	59.640000000000001	53.069999999999993	0.0099484552203055708	0.023168670793222837
4.2999999999999998	6.1911399242629095	0.31644170851336861	0.16415268610408323	0.047000090894870977	4.42009460167806	13.91442711441727	28.406649520841732	4.0004813977803577	13.101931455438486	27.053970230450602	68.839999999999989	59.349999999999987	51.299999999999997	0.0097493047450900525	0.019546985698826489
4.3200000000000003	6.5240636459415233	0.36420026874398803	0.19790295642002104	0.059360652442623382	4.6372858736194731	13.67386091060219	26.075113123255903	4.1238006505066167	12.658503732051795	24.518450615953064	68.010000000000005	58.779999999999994	52.410000000000004	0.0097240538430940493	0.019953058034658529
4.3399999999999999	6.6796744882220054	0.35363513577450212	0.16029585179829539	0.052446303518266082	4.628806558557967	13.971558163060664	27.377079523308936	4.1417897600021556	12.519699351796127	25.959655164397098	67.490000000000009	58.140000000000001	51.509999999999991	0.009644130733745114	0.019471539777775233
4.3600000000000003	7.6162059134454871	0.35212994773472633	0.17502508682727219	0.068424990167513619	4.5556688631776394	14.367933064572162	31.627483383674353	4.1227958381601955	13.211304435116318	30.034099156057266	69.61999999999999	59.999999999999986	53.279999999999994	0.0096099771537684169	0.019002208363659442
4.3799999999999999	7.4761227293253363	0.35654262966506267	0.16066437372972547	0.050758631984038995	4.6330760568833238	14.085640171234308	27.495011364651099	4.067351207405828	13.084547651322243	27.101306930946684	68.510000000000019	58.980000000000004	52.390000000000001	0.0096536112140413466	0.020003962864721541
4.4000000000000004	6.7838745852520246	0.35630685909723703	0.17545763881730206	0.058353193487634902	4.499078568717314	13.780451848663883	27.130073098705871	3.9689734644112113	12.660392095148518	25.948476779726157	68.620000000000005	59.010000000000005	52.450000000000003	0.0095072772328713834	0.01870925734551105
4.4199999999999999	7.4053897690532562	0.38135989472183707	0.18936083251168384	0.034441882529630832	4.8008991683848405	13.945474523119021	25.039562420630936	4.3715387381238191	12.994722550705475	23.061960627560644	67.299999999999983	57.319999999999993	52.100000000000001	0.0095500999147729027	0.019670291775129422
4.4400000000000004	6.1756085536883525	0.3786779726349162	0.16335816221370339	0.045210082569001379	4.667991751427313	14.070643799315409	26.130158328041752	4.1735212441514493	12.981553855463506	25.540843795519095	67.469999999999999	58.080000000000005	52.11999999999999	0.0095075317740745454	0.019656661528767879
4.46	7.3229815658763302	0.30704660927422323	0.17018384375394591	0.077901962692341314	4.5374619480446077	13.591262478362154	27.175726779270889	4.0421703053433609	12.441228014761846	26.132513580937815	67.77000000000001	58.329999999999998	52.079999999999998	0.0095403222162984223	0.019812569798836874
4.4800000000000004	7.6567782639349087	0.34665805214696854	0.14839230294250788	0.03686984842946385	4.6001305089646092	14.429793826154974	26.606615534900918	4.3104948005902006	13.568264757799577	26.171846461108242	66.900000000000006	57.749999999999986	51.510000000000005	0.0094940490129232537	0.019563842470938266
4.5	7.2142583344178135	0.3397372362093049	0.16724885028415706	0.07507995122045466	4.6852408253501032	13.673708494150407	24.223171292215916	4.1954680415852188	12.577352481455938	22.345095737044979	67.47999999999999	57.810000000000002	51.979999999999997	0.0093747310698388507	0.01878878089163255
4.5200000000000005	7.2275659556268987	0.32558600771258628	0.11966750411146898	0.044044285409794916	4.6078715816260445	13.611369362964249	24.448681817627097	4.3004740826534027	12.966344475847748	23.298678425072044	66.829999999999998	57.559999999999988	52.089999999999996	0.0094263771026266256	0.019376401130392559
4.54	8.3353734902383003	0.31580440545589655	0.12279626712576688	0.034352073385304424	4.7532898278395441	13.509392713700626	25.016769837356051	4.2326707821942673	12.53569972937229	23.654635641841264	67.239999999999995	57.850000000000001	51.689999999999998	0.0093696849178533798	0.018640461489464934
4.5600000000000005	7.4604180471262147	0.2987509484650725	0.11333357844117053	0.024417758181217629	4.6005838403898514	13.886952374864284	26.060420060396588	4.200016149305327	12.643280469151554	24.068400445600588	67.539999999999992	58.160000000000004	51.63000000000001	0.0093211640692704364	0.018338305207992855
4.5800000000000001	7.2631450082199773	0.3322343789098029	0.14692036782697698	0.046428529618360401	4.7304465328928567	14.06737786591772	25.524740949209846	4.3318908610057241	13.332667493936663	25.505315072503095	67.530000000000001	57.789999999999999	52.0	0.0093043260494354262	0.018381068308568758
4.6000000000000005	7.551860152801928	0.33943757797067758	0.13310444525237231	0.0090501623809075386	4.6932467427621747	14.062725193292195	25.015009125293854	4.3103912328266478	13.041834056654718	24.317923220891924	67.049999999999997	57.689999999999998	51.940000000000012	0.0092059508728314903	0.018143697520749381
4.6200000000000001	7.2923450365894249	0.34384379648198488	0.16764955075269874	0.034504384794697897	4.7235705366571636	13.998972759456374	25.666604813945487	4.178732744232442	13.180909292656503	24.24649900707562	66.700000000000017	57.589999999999996	51.090000000000003	0.0092861374766752911	0.0189729159877003
4.6399999999999997	7.4213436393757766	0.30693776318351035	0.17790277087025821	0.05213839639375676	4.7523378160409671	14.066058372577022	26.683316974268642	4.2728930079714589	13.070857247718951	25.994680594234048	66.75	57.410000000000004	51.830000000000005	0.0091418994710704866	0.017384684688091703
4.6600000000000001	7.1448731166870783	0.32275089050297445	0.14241092609861467	0.047706303461253992	4.5987749702036345	14.095892085949833	25.782979618480738	4.239612071385265	13.241833612867548	24.352508520921479	67.309999999999988	58.329999999999998	52.220000000000006	0.0091775117930691982	0.017664941605314878
4.6799999999999997	7.3606865869448379	0.35616574392967948	0.17968913245626758	0.051597047845250918	4.5845640091049349	13.507138576249091	24.098803685171667	4.0978716864225886	12.877270508332476	23.61297224741692	66.840000000000003	57.450000000000003	51.320000000000007	0.0091029745548193639	0.017775316897357035
4.7000000000000002	7.6816324576466055	0.33997653609721545	0.18441974765535751	0.063694523045050272	4.7713765135919468	13.980348657776059	24.491503998264704	4.3128422585081365	12.752518889385097	22.627153292212924	67.150000000000006	57.359999999999992	51.820000000000007	0.0090595596118995397	0.01780525637401708
4.7199999999999998	8.6793602369001785	0.34484412769258543	0.13684858789937909	0.033752042625403392	4.834379189976767	13.77741452861317	24.258934477401112	4.2623542506618222	12.516272234559992	23.747423993435213	66.320000000000007	57.039999999999999	50.839999999999996	0.0089621683943031227	0.016784657819012953
4.7400000000000002	8.2404413312428435	0.26195258552156386	0.096610561053732613	0.036701931112239489	4.7650639526256402	14.025455044480211	24.390991762192463	4.2492460552955373	13.026819736072744	23.392228273856574	65.850000000000009	57.019999999999996	50.959999999999994	0.0090309432338705614	0.017254843710041282
4.7599999999999998	7.0034421431694875	0.29348848870828703	0.14614992019208409	0.058327455967473796	4.7087472113150257	13.824502031236999	25.003809612903918	4.2829198905493326	12.920007696510202	23.792364405045724	66.739999999999995	57.109999999999999	51.230000000000004	0.0090211158443981813	0.017983011013041884
4.7800000000000002	8.5231455033497863	0.30630745710569063	0.15222532040357423	0.035584804715675822	4.7988171403687732	14.470108855635971	25.511092535721481	4.277094799953721	13.168111935682902	24.486508133963689	66.109999999999999	56.799999999999997	51.030000000000001	0.008986191985164196	0.016768621521587822
4.7999999999999998	7.9854855419406157	0.30909269793515676	0.14562003447853303	0.02596295943950807	4.7304331271040372	13.513718514772654	23.486321234952115	4.164886086382154	12.302645504905216	22.400613255563155	66.950000000000003	57.269999999999996	51.779999999999994	0.0089058134827162301	0.017029614019650155
4.8200000000000003	7.3666792651545938	0.30738416644209754	0.12638707038199931	0.047288686068668588	4.9103405995665614	14.003535875041802	24.536531080970843	4.4146586642692629	12.93898043421631	23.21911329466483	65.870000000000005	56.809999999999988	51.160000000000004	0.0088900075617175979	0.017173453884417805
4.8399999999999999	7.8636737586922347	0.26503099154324178	0.11705541403450939	0.025010818434419081	4.8648507706798103	13.560199104174732	23.348943549872651	4.3497484122168641	12.488161586132122	22.287300485056413	66.610000000000014	57.160000000000004	50.57	0.0089350463789525277	0.017990838175286097
4.8600000000000003	7.5392448437664594	0.28579635132422448	0.11545634799546575	0.016362457656693006	4.8627900160610569	13.776582741360196	24.146371242450918	4.3818750512785076	12.562180984046984	23.549704460514906	66.289999999999992	56.960000000000001	51.030000000000001	0.0088004293005875152	0.016821359469829704
4.8799999999999999	7.5921430210920677	0.29881651224453643	0.15081636235980247	0.040390071360626903	4.9005630400586764	13.851177474358403	24.758160994026362	4.4185936416450033	13.367834050800212	23.736026570951875	65.97999999999999	57.759999999999991	50.920000000000002	0.008838808441282861	0.017309517103626441
4.9000000000000004	8.5376776402691039	0.30213731771531827	0.12641508677457247	0.033821393888880377	4.8486665892634333	13.83668943863619	24.564553431756213	4.2485856218488705	13.056091505376287	24.369401327715678	66.050000000000011	57.670000000000002	51.129999999999995	0.0088252750345410424	0.017497632110940731
4.9199999999999999	7.8518176449060615	0.28175867503468882	0.12052428595336499	0.016394868699192492	4.774382390206716	13.397311891836242	24.074584213484219	4.3910155328309024	12.511520723132355	22.664262967515405	65.88000000000001	55.799999999999997	50.290000000000006	0.0087911343762666402	0.016609460840755961
4.9400000000000004	7.0902790123827035	0.29786904177414575	0.1006492418446759	0.040137554354318435	4.7648521248182503	14.527931897237053	28.192157202325063	4.4033096614885698	13.224633835928847	26.702012386734896	67.240000000000009	57.159999999999989	51.189999999999998	0.0087579893303475417	0.017420165199177381
4.96	7.8990604163697942	0.29097859672833354	0.1212129055137767	0.039241133368075047	4.8477912291668126	13.726677445297792	23.757870105539645	4.2670552708380507	12.656545384292972	23.076841850921717	66.239999999999995	56.839999999999996	51.549999999999997	0.0087488018193973786	0.017247025755455461
4.9800000000000004	8.4251795213962239	0.26875380630723156	0.12153461879294332	0.054877269272848209	4.832105647408957	13.48830822540835	22.545785808497833	4.2640830480628686	12.694900928672425	21.859574600063258	65.819999999999993	55.829999999999998	50.980000000000004	0.0087323083973987678	0.016994894478819647
5.0	7.3515589758567703	0.27910960502970061	0.096251688364177718	0.055337092908594912	4.8466963921935307	13.746828839378537	22.968047107575053	4.4637751448680518	13.1046425408156	22.226627032340005	65.959999999999994	56.61999999999999	50.999999999999993	0.008741468888673741	0.017375985985300015
5.0200000000000005	7.7616578528560058	0.30014771729612844	0.10944185234285342	0.022159100333572348	4.8237737698095966	14.061730336389706	23.978319237577498	4.4045296232777051	13.28577381101033	22.941891534491958	65.630000000000024	56.060000000000002	50.829999999999998	0.0086547596547002555	0.017002341218557083
5.04	8.6197931898681315	0.2900330704120121	0.12342594440769801	0.055705613366147155	4.8355054446938919	14.22950038929903	23.809037863941501	4.2870743393603847	13.607418297448138	22.920654598957704	65.690000000000012	55.960000000000001	50.210000000000001	0.0086228815744007203	0.016761675570610937
5.0600000000000005	8.5657929173119296	0.29289941699804217	0.163844096386982	0.055443933333396721	4.6946665916398489	13.987979298880362	23.304690783672946	4.2971580463867358	13.165785923907299	22.215334996764703	65.670000000000016	56.790000000000006	51.350000000000001	0.0086152535773170863	0.016515996145985999
5.0800000000000001	8.2428540238653181	0.29480423134171524	0.12438122142452004	0.053327329967039885	4.921388830204088	14.126436729886001	24.49592102857202	4.4673813397737501	13.228861529082996	23.713231581648131	65.680000000000007	56.510000000000005	50.920000000000002	0.0085681241237481314	0.015847174247328316
5.1000000000000005	8.2545819838978414	0.24346094016563646	0.089798834477411424	0.026376402039775138	4.9413986498696225	14.484622700814366	27.755457253410686	4.5556097822729384	13.99305620565076	26.745900510070197	66.820000000000007	56.759999999999991	50.720000000000006	0.0085148431696202183	0.016133299921343179
5.1200000000000001	8.8039662692847944	0.32627534942480602	0.14145537985383011	0.027244111444565688	4.8596465040388663	14.254271308859945	26.022724091581818	4.3202186562389269	13.047982793526467	24.929128009943291	65.640000000000015	56.0	50.370000000000005	0.008506590723741346	0.016411265078770023
5.1399999999999997	7.5110533124895982	0.31350685212106727	0.13793906630190778	0.043975839310954598	4.858477773201237	13.989450225027577	24.550919365246997	4.2441794707511633	13.071416303156118	23.559911683403282	65.299999999999997	56.149999999999999	50.329999999999998	0.0084614222717649939	0.015807633616291717
5.1600000000000001	8.4416109844759131	0.29372900288078818	0.12422091846891514	0.030955218890746216	4.9030601034496097	14.086255033804241	25.092402256179263	4.430074851352213	13.004064892655483	24.337251640941773	65.570000000000022	56.019999999999996	50.82	0.0083962041252961164	0.01550813682465671
5.1799999999999997	8.2000305924959669	0.26301791934851643	0.091243099698121305	0.029569595887035772	4.9765145075272281	14.756585019052642	26.548503834741485	4.4916741216410241	14.025587380370307	25.727787456734426	66.52000000000001	57.200000000000003	50.839999999999996	0.0084141153020324856	0.016136461785160799
5.2000000000000002	7.5135810886638135	0.2322295069924239	0.081926632024566307	0.036583121229776291	4.837796398363249	13.707277859875967	24.354889085288683	4.3401514554432996	12.465530303444618	23.48592914627536	65.140000000000001	56.779999999999994	50.530000000000001	0.0083809204107125803	0.015930025206650239
5.2199999999999998	9.2158260569398767	0.25975447100632021	0.11235006535073758	0.017657483553533131	4.8955667567242616	13.832049535267618	23.085288171781905	4.5133783152967357	12.9011352983009	21.821126856472887	64.819999999999993	56.100000000000001	49.849999999999994	0.0083617232448257271	0.015829579031978906
5.2400000000000002	8.7255184733202071	0.26728474668904606	0.10993977210830397	0.042570588802130611	4.9995131931333567	14.746964908173897	25.167631456631778	4.6958446659089219	13.602516211324632	23.480940906544713	65.700000000000003	55.220000000000006	49.940000000000005	0.0083592811198440909	0.016160890814177365
5.2599999999999998	9.0756425844440756	0.25349613689089801	0.086693579972114063	0.066332622029635607	5.0921089317343755	14.857244340485995	25.313290716271645	4.531837738624084	14.071157150678255	24.688277681292931	64.849999999999994	55.140000000000008	50.109999999999999	0.0082883881574901085	0.01531387367473162
5.2800000000000002	9.0179198621380774	0.2688077442847609	0.078194858032064635	0.048967310593063848	4.8140444682059895	14.568854391838689	25.552252362650794	4.4464492377460827	13.983238131676885	24.214235491498716	65.330000000000013	55.550000000000011	49.709999999999994	0.0083454933553155294	0.016180425099356431
5.2999999999999998	8.9070416861450976	0.26714952744479481	0.071639119638004595	0.019474318981030907	4.850282884159645	13.956711689989115	24.802951489473728	4.2321803750302598	13.25887116267441	24.308206166594459	64.909999999999997	55.410000000000011	49.339999999999996	0.00831320349853331	0.015471964315654826
5.3200000000000003	10.48352398557204	0.25351675380751421	0.080654050843934608	0.019068938816787361	4.8942028508616557	13.813325351188743	22.88601902065853	4.3314565953879027	12.717285037147434	21.899206787310078	64.859999999999999	55.839999999999996	49.589999999999996	0.0081970448020639037	0.015188946128404674
5.3399999999999999	9.2427791625119582	0.250901099888727	0.057069981027199554	0.032402741693184856	4.9497854912939534	14.177503906016261	25.403623119273558	4.6037137262791052	13.504890815177077	24.303415188105014	65.179999999999993	56.140000000000001	50.459999999999994	0.0082518188579487704	0.015777060449172129
5.3600000000000003	8.5412764990172896	0.2529034881473784	0.093044418448443938	0.023735715882062226	4.9819594070626962	14.396540348608804	23.131351726754378	4.625815637720109	13.294946895053844	22.167741394157439	65.280000000000001	56.089999999999996	49.959999999999994	0.0082471269727105723	0.015490294644063212
5.3799999999999999	9.390916573251225	0.25363494033481826	0.092355697530367431	0.032121828458373754	5.0300321464124202	14.341849549630997	25.237752203313072	4.596529548751513	12.912585707223272	23.803660499258307	65.189999999999998	56.039999999999999	50.070000000000007	0.0081897092694768157	0.015479296463918482
5.4000000000000004	9.7360572003839163	0.25606369442221871	0.11072423179764113	0.034775959251676661	4.8948014586585318	14.364038174785183	24.046359653476525	4.4141034758248061	13.280501680864685	22.846292024603478	64.570000000000007	55.239999999999988	49.280000000000001	0.0081995099426593384	0.015739714718932585
5.4199999999999999	7.9174242621751327	0.26447212024305899	0.10220997465509826	0.033551347959258224	4.9061745533761281	13.732631093311397	24.158774989945584	4.4475038883324398	12.994835245021477	22.798914012783843	64.530000000000001	55.020000000000003	49.940000000000012	0.0081463935763532915	0.01536815263662937
5.4400000000000004	8.944697105285071	0.22157955201919019	0.07283794167173703	0.025589187295254039	4.9216309621146674	14.155214896338652	23.413165182825395	4.4979735243979651	13.108611151230093	21.854110364260436	65.430000000000007	55.700000000000003	51.039999999999999	0.008116358188953305	0.015238078552279165
5.46	9.0625523546093198	0.24032158740025977	0.090082609310267764	0.036025937880839139	4.9099077420604704	14.136024319400178	23.530206553245343	4.5642218479177981	13.080275911689967	22.666395729808027	64.330000000000013	55.200000000000003	49.440000000000005	0.0080886862325073132	0.015521385352846015
5.4800000000000004	8.3816026300888371	0.24261874107543724	0.1003925777822849	0.021389203649093223	5.1057131153519553	14.831780195168628	26.124220676240839	4.7024836243919328	14.101379749325934	24.961354374029504	66.0	56.100000000000001	50.200000000000003	0.008056944714136165	0.014450439756861142
5.5	8.8755553927090691	0.22471180250178283	0.088185398382029476	0.023287667254712593	5.0622402811336951	14.236746235016444	24.234883400053601	4.6926888927332255	13.256198548773998	23.126052059137812	64.460000000000008	55.890000000000008	50.109999999999999	0.0080568548381072906	0.015067840678217759
5.5200000000000005	9.1464847133404401	0.25395234751098195	0.083099446056620369	0.031928193914249677	5.0463978171660155	14.402116899541193	23.413458133901109	4.503396158556046	13.253664149428602	21.562257092311079	65.440000000000012	55.379999999999995	50.389999999999993	0.0080491200694991997	0.014934773989927392
5.54	8.9897259685734845	0.26004675154584039	0.098111473191835455	0.028156924035937069	4.7808874700449904	13.837658394364116	23.256921992085022	4.4403510621840878	12.728878334459125	22.322793951714207	64.47999999999999	55.260000000000005	50.169999999999995	0.0079715703869418213	0.014349701571622232
5.5600000000000005	9.2303731306949111	0.24531056364905574	0.080742705394308917	0.012682391970292944	4.9697468271949052	14.359347092333019	25.219164779608697	4.3910066103566621	13.187605268261228	24.059327724699024	64.75	56.13000000000001	49.859999999999999	0.0079086555827958972	0.01419247634907247
5.5800000000000001	8.3322182319353679	0.26500830126383568	0.087848811647917607	0.030588015698515502	5.0504305371903833	14.22695069388244	22.513171901111669	4.6166639595099621	13.471127377996131	21.498169038946294	64.500000000000014	55.220000000000006	49.839999999999989	0.0080074422732172041	0.015503597761462462
5.6000000000000005	8.3673412063036565	0.19140361752260895	0.062143093709350491	0.012692646867688385	4.9805770669520237	14.474498620732851	22.920902426227446	4.4323817857498424	13.382028185309462	22.224882536297962	64.349999999999994	55.600000000000001	49.810000000000002	0.0079060279096890267	0.014541331259945842
5.6200000000000001	9.3295389828392441	0.25257701601981808	0.094023308845718606	0.027323429475993803	5.0770225386110397	14.741697806345332	23.844638335837779	4.6485664841465688	13.775196752245847	23.139966546642547	64.629999999999995	55.0	49.75	0.0079050325908685375	0.014355456314351511
5.6399999999999997	8.7704143900558851	0.20342387294651493	0.051634903311075245	0.027310221306370293	5.0003678026703593	14.047999801679884	23.548715060460047	4.4168436816757177	12.839344317577797	22.272440763533311	64.200000000000003	54.960000000000015	49.560000000000002	0.0078777077925669906	0.013763065890170572
5.6600000000000001	10.296006770937279	0.26006585029988477	0.090490111044848415	0.023627391263683798	4.8899548157210351	13.736167081679842	22.408536102659717	4.4596235168655394	13.003553441701195	21.267243625736569	63.960000000000001	54.670000000000002	49.089999999999996	0.0078740048734622578	0.014809225591389091
5.6799999999999997	9.4451748956308048	0.25563603659359513	0.072783311231380377	0.010273178651310616	4.9583414720191765	14.013523623105192	23.657432510931784	4.5006521810259823	13.100461657810266	22.251682925153691	64.670000000000002	55.399999999999999	49.410000000000011	0.0078650797771082463	0.014715438310368418
5.7000000000000002	9.7975557545489806	0.22718722166866442	0.080825782417252884	0.025690837448419331	5.1827984870148871	14.334289888191467	23.329392852665357	4.7652903655528167	13.742772114801019	22.161750587458073	64.150000000000006	54.730000000000004	50.07	0.0078444142377154975	0.014627587828952914
5.7199999999999998	8.285496439596896	0.23317356687355262	0.085293852033720627	0.026842235072182613	4.9252927091143901	13.943177729199874	23.915970617466645	4.4833033693682705	12.809361714193198	22.235405994527163	63.920000000000002	55.020000000000003	48.960000000000001	0.007802475844582513	0.014315642321519578
5.7400000000000002	9.0757583346763226	0.22710172324824912	0.073716813034283041	0.011118287568188102	4.9758795401055291	14.477073034704469	24.511741862493221	4.4799431595189025	13.238098758653416	23.300543795735738	64.77000000000001	54.580000000000005	49.559999999999995	0.0077216160769864612	0.013924208814857985
5.7599999999999998	9.9820981461499834	0.20683215759542808	0.067487381606276944	0.01800777648983257	4.9566338677500328	14.443672714507667	24.610411423297499	4.4800815294583582	13.743844768462063	24.542870225237746	63.779999999999994	54.470000000000006	49.280000000000001	0.007761975858374427	0.014232605366091961
5.7800000000000002	8.7747295840973916	0.20114724737584652	0.061773866245208128	0.014820556342617641	5.0880871371492775	14.371159362398666	23.504966176714994	4.6618883833613181	13.544286968791102	22.390620959689265	64.489999999999995	54.189999999999998	48.700000000000003	0.0077228215025149181	0.013914341375455649
5.7999999999999998	8.7971091502541565	0.22719994336262919	0.099825420377118473	0.041593310953698268	4.9858813810701248	14.545016483696205	24.867881247441964	4.602244270118101	13.244546586269456	23.010342424790984	64.200000000000017	54.970000000000006	48.919999999999995	0.0077047364298156156	0.013817601886141718
5.8200000000000003	9.933646526841887	0.22656331071067576	0.080488001980816154	0.022944643775576031	5.0794511493999881	14.1583845439839	23.44241783239573	4.7140035856487739	13.243539298989257	22.521305427479739	64.340000000000003	54.930000000000007	49.869999999999997	0.0076807039995669592	0.013606157828127716
5.8399999999999999	9.3972601773987634	0.20741598195431354	0.067884309649940994	0.013425424979131345	4.9901808017852423	14.39267991389587	23.026403891637965	4.5474600320807985	13.226261399822169	21.921475528718815	63.490000000000009	54.350000000000001	48.980000000000004	0.0076855027349935299	0.013912072373290188
5.8600000000000003	8.9384151392745039	0.20654483714558083	0.075021758480102729	0.026165411821507074	4.9600395905062111	14.683701329834671	24.622123621208122	4.4863797740868474	13.97875545758215	24.045925958290869	63.919999999999995	54.440000000000012	49.039999999999999	0.0076546485062914341	0.013338355455921084
5.8799999999999999	9.4384142530902189	0.23990709234421997	0.10488693054542982	0.036957922194996787	4.9298599392309601	14.441068278927721	23.326355734838586	4.4339059561320955	13.187158270400975	22.356101210813559	63.969999999999992	55.220000000000006	49.549999999999997	0.007602150484396929	0.0138096457362125
5.9000000000000004	9.4097474050015855	0.23598478451926752	0.070507710544752661	0.030028422498464703	5.124360676449224	14.108923742700773	22.259778779207686	4.6115653136878434	13.241983480946203	21.022524814317112	63.430000000000007	53.939999999999998	49.090000000000003	0.0076036040066763538	0.01372603567916425
5.9199999999999999	9.4029524106874867	0.20874696299580445	0.059519369845069406	0.029566175032950871	5.1817457370322941	14.745843974398039	24.53847986791282	4.8233979337183452	13.562388559962864	22.617825920218188	63.519999999999996	54.530000000000008	48.680000000000007	0.0075823490884453105	0.013381248347556402
5.9400000000000004	11.198859299361903	0.18165634109554879	0.075400866847546183	0.033546040423434412	5.0197812332138882	14.369906709509015	23.556591886702257	4.6479702117926385	13.300179756109028	22.159895255519448	63.789999999999999	54.989999999999995	49.120000000000005	0.0075239846072078344	0.012963895123685065
5.96	9.6336526125309963	0.2091883932258812	0.0603676527512629	0.019237476253845746	5.0721396170429758	14.599954287298143	23.245647489746137	4.656309230642222	13.800815794244233	22.939138930028996	63.410000000000004	53.910000000000004	48.859999999999999	0.0075516869581679011	0.01292093835474451
5.9800000000000004	9.6838552843313455	0.22970732723958848	0.070441437217043018	0.011479904468078495	5.0865785476308973	14.386033738234968	23.692628632657385	4.6259917460912279	13.353484406167379	23.129351985317975	63.109999999999999	54.220000000000006	48.989999999999995	0.0075409986243924424	0.013723418943542986
6.0	9.4925929798481494	0.19079504478354126	0.077760250252897636	0.044591359903503089	5.0361490608474044	14.320698953556754	24.063361984978911	4.5119512801315684	13.365977368470164	22.584237268533492	63.179999999999993	54.560000000000002	48.649999999999999	0.0074812443602128211	0.01267365290402
