f	stdf
1.003038767954894	0.1031947444466088
0.71336485328364463	0.1031734597879551
0.55351211067013018	0.10318522209109639
0.45218699147290786	0.10323052741637793
0.38222127098549835	0.10330969578252674
0.33101104507994411	0.10340627830529416
0.29192315713284428	0.10340364602390298
0.26112556906054224	0.10321106301489558
0.23624742622765232	0.10274959842265791
0.21572957735350617	0.10214818143861693
0.19852529900268071	0.1013468837939962
0.18389130272934823	0.10042299158937093
0.17129770804435129	0.099383121868891991
0.1603479636550364	0.098289344946231233
0.15073794029655654	0.097120044381609427
0.14223768775174137	0.095925499835236017
0.13466101518258886	0.094725807828428932
0.12786929839786795	0.093513012155149233
0.12175211640385479	0.092282771833432836
0.11621463599014209	0.09106767021535464
0.11117176897200594	0.089860094286678127
0.10655801579078783	0.088690598896183734
0.10232119178184917	0.087571428626920522
0.098418001504058564	0.086487045219138567
0.094814080651302507	0.085436988156298535
0.09147445623179129	0.084419332406420161
0.088372260177510126	0.083423877252410947
0.085480365579733875	0.082467500910058014
0.082778164624963235	0.081562180687487648
0.080250363650585396	0.080701798381488443
0.077877628267254723	0.079872952520290141
0.075646055922233224	0.079075060775558786
0.073542294712316603	0.078306119991446696
0.07155643495474405	0.077567859706376197
0.069679124267499393	0.076860735864670612
0.067901750984891082	0.076165581170193411
0.066218740663053291	0.075477845639919258
0.064622274244738265	0.074808233288106304
0.06310570620886119	0.074157052386084624
0.06166314967380325	0.073528571014805921
0.060285951127590207	0.072918003837206882
0.05897111473668383	0.072324565504331181
0.057714341063759493	0.071738644754093334
0.056512421179724784	0.071168219314025172
0.055360528003126006	0.07061487768838999
0.054257252796634715	0.070075829955719898
0.053199964563410265	0.069549930285212364
0.052185833370833025	0.069040313231623462
0.0512120673241655	0.068542693412925418
0.050278701045614736	0.068062021551089216
0.049380398111000604	0.067596043516670853
0.048515144591529676	0.067143813280600498
0.047681244573662344	0.066701150748188096
0.046879222786694111	0.066267453814375599
0.046106561222784316	0.065847087543875082
0.045360410454854574	0.065428494942545337
0.044639798319051294	0.065014384250512827
0.043942095352828406	0.06460661788765569
0.04326674428997232	0.064204184554248506
0.042612378577757244	0.063811759822448633
0.041977664995813589	0.063430268224535721
0.041362432612610404	0.063059976469944587
0.040765364372445732	0.062696230353187526
0.040185104304082758	0.06232688902543522
0.039622419162322883	0.061965540359084748
0.03907665886747972	0.061611193718680519
0.038546288895639519	0.061269026089777162
0.038032053863109538	0.060933226832097599
0.037532391527802855	0.060603829039199926
0.037047234264104945	0.060286794707154319
0.036575924007570405	0.059982566732864499
0.036117820694595175	0.059690198392857635
0.035669432371284816	0.059402452801712899
0.035231428478780177	0.05911189505925496
0.03480348803086792	0.058817427546786892
0.034385927012920037	0.058529358433308865
0.033981095976039974	0.05824816409442321
0.033586256239264659	0.05797100122113872
0.033199617624758829	0.05769302690362553
0.032822723736286939	0.057430948507605474
0.032453866249236872	0.057184101658831324
0.032093126250030295	0.05696007659894544
0.031739679362766698	0.056732821545096325
0.031393113650919319	0.05649453577767418
0.03105594567969883	0.056248840712969289
0.030730938764255526	0.056001590945864245
0.030419188520773438	0.055751919343002512
0.030112002669747711	0.055493601422224176
0.029810987505254124	0.055224140753915858
0.029514989622836572	0.054943762168301394
0.029225642367635706	0.054665134443772967
0.028942878843116589	0.05439140758042333
0.0286654054220216	0.054112133704109992
0.028394728872919127	0.053814973834924451
0.028132207769188206	0.053478011325884076
0.027871984838846214	0.053084993745814102
0.027601444211052508	0.052757504516282749
0.02734076212880842	0.052495051759498271
0.027081996599944133	0.052238303492433129
0.026833987682625592	0.052009983942838095
0.026594505902095313	0.051796686434029876
0.026363442057553092	0.051582211720867036
0.026132221126845188	0.051370647822125234
0.025904861831611298	0.051146677921224702
0.025679887272429328	0.050920672092314517
0.025457870315599491	0.050706881416134907
0.025246999052714388	0.050499325244329055
0.025039338108097397	0.050295706621791621
0.024831520655396958	0.050086290152655359
0.024618141629986341	0.049791818233371532
0.024413089627131748	0.049575521209191141
0.024224511305207513	0.049627731963099338
0.024032429636254123	0.04943707782778297
0.0238398174939706	0.04926073730126225
0.023644788627802605	0.049104632830169831
0.02345054532511574	0.048944066102003081
0.023253319691451217	0.048736395366390135
0.023050880180158481	0.048708435625097239
0.022824302575964458	0.048474884123613865
0.022634971372276241	0.048147696093252618
0.022455459729237154	0.047981687125072246
0.022286284340893261	0.047816158795143587
0.02212678710348312	0.047426625102154382
0.021942905386450356	0.047447678192782845
0.021777897194535732	0.047183259565748051
0.021648006391923432	0.046810690651321769
0.021463108549333164	0.046750709436515867
0.021336835527122209	0.046187461127781076
0.021185789516732542	0.045932236261299948
0.021051666282147628	0.045582525431656751
0.020912489029522346	0.045328391848233618
0.020763757868545375	0.045068762259576317
0.020650556304976093	0.04484732502615995
0.020680631321544612	0.044231682097603829
0.020478157789224703	0.044046126065013444
0.020453543852047951	0.043519316099372374
0.020290436373546137	0.04379003569153686
0.020043928447303822	0.044243216037987511
0.019903282902546508	0.044161842380216275
0.019788288949062469	0.043979361401304068
0.019827486176854897	0.042731499905928574
0.019654038605789112	0.041371482621991619
0.01948457102463368	0.043254124469736768
0.019458855223367051	0.042211895919642139
0.019502047220308127	0.042160786780458787
0.019261782374485038	0.039418261781109049
0.019117221330768614	0.041390250980159998
0.019284166109098094	0.040019096768514208
0.018778534305163071	0.04125062665994398
0.018855980293243504	0.038851166033467784
0.018709798716239082	0.039866237695565312
0.018626534355450874	0.040015361499802359
0.018509442100049612	0.040669485674053249
0.01856175098147669	0.038491667422907543
0.018371856222803819	0.040058524843976963
0.018215148876789336	0.038633267850945577
0.018224825649765436	0.037657622954953777
0.018127236994423649	0.038768592272231818
0.018050245680970269	0.038997895977681232
0.017704106396792291	0.036972183592532154
0.017763791044372295	0.037589042709203255
0.017627223706689784	0.037357960041793668
0.017574500359852203	0.037242664999491894
0.017664648195300302	0.036954297675275291
0.017467803186557378	0.036867430017901229
0.017405839227380752	0.037054468023440791
0.017169408735298788	0.035505382275442469
0.017361969926615591	0.035136998756798099
0.017096313972827966	0.034691095958944304
0.017069879243591785	0.038510921658880828
0.017017382950457949	0.036602162172613528
0.017017105192672119	0.033636940053461767
0.01691384969045381	0.033896792532279028
0.016700401259930966	0.035374290608072616
0.016465822320065233	0.032856694628341072
0.016687458352296083	0.034511332785587982
0.016464294781419416	0.033767845177074519
0.016485741275167134	0.036958921653685702
0.016322991520955839	0.033913840635623881
0.016364189984562443	0.033904355083545341
0.016351033191818701	0.032255600352496784
0.016058340188342336	0.032129907646570602
0.016174636524119389	0.036541847896438419
0.016042430871020918	0.035253932345321988
0.015854182533191451	0.035032856748965543
0.015845031209488665	0.037582683662730862
0.015845091027808563	0.031365080704474642
0.015743049662168281	0.033368830161567976
0.015374767527092537	0.032759309332543916
0.015651995194161373	0.035601816899620768
0.015532051123706613	0.03546070447021539
0.015464666849099178	0.032711345159459469
0.015402924083250056	0.029791973690319867
0.015415981251638169	0.035616602007781238
0.015122990730561094	0.032425367393539455
0.015324846512044231	0.032207677543577652
0.015240116153817823	0.034812079809625564
0.014916577176642631	0.031734837367184028
0.014747274298912665	0.031138924132322259
0.014790675240487956	0.027795720740940971
0.014854552177723449	0.0323601106970842
1.0009576980401313	0.10197975493519827
0.71159285065116862	0.10206590828440627
0.5519003134912307	0.10220596772992747
0.45066776811585441	0.10239908926776935
0.380758753604999	0.10263893531800006
0.32959068528697494	0.10284094041988351
0.29054686899553234	0.10272382958714193
0.25976991161354224	0.10243615887302772
0.23488637905011592	0.10208583859657035
0.21436441675704782	0.10168293128328053
0.19717579513703487	0.10114554134238554
0.18257559920939037	0.10050047432655385
0.17003952683662765	0.099634527805550918
0.15914784243923208	0.098681401493841747
0.14959186373243494	0.097703665017829622
0.14114420514254566	0.096695222956888913
0.13362633596294668	0.095682967962752011
0.12689167838807969	0.094671330643147367
0.1208200240156506	0.093665768232553445
0.11532236500938745	0.092662658249604152
0.11031701342572538	0.091673628465052934
0.10574330034901504	0.090659208868504704
0.10154455822597515	0.089671168183343058
0.097680807089153221	0.088713608233671415
0.09410858330907057	0.087763743633631291
0.090799590144175088	0.086828368831578642
0.087725812507814735	0.085920345721380104
0.084861975237087189	0.08503384165903824
0.082187418362492368	0.084180099359649707
0.079680000666316406	0.083333944945388455
0.07732620111752897	0.082503966806819984
0.07511477761040164	0.081695475993941377
0.073035473719696403	0.080915479763328205
0.071077845948852747	0.080158544377885096
0.06922703329961101	0.079416030171744062
0.067474941111369202	0.078699064365812033
0.065814442013485838	0.078008591177278014
0.06424012750737397	0.077338654877243382
0.062741933706976782	0.076685165634720567
0.061313117472454007	0.076047844840528234
0.059948053388502814	0.075420809385619486
0.058644922986536244	0.074812087487945295
0.057400279587236952	0.074218133906764669
0.056209764835737593	0.073640361094635232
0.055067788169335101	0.073072611112059802
0.053970922551482441	0.072524878743831261
0.052919357637562212	0.071987614957319354
0.051909573197444617	0.071452945358060654
0.05093873862666471	0.070934396641627734
0.050005545109904202	0.070427086503130495
0.049106822883495528	0.069934002759044545
0.048242201395466734	0.069444429553979878
0.047408301712224925	0.068963334120454522
0.046603560023819539	0.068485041614171002
0.045825093097839373	0.068017277877330237
0.045073056555058062	0.067559508854717384
0.044344822233534448	0.067107728949135498
0.043640056882362215	0.066668108350606631
0.042957543032404968	0.066235725149132452
0.042297601671941021	0.065813485102313274
0.041658357655746762	0.065403208256891734
0.041036964182071811	0.064999681874256185
0.040434590541291962	0.064599624611991299
0.0398500569529441	0.064204097642615088
0.039281987022607573	0.063820013717427765
0.038730111399402564	0.063446685883914652
0.03819438553408739	0.06307388140946521
0.037674627587144252	0.062709990339199162
0.037169685535491409	0.062357937398092061
0.036678612823059981	0.062017287464710198
0.036201487719103267	0.06168584888385404
0.035738683868089524	0.061360529754010303
0.03529041961051408	0.061037800319464972
0.034855366450609056	0.06071515999910447
0.034432069145429636	0.060400544179341674
0.034019247480831995	0.060091854041052432
0.033616523840011729	0.059788664939737758
0.03322245282949713	0.059489270422816383
0.032838001890843731	0.059197514029956586
0.032462781379164952	0.05890882354704248
0.032096854931327898	0.058629260296519568
0.031740728896859173	0.058362042853560711
0.031393883403927847	0.058104183780176386
0.031054801129244743	0.057854239566521783
0.030722826309471159	0.057609496611289383
0.030397984327739672	0.057372772731697969
0.030081016457242971	0.057148181210135783
0.029771273443669807	0.056934041672761691
0.029469301271331867	0.056741190752364043
0.029174730919039667	0.056573379631333805
0.028886282243160595	0.056409967271170279
0.02860438214381571	0.05625921586966829
0.028327735481635013	0.05611111801531915
0.02805891841426815	0.055974199836060251
0.027796228542416316	0.055846339937039878
0.027541734380829092	0.055736079555990518
0.02729667894691274	0.055632363092575778
0.027061273829891597	0.055529976461911379
0.026828789258382491	0.055393635148854051
0.026598712427264942	0.055277962925249266
0.026369682141849069	0.055151191828072751
0.026142692636011565	0.055012669159403657
0.025918882392635696	0.054869767313001888
0.025697621255630701	0.05473385267619358
0.025481401669623965	0.054614341759077624
0.02527054308205353	0.054506582405320476
0.025065443099596706	0.054416697285997954
0.024865352626762888	0.05434738142441755
0.024669979513216197	0.0542847413758243
0.024478704649514852	0.054221162975432301
0.024292493710118403	0.054180503473204397
0.024109686004544457	0.054146260217225031
0.023930663646967231	0.054104513823326046
0.023754274254903941	0.054057640631435297
0.023580351805565405	0.053999568304873444
0.023410237414567176	0.053946493427299125
0.023243898199292026	0.053895111943336974
0.023079852848310337	0.053845950916390307
0.022917811580439075	0.053806055348809841
0.022757177261272837	0.053773422707657795
0.022598821313790849	0.053749523396496357
0.022443319949898607	0.053732035430110299
0.022289669769111189	0.053707441887156947
0.022138482449926954	0.053676649907081528
0.021988625115685216	0.053636336553340214
0.021839987517834118	0.053588566282193238
0.021692893390367871	0.053528101266969198
0.021548462962852673	0.053465280692530003
0.021405995198299662	0.053401601400850957
0.021265385943298624	0.053330606779962576
0.021127160322547908	0.053254854582969871
0.020991414522228469	0.053178525876755985
0.020857481388420612	0.053100298606912823
0.020725561130320407	0.053017879468426697
0.020595886047636371	0.052932339219046297
0.020467046845562501	0.052839508384791706
0.020340256553599709	0.052747157213665463
0.020215585317035427	0.052655990350734976
0.020092078161833268	0.052547949837549339
0.019969835557664562	0.052432160413016939
0.019848629188963015	0.052310245574923572
0.019729602497748612	0.052189246176992596
0.019612627011055504	0.052065710693197188
0.019496091876752317	0.051938735855068752
0.01938060645588861	0.051812596221601351
0.019266315383905171	0.051685314888857775
0.019152903919996953	0.051553139775895387
0.01903983394163045	0.051413082089127191
0.018927427147782217	0.051268067315935605
0.018816460055267398	0.051125630626446462
0.018707162332592644	0.0509884902079328
0.018599995611484774	0.050860288160502878
0.018494318363071572	0.050732493830516305
0.018390748362315079	0.050612791622937039
0.018288965468065448	0.050495827931447475
0.01818439273507939	0.050341685397316108
0.018083529136205635	0.050198928596425642
0.017889471768191108	0.046976691690245528
0.01789536611943204	0.050009186075273784
0.017769330133947776	0.04956596320992087
0.017618510554769137	0.047643905223785914
0.017562834820973223	0.045897027485096838
0.017452797744344582	0.04532516676454558
0.017331791862523125	0.045614972240410043
0.017303210011086846	0.04747781373571297
0.017225073796317221	0.046912682854370294
0.017121516720443607	0.04607642539957723
0.017048876273257817	0.045586656345804763
0.016984591463618155	0.045287476480664439
0.016899797860261748	0.045711940690555855
0.016813301786876424	0.045913906255936887
0.016756429564430984	0.045624559100867747
0.016711003656667542	0.045654231651261361
0.01657469776976166	0.044750766384811333
0.016509773527346346	0.04553894096533144
0.016431065596489981	0.044612532080686239
0.016341586939297294	0.043722906795545788
0.016313982785900412	0.04518997786782783
0.016143101903604011	0.043814188909793716
0.016134123699134879	0.044717879968332881
0.016033003291706101	0.043952851975761285
0.015980161346555936	0.043987564922443961
0.015967404022115758	0.046606394610918173
0.015818725613725999	0.04308801591022255
0.015752932107408513	0.04481114852596392
0.015748734498772062	0.045554832597939687
0.015640286590595253	0.045144912933845684
0.015470589342767127	0.042172568879682376
0.015461915410458224	0.04462181919140918
0.01538824838692582	0.044117366444118539
0.015272785956364394	0.042941689508919856
0.015316258893757413	0.042932623424411669
0.015210512396434388	0.045057195582811155
0.015165269565954053	0.0448380659159138
0.015122589035092397	0.045252123458727103
0.015084268189414114	0.045787076546499265
0.014949430574161862	0.044192543089530828
0.014922383558700411	0.044889827334637124
0.014873850895186381	0.044269730452304507
0.014712126071798426	0.041596201165738499
0.014709287694931366	0.042937855381634679
0.99980111232130875	0.099541910465708233
0.71071823101682063	0.099614437018526097
0.55117276404208748	0.099714176232459845
0.4500272581953309	0.099840846759597285
0.38017432361496178	0.099979841881431455
0.32904511120650703	0.10001203278729023
0.2900019566840018	0.099937588904498442
0.25921205799462782	0.099771567595526467
0.23432708060678675	0.099411654156065649
0.21381245994665035	0.098875772260529807
0.19661889285654444	0.09822546579239215
0.18200079485288462	0.097503326864777667
0.16942808056008585	0.096657170061243719
0.1585025827799699	0.095730978943427192
0.1489117396225427	0.094766490615837778
0.14043243337778313	0.093782009574394865
0.13288094239150103	0.092804458777845766
0.12611590719954766	0.091812835831357673
0.12001801965931588	0.090806861234424052
0.11449424509547944	0.089800282997259215
0.10946187057980063	0.088830802035560846
0.10486473868089491	0.087887319448585952
0.10064919343449082	0.086957795776781185
0.096770049810192257	0.086041700710856789
0.093183403989317362	0.085165462558391636
0.08986427035056678	0.084304352177465389
0.086784679143653468	0.083473779476057913
0.083916688017442675	0.082668851630780651
0.081239893750448974	0.081881020350879311
0.078739012067725683	0.081113112841014939
0.076394306372676565	0.080354489380089489
0.074190502773767653	0.079623209248256416
0.072114401367862346	0.078907863825513264
0.070159101812518485	0.078212236764356999
0.068314161901576617	0.077526605579219268
0.066570140654736806	0.076848800250866114
0.064918111292265976	0.076191371044149386
0.063349409236935633	0.075547912279355686
0.061859268031888313	0.074926763989801692
0.060440048662914247	0.074323102858637607
0.05908805207471924	0.073740389729924319
0.057797094581472946	0.073174801557896615
0.056563993369115266	0.072624706241787185
0.055384226754186985	0.072088669098687552
0.054254552303587757	0.071562240525790688
0.053174499048822002	0.071049798433913874
0.052142027279863341	0.070544255248683657
0.051150742241520365	0.07003959241208435
0.050197956304853929	0.069550196471912337
0.04928272681607257	0.06908088468619214
0.048401886345428594	0.06862916953413313
0.047554809859042209	0.068189020153510402
0.046741413231981693	0.067738398000723093
0.045957635044255894	0.067285711458612979
0.045201522411566442	0.066839986522538863
0.044471232576170409	0.066398534565574763
0.043764517212974169	0.065966245245406938
0.043079432190825301	0.06554192635816726
0.042416328239641171	0.065127115025151006
0.041773943417092098	0.064702828484037939
0.041153249125356152	0.064289468639527142
0.040550730736736935	0.063884456140853071
0.039966101035153016	0.063495519703590672
0.039399046757249548	0.063121760042983352
0.03885056891577051	0.062755306318626344
0.038318635786268172	0.062404135494480026
0.037801431026737178	0.062064375200973097
0.037300375682154219	0.061731333025740735
0.036813464545853693	0.061406010010398075
0.036340216824787948	0.061087125268853314
0.035879356351973639	0.060784321941355218
0.035430067372881693	0.060495961218400694
0.034992840220672332	0.060225410131296633
0.034567124008726781	0.059965006253349218
0.034151408806311095	0.059703562463055408
0.033746044639559686	0.059441385732416877
0.033350647858242911	0.059187295539056044
0.032966146330590605	0.058941417210758483
0.032590192375156479	0.058703527179040087
0.032223256129411709	0.058467651658008886
0.031863947299722327	0.058228743036248157
0.031514057346397679	0.057998522401328349
0.031171437695857177	0.057770276992802759
0.030836063526517063	0.057537285536843591
0.030507097336948959	0.057303055975390413
0.030185016261858391	0.05707413071838318
0.029870484218025409	0.056842991948974964
0.029562919171967766	0.056615554500225845
0.029261603507971582	0.056393328994338437
0.028966528712978543	0.056178732093374852
0.028677929339686471	0.055968866947734938
0.028395231650739445	0.055761946815541572
0.028117719212504957	0.055563940518639061
0.027844680641779924	0.05537853168520307
0.027576755872478396	0.055200634107754706
0.027312864548782727	0.05503094367942804
0.027054098050703777	0.054866962781658514
0.026800730386759446	0.054706166354851302
0.026552572286644094	0.054545010778020257
0.026309346357252544	0.054385123130791108
0.026070825912161519	0.054228785843117425
0.025837368928519702	0.054075465740988919
0.02560930558610609	0.053927347637062577
0.025386282227158781	0.053787977131582065
0.025168662931785817	0.053652613846101968
0.02495493865742604	0.053517997546104742
0.024744988881730365	0.053381739593303494
0.024539067661454691	0.053243615003891187
0.024336577372235033	0.053104655872164098
0.024137884920144796	0.052962379602921647
0.023942696439450552	0.052819488346004626
0.023750356534157063	0.052672127427855348
0.023560868080309133	0.052518430238801185
0.023374377324078602	0.052359292441812283
0.023191061776270998	0.052202124322309182
0.023011167326460472	0.052049458817649663
0.022835218312317176	0.051899512527762627
0.02266272490444457	0.051753317435480631
0.022492717523682516	0.051611381544870619
0.022325354258148848	0.05147357805861022
0.022160464099664285	0.051335915255763885
0.021998282872271041	0.051197153878560026
0.021839118040524099	0.051058180488492859
0.021682882070917599	0.05091965299634317
0.021529988139188903	0.050782159337791594
0.02138044099617379	0.050649109900667684
0.0212341903085741	0.050521923118066962
0.021091159578345706	0.050401402718011426
0.020951716413339292	0.050290692820459663
0.020814672112836774	0.050172137791126822
0.020682900761283152	0.050062463494730133
0.02054973460539283	0.049963433704483529
0.020421961057765142	0.049874302525215797
0.020299655488829803	0.049793736272836495
0.020179076983982792	0.04970876766925407
0.020058924147480575	0.049621753005728408
0.019940172298132844	0.049528334137609917
0.01982194102506326	0.049429715620700941
0.019704663360302646	0.04932788412200946
0.019588672638071548	0.049222777038482886
0.019474110870273623	0.049111296253996156
0.019360858593088812	0.04899183397342733
0.019249521769601704	0.048871400575437859
0.019139204982601892	0.048746918167580013
0.019030171871631717	0.04861823300573051
0.018922645813108905	0.048483861575235231
0.018816865801961142	0.048345393277751253
0.018708401651765766	0.048173274283104466
0.018600286346662203	0.047977558570279147
0.018489974966783018	0.047744128076740465
0.018380948950677212	0.047425270128665417
0.018289298157986487	0.047135632173511757
0.018195051377771342	0.046546732542805905
0.018102797773508598	0.046077636593695473
0.018010744425816363	0.045874804249743592
0.017916609441603212	0.045708965714871617
0.017823113856651203	0.045552132788974659
0.017726166071155243	0.045396061452932956
0.017633427218576029	0.045266372851608859
0.01754357314738756	0.045181121866802829
0.017454341104792114	0.045118073426551518
0.017362986046631421	0.045007225624726872
0.017279001071239985	0.044856836931136616
0.017194308295461626	0.044687003039391757
0.017109825206707917	0.044524643218426647
0.017026823156511342	0.04436576019576155
0.016944371647329738	0.044205787209660535
0.0168616027541524	0.044053271733160974
0.016778664941074106	0.043900442427827743
0.016694490434186356	0.043748051175090917
0.016608276217644703	0.043857111353347272
0.016537426799895762	0.043736409008485702
0.016472702152265775	0.043686445353590522
0.016385698928657946	0.04338074505948155
0.016306789850834259	0.043145548019198142
0.016238888600799091	0.042989744271752048
0.016155396370246756	0.042637693753834451
0.016084942672277565	0.042344405784647897
0.01601939115578125	0.042143350913918368
0.015953550815067694	0.042232849257099692
0.015885403568480321	0.042226761705199206
0.01581847714262399	0.042208135769736609
0.015761079009456884	0.042195285008175674
0.015682238580981743	0.042090262593101696
0.015601574695331216	0.041753472742751617
0.015552682268443821	0.041800503886017512
0.015484097387507488	0.041671762395380028
0.015418298578990261	0.041602454073310216
0.015307450191804333	0.040027241579139269
0.015281593014459811	0.041504959536475448
0.015207549841981003	0.041356025616356352
0.015156034418776844	0.041353317688799136
0.015083618750939564	0.041060931881104455
0.015028591200747277	0.041004248033474758
0.014964211933669837	0.04063176113746355
0.014897964553913177	0.04070271622483964
0.014832429887530345	0.040120609731509549
0.014764212162679336	0.039698034421322512
0.014685180426653179	0.037855260186867835
0.014679203789277196	0.039607733032170744
0.0146225782530333	0.039817643181126836
1.0008088763569758	0.10136774877266758
0.71198197830649701	0.10131368780636142
0.55258524632364692	0.10129150718843695
0.45154044268469828	0.10130010618186891
0.38176138902171997	0.10133790501445981
0.33068079444108089	0.1013834822733987
0.29167434385161944	0.10132482857714936
0.26092015784232109	0.10113014719139721
0.23606248493426413	0.10077245349012849
0.21558164175729752	0.10013699065411766
0.19841090734286887	0.099339966942733213
0.18380265664550269	0.098510481458358959
0.17123148281426451	0.097594117805325509
0.16030529592477882	0.096570988909607705
0.15071921471052496	0.095453842498004426
0.14223901689194293	0.094322949590356836
0.13468906446643755	0.093149419323699245
0.12792021310486001	0.092012936082974381
0.12181917384678428	0.090915817836901003
0.11628690875153114	0.089835925461585073
0.11125268997457416	0.088764501122959596
0.10665167578729873	0.087725514947939801
0.10242926133767513	0.086712338521357193
0.098544243882008317	0.085722197366295008
0.094955195633586925	0.084755539781633832
0.091630307648319989	0.083818269129549025
0.088540631417834109	0.08289523262793265
0.085664708955744878	0.08200290229949006
0.082979479333233713	0.081138139408372278
0.080464640426022513	0.080289676067472115
0.078104999073494219	0.079461656320704691
0.075887105097218299	0.078656422151075378
0.073798464228754426	0.077882606714861566
0.07182428276336629	0.077128886658698118
0.069958661477988016	0.076415274687821499
0.068193942134319285	0.075726752488018412
0.066521662649520155	0.075057294406589439
0.064930659490899281	0.074389810924512967
0.06341448262272241	0.073744650761194852
0.061967191133825893	0.073112787260640258
0.060588394463835599	0.072491435297657836
0.059273081840132011	0.071888142387218856
0.058015974125839746	0.071308527246422573
0.056812096232699588	0.07074605091063689
0.055658085154044155	0.070199674330064799
0.054551342370036851	0.069663674461694344
0.053488333782210316	0.06914133848237039
0.052467849209356029	0.068632852016586643
0.051487565835656154	0.068135538174943222
0.050544649064829014	0.067645211598449939
0.04963647612400509	0.067156177122233124
0.048761288930270867	0.066669359918405002
0.047917807154972653	0.06619488833119519
0.04710338928560559	0.065728519895854376
0.046315544493812352	0.065272896011708187
0.045553596203904763	0.064831235639651277
0.044817085056379893	0.064400138370573123
0.044104816327136205	0.063974781715377196
0.043415868732800261	0.063558006932372638
0.042748786648591705	0.063152147290421082
0.042102679183989994	0.062757119580035561
0.041475368392077251	0.062375616101366965
0.04086681433805963	0.06200961718360877
0.040276815482841843	0.061661824974444751
0.039704585383449155	0.061323746098291457
0.039148083825397959	0.060998174142079691
0.038609882227758394	0.060689289953639494
0.038090033607115985	0.060393852101850228
0.037585516710919378	0.060114296450716635
0.037095557130104526	0.05984580282845043
0.036621034089804883	0.059599790115351534
0.036163059777561651	0.059371521195189396
0.035719609047268286	0.059165516689151681
0.035289813549551963	0.058981665053388643
0.034871579903995323	0.058814360990455568
0.034462834904521372	0.058661375024520332
0.034062310209825621	0.058519153109487618
0.03367426746898862	0.058394715744363196
0.033297272192325138	0.058274013849941207
0.032927512849982722	0.058131244631531596
0.032566213138052406	0.05798307891900932
0.032213266948440636	0.057833412389749678
0.031867167408754268	0.057680776475479478
0.031531427175492704	0.057534995903253158
0.031210316230063307	0.057418169316737086
0.030898705298446457	0.057285726938206799
0.030592766151077776	0.057146858000251127
0.030296327611270456	0.057023226547231382
0.030010988026863309	0.056941327459836016
0.029734639502274951	0.056872798418477102
0.029465672373693279	0.056811081144118272
0.029202253682010598	0.056752316036748539
0.028940183478947553	0.056686997473551604
0.028681044996061698	0.056621065561543858
0.028424633233694742	0.056544773339998709
0.028174652765687348	0.056468241645338008
0.027931106045165188	0.056410577306580049
0.027691141225901106	0.056351182232810638
0.027458334872344843	0.056319474646863904
0.027235887961949323	0.056329411606667872
0.027019294563486555	0.056334074581471723
0.026805131623908018	0.056295310983494627
0.026591620307116447	0.056240518716389236
0.026380708385792595	0.056211823627728932
0.026173309120123868	0.056205709553789292
0.025967024183166345	0.056171312864420855
0.025763000396002739	0.056100377640847895
0.025567761738505571	0.056075487160105138
0.025376732717878502	0.056061710884410393
0.025189619272754586	0.056046639825193756
0.025006285455956307	0.056037639179339203
0.024825349550050127	0.056021693087189593
0.024648404128947837	0.056004628874216707
0.02447490319557593	0.055988998986970281
0.024305351627243611	0.055967389272219455
0.024139521806962116	0.055927888376882409
0.023978136918633871	0.055891160263492279
0.023818850031384124	0.055861299087800513
0.023661697044363477	0.055841484325181448
0.023508457531327596	0.055826988900233146
0.023358295440990346	0.055808213595542229
0.023209634300673961	0.055777220953351171
0.023061795546069949	0.055744808987630318
0.022912464042116193	0.055705568293273423
0.022761983248608664	0.055664906965875414
0.022611188295824532	0.055628788636268474
0.022470605457220537	0.055538481686423405
0.022318610659361433	0.055482413020264167
0.022190212278009974	0.05545557507646523
0.02204523891463471	0.055351288002979233
0.021926860583521494	0.055360102680400036
0.021780836175733818	0.055170901514791176
0.02166870778076882	0.055195012079919822
0.021552121199954696	0.054971389224377838
0.021425365313122599	0.054775602448199415
0.021284431093181424	0.054103487192370389
0.021174399768406623	0.054230414222963527
0.021035453254068026	0.053128830525173774
0.020905204098382549	0.052919508522446507
0.020773333830984883	0.052723468574607225
0.020648307266172668	0.052569732810846037
0.020527900325842299	0.052383344654988145
0.020437704294132837	0.052448444547348129
0.020317520727246175	0.052199650136266873
0.020196079144737027	0.051822549166407383
0.020073614006574449	0.051487528167732395
0.019989422952078229	0.051667962780980424
0.019879447059083667	0.051569981005239476
0.01978778505111849	0.051695354334006689
0.019694935222305043	0.051823325489012077
0.019590058677521997	0.051682512509096806
0.019502689732591508	0.051725439543352701
0.019404343564814793	0.051642403152467924
0.019307781170066058	0.051308778010064532
0.01920544289993863	0.05096753579434448
0.019121115170724682	0.051268150034288827
0.01900070683083243	0.050385925873971026
0.018818611850280192	0.049007146271654922
0.018760031494093374	0.049334509636743719
0.018636703103659072	0.048614372393958889
0.018562502014363283	0.048616105426216645
0.01847955667837798	0.048651423111923442
0.018399765371280231	0.048808409295871491
0.018360346362668166	0.049403364032457049
0.018199206187667617	0.048041675582048082
0.018049868018442525	0.04743706106423904
0.018162723483551961	0.049896086440549499
0.017818365042216216	0.043294615454383394
0.018021398653296612	0.049900074691792723
0.017916053455108674	0.049540804173235017
0.017887084817910116	0.049584318888033101
0.017466320928256601	0.042717923263281513
0.017659008245900262	0.047984141287322361
0.017572485875001077	0.0476769560199558
0.017501280842620582	0.048149118540382903
0.017069208467663827	0.040478485603160301
0.017133403955056987	0.042154973308505185
0.017258310482130994	0.047179013859810971
0.017278554653770199	0.048948122404572872
0.017063883134716479	0.045999286561614297
0.017159738045916022	0.048667286189800034
0.01663563115895348	0.039139422828996302
0.016646560599282892	0.040259199987069887
0.016817309804924054	0.045779783898646523
0.016835244705397812	0.048323110613587635
0.016657893001539234	0.045327946405572229
0.016436369820362652	0.041873372897281665
0.016575692278127177	0.047176323309861448
0.016553149782048665	0.04746986796796334
0.016530559682631615	0.048245920226083185
0.01613486307645853	0.040506561630106686
0.016249993625450959	0.044319158106493978
0.016443556380651897	0.049334952355224268
0.016336040123547325	0.049169019824136365
0.01622696801415258	0.048847968339114409
0.016206584221466432	0.047686417454553487
0.016264224923440321	0.050919110702765176
0.016142141910728412	0.050310258058078837
0.015565609759316951	0.037364551771294198
0.015556759756204717	0.040057321112128119
0.015608830310502185	0.042420912188279404
0.99886784431520603	0.098180864946434104
0.71013098395778018	0.098253345915771687
0.55080574130854487	0.098356097654703961
0.44982388654921551	0.098489547341981468
0.38010312698773929	0.098653232269404048
0.32907959978206919	0.098821927215513861
0.29014101941266285	0.098839339544697438
0.25945767757787269	0.098724281023303204
0.23467491534613275	0.0983897765003936
0.21424737334335792	0.097809004119931348
0.19712862337913878	0.097089468340362389
0.18258525833340622	0.096154856426096988
0.17007627204539416	0.095139095776733157
0.15920432048777935	0.094081070733680716
0.14966664063307536	0.093001444555191951
0.14123402510922295	0.091919582228800548
0.1337239824608675	0.090827164404484587
0.12699758454503429	0.08975160561393529
0.12093769827806596	0.088678775637613005
0.1154439065124517	0.087603399224051415
0.11043981311002886	0.086573781842782277
0.10586261628187282	0.085595665189217768
0.10166066405782308	0.0846588210073842
0.097792776922368346	0.08372889207566836
0.094216698843188909	0.082820631879401196
0.090900677294494067	0.081939766758072033
0.087822304335270107	0.081086421428645028
0.084956561458043381	0.080274878158742
0.082279432597095872	0.079501266750103008
0.079773728635437469	0.078767720060596874
0.077423191620068277	0.078075545600818863
0.07521442535087991	0.077396978239229669
0.073134483877199841	0.076740526677350762
0.071172041685557269	0.076106880531471369
0.069318631595882627	0.075482336816693252
0.067567246745696793	0.074873907350131094
0.065907848137876424	0.074278894214010502
0.06432930973122078	0.073692683278052298
0.062827931454207703	0.073118545697639203
0.061399651445939139	0.072566960739436817
0.060038167900530286	0.072029656668503986
0.058739739402655505	0.071496161992552834
0.057499500208398939	0.070979602907280226
0.056312978682672807	0.070476451124567116
0.055177161066980653	0.069984698336334597
0.054086865836097203	0.069507897372493035
0.053039344939175948	0.069047601415305082
0.052034787449795943	0.068596614409820345
0.051070155097565587	0.068163220432615315
0.050143395822263202	0.06774592115320914
0.049252539965336933	0.067328384342124833
0.048392063001958703	0.066910559675025114
0.047562543658276744	0.06650167938076397
0.046762817353306618	0.066107370761987069
0.045991575954592946	0.065718745999179484
0.045248978386875784	0.065334715916470734
0.044534979787186492	0.064958384437647995
0.043845509977206029	0.064584050912061347
0.043178576814871965	0.064209181169760904
0.042534616157293849	0.063834085803412988
0.0419093107583908	0.06346253686042333
0.041303380131933153	0.063104196202787816
0.040715879238709972	0.06275805723947972
0.040145822874238006	0.062423386509580535
0.039592785362106364	0.062095779781043574
0.039057173773615964	0.061777929230803136
0.038538063425723822	0.061467966429160859
0.038032412617242217	0.061167454887090682
0.037540294058950208	0.060864595976824275
0.037060681193745421	0.060564046665171324
0.036593346844783395	0.060266571021644892
0.036137014247761126	0.05997148520881302
0.035692501811129887	0.059682896302550914
0.035260087953288229	0.059401015423009261
0.034839912278725904	0.059127779693857033
0.034432022921476485	0.058853733318283988
0.034034950878178545	0.058585154282174395
0.033648588995651013	0.058322742220347737
0.033271830956434538	0.058064340546982569
0.032903595313957396	0.057794389178909639
0.032545748761671142	0.0575226170939271
0.032195053086419061	0.057242603644743435
0.031851784428649041	0.056966452188640521
0.03151670793181216	0.05669262541531786
0.031189856780110957	0.056418450420657726
0.030870703452478061	0.05614800424943206
0.030559551452947649	0.055880708256761315
0.030255572150622634	0.055617653835627674
0.029958624449128002	0.055365447785452972
0.029666923154119666	0.055117253883925438
0.029379760942031645	0.054867374124265379
0.029098320686775096	0.05461143956161818
0.028823320541738619	0.054353850739060072
0.028551174847448058	0.054096933908412158
0.028283693056363964	0.053835976538939921
0.028021344835726908	0.053582709351860484
0.02776244144681481	0.053344830064085642
0.027507452952585373	0.053119940520440292
0.027255370557677929	0.052908181563474231
0.027007183023290342	0.052694005693788661
0.026764657400057418	0.052499682236389476
0.026526881467431634	0.05231809814363271
0.026285729748706702	0.052105989072344462
0.026054420836064261	0.051903891497357302
0.025829956811180898	0.051712319824409159
0.025618930283291198	0.051546083103269226
0.025414469649748396	0.051385253466901606
0.025212324810213887	0.051212069350581431
0.02501111528725862	0.051029390678616331
0.024813869519573626	0.050849861382525993
0.024623107099810214	0.05068108808351731
0.024436354092166879	0.05052447782836697
0.024250078580588003	0.050374560097813145
0.02406528669452223	0.050222153450608591
0.0238833928342192	0.050063978816987841
0.02370153527009224	0.049895981055756974
0.023520461632681709	0.04974314942947497
0.023344941587756188	0.049610121896689015
0.023174558527456035	0.04946530328338837
0.023008114851224393	0.049334588361963777
0.022849852072142053	0.049203835275592328
0.022697385438941783	0.049117299613933858
0.02254338048203847	0.049022235510897835
0.022390383553427269	0.048931955208598631
0.022229143760745886	0.048772399647428188
0.022080854130546786	0.048703519139548616
0.021947086265994231	0.048651931580105473
0.021808197325661943	0.048595898957536139
0.021666455908324899	0.04853868995100806
0.021523519463246127	0.048495961261930703
0.021382748801088598	0.04839506902182155
0.02124627497862288	0.048172625326791577
0.021114707650211711	0.048012492623165086
0.020987513672831585	0.047626459298204582
0.020862607275571637	0.04780451602315576
0.020744828906960045	0.047723614895541229
0.020617606559845222	0.047590930473094088
0.020480572862977185	0.047126964500294299
0.020359570745230187	0.046905801161067975
0.020242146236847912	0.046749027143964894
0.020126281796679406	0.046601911144355211
0.0200114385720437	0.046458248478943663
0.019897269930534492	0.04632570321811421
0.019782207277821286	0.046175533255673196
0.019661968840268586	0.046029667163893222
0.019549640133189463	0.045875008385225742
0.019442125405137047	0.045536541327533167
0.019345632778045782	0.045257939290227193
0.019243015018562262	0.044997493636530578
0.019138025845657339	0.04472026104884827
0.019033705987206738	0.044427283257532452
0.018927637779858775	0.044129133145208541
0.018826699033897873	0.043891404727194341
0.01872954186079066	0.043661825592697656
0.018631704274356127	0.043413132301846978
0.01853324043886136	0.043192983899008046
0.018430281872956533	0.042904860526613818
0.018337671906202276	0.042760226346011281
0.018244396946779304	0.042595599722881371
0.018146415709534486	0.042404070971590206
0.018049383161194889	0.042298570681539652
0.017987574698100469	0.041465087741377027
0.017899690213772603	0.041374844801040422
0.017723788800570704	0.04041934799932069
0.017667105399517425	0.041467258057681228
0.017527473525479009	0.04099937924045733
0.017409542009170005	0.039817644573748812
0.0174898689656727	0.040873328397830339
0.017341818899068391	0.039393823399270722
0.017328423123937793	0.040465698859050089
0.017130328534677403	0.039700220303365029
0.017045109064202854	0.039887908091640417
0.016959963127182526	0.040027668626647007
0.016871864992893459	0.039231382339148003
0.016701048058440436	0.038172020149438338
0.016540387366367162	0.034631734522348759
0.016691869417588927	0.03894081269277052
0.016496969898512119	0.036985245249550082
0.016395021581499938	0.033251410959034659
0.016605533329671185	0.04025794745076635
0.016323635787715181	0.038197174397780892
0.016338171225511032	0.036784247333014303
0.016171948594680602	0.033952772160110285
0.016075991386767973	0.036357372181629932
0.015989921514288921	0.034067527144964464
0.016017799147883319	0.036016178885344002
0.015964343952444282	0.03728467266652058
0.015808321798964364	0.036552040740789785
0.015498543324105683	0.032214653776707312
0.015724560784007937	0.034513359434702247
0.015588773408798129	0.035490716738035416
0.015904196817487982	0.040901722308877911
0.015354641425270942	0.031360271392948759
0.015509871447242356	0.037007545704592679
0.015281586512520193	0.031257771437108291
0.015619768726198965	0.041204320146111334
0.015099975675309633	0.030345833667424056
0.014927179810021252	0.030833686718619052
0.014940545044289995	0.029325076160166063
0.015392734277411396	0.041412379107830827
0.014944357501092164	0.029794507355619851
0.99914882292417706	0.10355220716653864
0.71067666829467269	0.10361158936356864
0.55148055922520123	0.10370859805114627
0.45056670079135336	0.10384371726105222
0.38088112052129147	0.10401721009202969
0.32987452975146969	0.10420514870373231
0.29095062936112265	0.10426265277061755
0.26029494457481755	0.10410309448240619
0.23555164095685674	0.10369142086720029
0.21514690700900535	0.10314867334820114
0.19803593969260683	0.10247430051079119
0.18348582393001414	0.10163181416042888
0.17095378201514785	0.10068876486533222
0.16004882921001792	0.099725551223829631
0.15047880885941708	0.098700658296452637
0.14201414560987893	0.097594303721816031
0.13447660305678988	0.096444530568236264
0.12772200845845988	0.095249619441868799
0.12163117932053988	0.09405633434735447
0.1161114246078583	0.092909651628088091
0.11108804226325214	0.091814024148498069
0.10649325326818289	0.090764406690139188
0.10227062779707465	0.089761210085325324
0.098384415377922835	0.08878029718859079
0.09479623275924462	0.087830384191058153
0.091472019368931651	0.086902276697806452
0.088382001659274831	0.086017957928340855
0.085504965661616264	0.085157272220450053
0.082819698508795031	0.084327936637733997
0.080307021164917641	0.083523160816845896
0.077951255380960788	0.082740107501574942
0.075734947983133447	0.081979588375779899
0.073648871867311269	0.081243834381020896
0.071680983591195263	0.080525916935205097
0.069822902940476703	0.079822708672199774
0.068066514911709716	0.079120436028426055
0.066401619825892932	0.078441926007646476
0.064822401203019825	0.0777843216351949
0.063320427017983905	0.077144932062387928
0.061890304411650908	0.076524612076891069
0.060528697425540422	0.075920132636690396
0.059226729775857544	0.07531182700738219
0.057984965924697381	0.074714618933243077
0.056798436816679669	0.074129591593330768
0.055661695266197415	0.073556992087811107
0.054571048456186134	0.072990680445020203
0.05352450665250276	0.072433805089509001
0.052519818173408589	0.071897694115760677
0.051553588638753207	0.07137691481023721
0.050624130612741333	0.070870726604767981
0.049731204469765228	0.070379312252945858
0.048875860346463511	0.069903583629096419
0.048048261529509348	0.06942904235873408
0.047248821023051182	0.068952938580729248
0.046477297656034762	0.068483901027959801
0.045731366199786405	0.068024614181213888
0.045008626419407081	0.067570575515368644
0.04430841295767389	0.067121904643356933
0.043630301555427596	0.066685051438107587
0.042974586295018713	0.066260914219209835
0.042339520083878396	0.065847724402413946
0.041721834310784245	0.065438017956320399
0.041121617191921207	0.065038286264208572
0.04053953690853359	0.064647002639753481
0.039972427785143705	0.064259670691279441
0.039421256957672741	0.063880235140416991
0.038889894819676252	0.0635086767628016
0.038374908790124708	0.063148795927155388
0.037875939179265516	0.06279938108812072
0.037390439165989262	0.062457105153160872
0.036919777064522832	0.06211980102726395
0.036462212838482097	0.061791953930570284
0.036016270375422904	0.061470919340825728
0.035581212157906952	0.061152752185320645
0.035157590288112585	0.06084238660454766
0.034744485759903812	0.060539405633989858
0.034340962383064777	0.060240933514547693
0.033946891465076047	0.059942231034982869
0.033561291980709736	0.059641496787513744
0.033183292140242369	0.059332458876546833
0.032813033478240383	0.059020712507517038
0.032450053828587129	0.058709180260116636
0.032094587297391362	0.058397972743870777
0.031747041139648574	0.058089000203462138
0.03140813598786512	0.057783338522942221
0.03107669072332718	0.057479965533692341
0.030752042773902744	0.057180210502710736
0.030434072693984442	0.056881407252747845
0.030123005052035023	0.056584709707832699
0.029818245799059583	0.056290152263350039
0.029519753987948802	0.055999328436322986
0.029227234859232135	0.055712661728228731
0.02894057550125791	0.055429029258660931
0.028659492852840786	0.055149376421817005
0.028383726055307392	0.054869748337361197
0.028113236549621803	0.054594334784761674
0.027848072146162469	0.054326575893817404
0.027588609479179651	0.054060417829437581
0.027335854368088577	0.053798234434946628
0.02708989332466526	0.053540663265479654
0.026849307219314895	0.053277535523619128
0.026614207376587835	0.053003044679294314
0.026383168334868586	0.052667904220619947
0.026154187101450545	0.052185249075002327
0.025943642301006514	0.051932420749464567
0.025725724513835826	0.051684107362825589
0.025488298785493513	0.051504187982698311
0.025262123704148168	0.051269895139663325
0.025060319728397583	0.05104854804100966
0.024846366511533886	0.053297240293980454
0.024653303474165226	0.053395952248597216
0.024460614661021028	0.053459071094010532
0.024272066324039044	0.053494543189932436
0.024087606999819003	0.053520248107617956
0.023907686181430025	0.053529961510233315
0.023730884494926583	0.053525491211443274
0.023557540950991857	0.053518797766937895
0.023388507349198243	0.05350354495375112
0.023223176768664477	0.053482421038714742
0.023061157276516382	0.053439964395860594
0.022902371298263311	0.053375527245780333
0.022745344261998836	0.053305996860694184
0.022590866353363694	0.053246383607412226
0.022438833322727825	0.053187625176520953
0.02228785580174892	0.053131874205974615
0.022138761311290459	0.05308123452137703
0.021992019088489384	0.053027985186240502
0.021847881634405319	0.052970888971876816
0.021706156220575208	0.052911287164660092
0.021566848244466044	0.052851167564347865
0.021430113610020726	0.052800081047680178
0.021295728930339906	0.05274825906350579
0.021163879122939499	0.052695279884380247
0.021034434678566374	0.052637791524612003
0.020906701939331668	0.052587697835491519
0.020780838284796765	0.052547725061283204
0.020657000971214649	0.052515299732969561
0.020534579755396135	0.052484450977069302
0.020414136323654838	0.052449627004662859
0.020295787424484631	0.052411299791900443
0.020179118940367953	0.052367861310060548
0.02006441377320926	0.052331125980636342
0.019952153385352309	0.052317995341154541
0.019842840188596354	0.052329969658176087
0.0197349452657972	0.052343566729109892
0.019628690966369086	0.052355500294269518
0.019524083302986443	0.052373948521245647
0.019420387192993736	0.052376122290887839
0.019316235044470324	0.052338115181789227
0.019211030391616219	0.052272932660395038
0.019106355113249904	0.052191519572519128
0.019002751254747732	0.05210496805213969
0.018900417990272339	0.052010248331708711
0.018799525711272289	0.05191111399773117
0.018699837057257262	0.05181131677552351
0.018600924711270291	0.0517070977108035
0.01850289197388711	0.051600268023399926
0.018405273143313111	0.051487391813784887
0.018307684620801949	0.051329949148603171
0.018211964230269086	0.051217913609770495
0.018117055275538033	0.051047481854447962
0.018022101524988982	0.050791425840781737
0.017928755020019879	0.050523653919106126
0.01783776108339304	0.050435588240006005
0.017747317084668236	0.05033021190178967
0.017646831138131657	0.04985285328805858
0.017568787743736169	0.049346232894848033
0.017487134731606312	0.048135709941594648
0.017404844450960938	0.048833559277887281
0.017316367192283109	0.048003827695963626
0.017260211734056327	0.04684938309315987
0.016977381836914461	0.034702781004675255
0.017056995617433564	0.039517512112698071
0.016976287174617029	0.048291318602459755
0.016920070594609735	0.044454726661657132
0.01684588963154636	0.046946196236078153
0.016749033817672312	0.04611475751923054
0.01667482087446738	0.045249663718990502
0.016612235855906547	0.043492812997538245
0.016510013420617066	0.043948697987010753
0.016403573046838975	0.041036546205262481
0.016386369605864474	0.044277890756355014
0.016315933255352317	0.043693872707698353
0.016229551326212115	0.044710953377437912
0.016183606637827815	0.044105040658879512
0.016057588362608167	0.04217723712825365
0.015960630105936211	0.044550836017702787
0.015938504214813045	0.04184146040248729
0.015819915106564046	0.041321029785802391
0.015786850563908671	0.042295621945691704
0.015673291253451082	0.042536021601500988
0.015593675641742329	0.038210491654957726
0.015610684812440524	0.042044990358039845
0.015527132706495679	0.039480111314894026
0.015410360380956785	0.040384780447904715
0.015363158323452005	0.04194064405112017
0.015316062263927201	0.039325603145217707
0.015251310646591196	0.039600525514932795
0.015179565022774462	0.040614467360926068
0.015096640169332893	0.040182831444800025
0.015036416450494005	0.038839598355166906
1.0026833192339544	0.096076131002631626
0.71295362041565125	0.096115069609808507
0.55306649772184502	0.096186148003972613
0.45171711954619831	0.096289342931358102
0.38173291907905071	0.096424577830860642
0.33050658951595868	0.096582225953539602
0.29139612055442859	0.096701758352587125
0.26057636150568891	0.096656123299282137
0.23568814526259069	0.096378874440785509
0.21516687980415963	0.095942216263483607
0.19795775130968479	0.095355782048069299
0.18332507069137177	0.094583267214749411
0.17073436576192944	0.093762395784049379
0.15978479240864926	0.092870650978176802
0.15018885860883022	0.091852527736207848
0.14170065750605648	0.090843273455261261
0.1341377653141875	0.089826462152564568
0.12735800517361751	0.088810400898633166
0.12124202173871169	0.087805773375584581
0.11570119778889541	0.086774920660529511
0.11065764072300265	0.085741953331700024
0.10604724283048622	0.084721759568519461
0.10181400184014133	0.083736878270076656
0.097918755627229903	0.082755955891803443
0.094319613440702083	0.081797934365629169
0.090986494779898494	0.080852224129500008
0.087890944041243382	0.079922586555931943
0.085010278683806034	0.079014433457331348
0.082323612971671137	0.07813998651873566
0.079808863273606659	0.077292374855499155
0.077452694772823724	0.076470346526836125
0.075239380235022593	0.075667186073432799
0.073152575601685088	0.074896516891628351
0.071181065897660933	0.074157138453367091
0.069316215329597142	0.073450998253944855
0.06754902387749126	0.072774958268297038
0.065873446273094327	0.072116339754172351
0.064280708665181749	0.071477076619395508
0.062765923338746504	0.070861760804645263
0.061325198736550304	0.070273742502059908
0.059955558751282341	0.069705849993248359
0.058648761314500635	0.069157460457709471
0.057399744854398048	0.068631188213889097
0.056204356971850285	0.068116756357067682
0.055059593513461833	0.067619126854900194
0.053964813834342353	0.067135874400517104
0.05291550688144845	0.066672105789288991
0.051909344133393293	0.066220498619127988
0.050945294089904378	0.065784728223095071
0.050019212380893067	0.065366936101060133
0.049127821878091338	0.064964679956713359
0.0482724059481974	0.064579573618024397
0.047450064842418115	0.06420567872543613
0.046656745130328248	0.063837575011640557
0.045892712323554824	0.063480289420443939
0.045156911359225275	0.063124658648799348
0.044447672231214083	0.062776355272713122
0.043759910249129529	0.062432195272752671
0.043095305784595681	0.062094148404899067
0.042453024162119629	0.061753359197474822
0.041831459610542653	0.061403962252966356
0.04123053589738393	0.061057715836936248
0.040649770310529333	0.060713229165285099
0.040088319668709932	0.060368180569634521
0.039544249622912038	0.060023261206322807
0.039016197264721365	0.059683090564392111
0.038503035460557861	0.05935051346462987
0.038003505221587783	0.059022875631358634
0.037516919624528695	0.058702629813649758
0.037042715809354303	0.058387663605163946
0.036580398654174701	0.0580764530008352
0.036129883662558107	0.057768303192196543
0.035691183146618684	0.057466533996330581
0.035263734056185179	0.05716648667599257
0.034848208801979676	0.056868483194868466
0.034442466327202756	0.056574332691509535
0.034045953232468763	0.056280754299680498
0.03365845087887058	0.055984471068156835
0.033280770378869104	0.055688529481117036
0.032913104721975957	0.055398611244062819
0.032554499605683511	0.055114221044386083
0.03220378807346265	0.054829339964538398
0.03186121938888696	0.054552551098867107
0.031526457798256816	0.054277839929879251
0.03119876337658779	0.054002965933622617
0.030877884120450207	0.053725863650259942
0.030563750725351044	0.05344933493838018
0.030256426504528044	0.053173491452505932
0.029955957749949705	0.052901314198299153
0.029662700831839351	0.052636460808096718
0.029375812552637378	0.052377866046519971
0.029094508704830529	0.052126222778621625
0.028818569365228155	0.051881198447737566
0.028547884328773497	0.051640229734508096
0.028282608444914859	0.051401685298360499
0.028022623707004164	0.051165267505457017
0.027767440041697119	0.050928422302452293
0.027517474449666686	0.050695768160296889
0.027272723517153971	0.05047075624964753
0.027032979910904947	0.050251675147570563
0.026797890856120398	0.050037171577204498
0.026566974676557623	0.049825885400324336
0.026339806076039422	0.049617961877296231
0.026116655321469763	0.049408468368046063
0.025897742485700353	0.049195112763466081
0.025685583255644722	0.048944300718040852
0.025476602431998542	0.048727852883093073
0.02527120510184527	0.048257248349007062
0.025066203750879423	0.047985301877375715
0.024863158691811486	0.047725884817944444
0.024663928902511498	0.047496791557102173
0.02446802705216352	0.047293935443571376
0.02427561983794525	0.047067594262796539
0.024081799534514468	0.046800366465178961
0.023890715343188738	0.046568153315731449
0.023715581149711538	0.046209364176595824
0.023537266035358051	0.045878765305408409
0.023359664156689754	0.045622021499881656
0.023185882330043234	0.045368356394692659
0.023013835204668921	0.045126339246740636
0.022846269996676098	0.044882035484525039
0.022680712909717377	0.04463383924959239
0.022514842914582257	0.044376014565897674
0.022345868558631729	0.044112803921174865
0.022194246751270037	0.043988712668511461
0.02201814559174501	0.044225713553830773
0.021853982605901281	0.043965202483528178
0.021703183618389771	0.043539171386103796
0.021549813711124889	0.043617717714142946
0.021376758047708257	0.043776582346514811
0.021223211367275001	0.043634908384585142
0.021116649515891168	0.042199110158693667
0.020968109120899789	0.041237269287743218
0.020843828311368263	0.042372928150011112
0.020716760350815135	0.040854126731860549
0.020587529544313993	0.040577070623995952
0.02043091832283489	0.039977134393279254
0.020306204099778669	0.039837931837244905
0.020156091281729401	0.039624122690836976
0.020048447668849716	0.041065059188104422
0.019951703966195021	0.040171300185331389
0.019801263765269292	0.038526099068411465
0.019685277855174255	0.038551922488673049
0.019425303996401959	0.042623803879336911
0.019296481134005648	0.042630037001304508
0.019178773399639724	0.042512579390954493
0.019057064893674851	0.042466359555244547
0.018947424901219465	0.042264361717891615
0.018839799390340847	0.0422080212973516
0.018858787402546987	0.037489132248862231
0.018750431829888378	0.037589581763439024
0.018525711750101103	0.041136964500981074
0.018419950376055642	0.041146423124869165
0.018339044843291751	0.041857888491937723
0.018254352481984319	0.039201843277303826
0.018261193623100892	0.036129696491175096
0.018007747009262502	0.040804599485237951
0.017912753955398989	0.04120974353726254
0.017992045390214786	0.035149045592226875
0.017770314865062916	0.04073968170040887
0.017680471039307789	0.040692794285070936
0.017707988324135514	0.034684801771796968
0.017511603123025889	0.035655787296673874
0.01734452447699103	0.040574341970740287
0.017477902904870789	0.03453163895097288
0.01729711676475483	0.035350065235622757
0.017146809391407617	0.039275932516101411
0.017130842082573934	0.035947229570814559
0.016952764420983209	0.038526782369698143
0.016894576971855386	0.036454612501007795
0.016843769131340707	0.032811843056428501
0.016703154661450902	0.032458356158436778
0.016581467876630014	0.034009426628992333
0.016496126221942208	0.03522920707349126
0.016558745031155668	0.034679394990691427
0.01637377807105132	0.034886933178454684
0.016622505434853174	0.033406128972649572
0.016305219449434888	0.030913558237307792
0.016124429567209182	0.03276548462079782
0.016216792589888753	0.031496114970461397
0.015945503718477073	0.033754243974596053
0.015913827116150418	0.031105939731741104
0.015870805099345738	0.035064285772930526
0.01587610490509082	0.030507316097653919
0.015859129004484059	0.030857132430798094
0.015680167804823036	0.035509374123129912
0.015693362926630379	0.034060922480611544
0.015609895486895965	0.029834204987413373
0.015431297969366565	0.02984117438126721
0.015427857298302972	0.033787672425696039
0.015345632475641026	0.029485888614729373
0.01531922137497526	0.030077511549053134
0.015071656193858935	0.03269906691400408
0.015207245867272874	0.031006819602039284
0.015009988470814702	0.029277510912051202
0.014996200514510382	0.029284641764408533
0.0148264378170282	0.030642292575446956
0.014757297099715853	0.028290627201972035
0.014715425056075208	0.033160379912626048
0.014637253565655694	0.030022497208445378
0.014767034340422008	0.031528497231700606
0.99951575674291282	0.099817803574106204
0.71063888312658685	0.099807822799551568
0.55122792298761236	0.099827645067506868
0.45018459470356414	0.09987702524860842
0.38041504763282324	0.099955790268005523
0.329348284450308	0.10005794613769441
0.29035948760455427	0.10014652978248587
0.25963377622394124	0.10011162590231157
0.234820026727315	0.099840569866074008
0.21437987433549546	0.099348763061055237
0.19726432266619917	0.098660030557810738
0.18272665494999851	0.097825221505232277
0.17022911518511358	0.096871667669330946
0.15937741008007811	0.095803264401682131
0.14985745911419707	0.094695791636403334
0.14142770536351429	0.093581542130986115
0.13391666151518059	0.092484497376138688
0.12718531970089805	0.091405407517874238
0.12111427196354714	0.090353470169691183
0.11560764021437331	0.089340060534322294
0.11059462640646947	0.088324777148847483
0.1060086196658737	0.087328748608456686
0.10179796085816167	0.086369763386220183
0.097917465341550894	0.085421401281301129
0.094331077829170898	0.08449791290309161
0.091007029976237788	0.083605306072096014
0.08791813451479194	0.082738007398374794
0.08503851151453598	0.081888870954627366
0.082346781404858738	0.081077060282215146
0.079828260483166297	0.08026521770452226
0.077465919450239909	0.079473373692866792
0.075246965577005429	0.078669250010580602
0.073160309735289072	0.077879892504425244
0.071195014898497819	0.077103303778786325
0.069338170385344913	0.076347191706580317
0.06757794373825346	0.075602879980489091
0.065910243851781181	0.074869070873905028
0.064325329774576639	0.074157987439515058
0.062817341586454523	0.073464428587398309
0.061381706582975537	0.072783100995719732
0.06001416553470805	0.072111001612282885
0.058710881221028986	0.071452367468510539
0.057465768242218614	0.070801520994337896
0.056275020738756037	0.070161431438005198
0.055135844701992051	0.069534854837719526
0.054046828705721826	0.068927247185924384
0.053001686997427584	0.068333462979446563
0.051997661596799361	0.067755699488314489
0.051032601873937267	0.067192091385062422
0.050106604805755815	0.066643032025700377
0.049217804676957258	0.066105773910343571
0.048363915916019441	0.065584272888844025
0.047543211585969018	0.065081786634777372
0.046753222905425121	0.064597310586786666
0.045991635360040813	0.064125922146918868
0.045254690827973745	0.063666400971190931
0.044544480467887823	0.063218034795544539
0.043858859388433986	0.062781251849552938
0.043197754337909816	0.062354778701473233
0.042559017419121305	0.061941675920351699
0.041941058065368526	0.061543318905998491
0.041342948498482752	0.061160903656163453
0.040764042263089377	0.060795375150407963
0.040202071386104293	0.060450637944459103
0.039656970056785354	0.060109784870808425
0.039127567550994696	0.059767639263748132
0.038613236104976946	0.059433562630320375
0.038112952974037641	0.05910747227748607
0.037625385345946921	0.058783642487062672
0.037151510799058159	0.058465241043250196
0.036690654135185539	0.058151737209869832
0.036242349901171235	0.057843295427557846
0.035806101979106768	0.057534564648928789
0.035380129499048091	0.05722097425027297
0.034964850350478742	0.056911895841808911
0.034559745458934116	0.056608773142107834
0.034164344309903512	0.056311283684812981
0.03377865122268222	0.0560223931828897
0.033402529492735797	0.055741744989617675
0.033035112011942133	0.055459801484627723
0.032676128809213653	0.055177158008896991
0.03232602542168439	0.054900630279445931
0.031984643406669865	0.05462929126153987
0.031651905168912413	0.05437470525382216
0.031327492303889252	0.054136080443126865
0.03101066779527055	0.053907365329135482
0.030700759393937942	0.053682935761691017
0.030397219054869987	0.053464177730755735
0.030099424463481027	0.053247578539399959
0.029806806847877568	0.053031922557084957
0.029519951693276533	0.052824602802877568
0.029239231579425061	0.052621643335962393
0.028964520307712439	0.052417624774502618
0.028695711878593582	0.052210291581248562
0.028432635327807709	0.052000478550918175
0.028174565168494623	0.05178369818625618
0.027921658954233743	0.051561914477947918
0.02767356516921585	0.05133668265247384
0.027429623190376402	0.051110408534680664
0.027188932205616488	0.050881572246122407
0.026950967906330347	0.05064508368244857
0.02671801829682412	0.050412151452943539
0.026492007107940849	0.050200307751493582
0.02627297244908813	0.050007168091081647
0.026057521407066565	0.04981506266717544
0.025845774881522742	0.049624260746242786
0.025637939397350568	0.049434729064046938
0.025433756852094164	0.049244152579608499
0.025232622336010677	0.049047643600758396
0.025033630597970674	0.048847752464211788
0.02483646171347165	0.048639991066276332
0.024642323140220249	0.048427899381743147
0.024451713661722264	0.048213268458711045
0.024264134468392165	0.047995299498017348
0.024080568639930314	0.047781092074570916
0.023901306617554248	0.047572483390394889
0.023726292361198994	0.047374899954650343
0.023553952658305854	0.047172783757908038
0.023383782254710141	0.046966481223948323
0.023216808090401778	0.046761352066581878
0.023052100409703392	0.046558509703726075
0.022889325659745913	0.046356982487166562
0.022729549542042378	0.046170184190839597
0.022571868912887219	0.045979353636672424
0.022408528179129968	0.045747038910820194
0.02223906948356516	0.045499827425681941
0.022087038422917916	0.045320036753313531
0.021935851926641044	0.04510659757561155
0.021791758006536818	0.044955829639100019
0.021654998810670661	0.044831380406317185
0.021513514184444603	0.044644684749812397
0.02137594092125511	0.044495033163499446
0.021232612401593878	0.044190266060868344
0.021094670312396688	0.043959515495795548
0.020944532501148281	0.04360546151975786
0.020817135046352117	0.043466516145071715
0.020689049781300376	0.043291002786818279
0.020588351274351723	0.043578637209129793
0.020463929065944839	0.043453074939433151
0.020344196523851346	0.043314663330399739
0.020206123246571943	0.043039714594064353
0.020092032169149353	0.043052640245185875
0.019981807192684244	0.042883741231815424
0.01987248458098664	0.042826948603881344
0.019744541356684239	0.042460250902625611
0.019645411940789934	0.042412579515470963
0.019511332962331707	0.04190254528043779
0.019402529189597631	0.041901475255909086
0.019305133412637926	0.041621539169978294
0.019175947360794973	0.041288506559920245
0.019046856625565402	0.041581953488783734
0.018883655208474563	0.040469165868978189
0.018788839128357104	0.04028079382699469
0.018675863451633194	0.040132790313190163
0.018591557412355641	0.040209215750532525
0.018501729431018944	0.040140301630083211
0.018399250636033621	0.03976631419403151
0.018315364606692312	0.039707792852871668
0.01814665113032678	0.038913503474832731
0.018069790143779109	0.038972109895225197
0.01796675693295402	0.038551862060009878
0.017840256131577525	0.038163600958336714
0.017716237651520035	0.037973586239554845
0.017671948797980442	0.038057637610837358
0.017506461987585247	0.036675458949345464
0.017504782140206371	0.038792636283095649
0.017472602664794053	0.038698982140209524
0.017273141302062655	0.037542964796449377
0.017190557553719465	0.037387063388778043
0.017215321242794353	0.037813590490940477
0.016925822834915411	0.036134638063649652
0.017068618161392209	0.038204403203106641
0.016780936459711297	0.035777378283490466
0.016700615369580635	0.035384219616031574
0.016757022982445753	0.036704308778229701
0.01662059574340077	0.037265078948517771
0.016457466439908034	0.034941550985026243
0.016526868484582135	0.036732984520764379
0.016304932427866712	0.035022474154968376
0.01633243384008732	0.035859993124494297
0.016112843142684376	0.033649971278321353
0.016221886403725228	0.036210199766926764
0.016041403902189312	0.035041611928777978
0.015943199209968548	0.03477468452106617
0.01588866766491771	0.034471077158867346
0.015827182280825722	0.035178247758712262
0.015724559719307522	0.034506890818685472
0.01577778166207261	0.034864922846190576
0.015675902295276403	0.034246304832715957
0.015418023710837588	0.032395623648119383
0.015411776893183408	0.033145898367683085
0.015496386916052436	0.034023439672564632
0.01524442994955448	0.032004955629191666
0.015375591238136647	0.033418161585738362
0.015189419824329614	0.033690297644802442
0.015247036399879552	0.034550907676663765
0.01490321541339437	0.031009971861080388
0.015072300564349493	0.033333163447671538
0.014900109214214608	0.031483062491586729
0.014875893592671887	0.032702104793259988
0.014927225301498356	0.034473624443980014
0.99434772824524387	0.10325060697565751
0.70734447171631509	0.10330664599366564
0.5489673579498483	0.10340011330058686
0.44857953124989774	0.10353084586322962
0.37926407096271342	0.10368328678715776
0.32853758146157941	0.1037319539175071
0.28981234998540395	0.10372381238191364
0.25930095200760206	0.10349553779774161
0.23466056316519562	0.10302919189446519
0.21434772652054329	0.10240979978144153
0.19731620518020204	0.10164002768108354
0.18283335120915456	0.10071401261314318
0.17036883076631382	0.099721171928981986
0.15953361887547829	0.098611582911613926
0.15003514288967282	0.097426894588543589
0.14163659919017133	0.09621457650979609
0.13414430527831522	0.094968183000070969
0.12742224893674869	0.0937187735481885
0.12136427666988585	0.092493100588580276
0.11588050724610532	0.091287942452445522
0.11088837787059211	0.090142733760501415
0.10633093411404858	0.08903800378928739
0.10214708067653834	0.088001727881398636
0.098292095622791009	0.086997847825678112
0.094731003657481411	0.086027531158964443
0.091432863648742174	0.085093746191393871
0.088367724815664933	0.084200270224896137
0.085509178736977776	0.083347662476480011
0.082836676420722233	0.082506853410341294
0.080329958667176835	0.081687140222155286
0.077977479432587815	0.080900474757368418
0.075765285807837437	0.080151241114289881
0.07368406956348969	0.079422319678614781
0.071720406016482455	0.078708432486386926
0.069863643092196198	0.078015899770612518
0.068106471827143675	0.077343732870280513
0.066436288803979324	0.076684757078800306
0.064849528857241615	0.0760281571390439
0.063339246169250796	0.075401754355623032
0.06189959043230274	0.074795266638431709
0.060526229706779261	0.074208933976571467
0.059216372464240837	0.073646224540925218
0.057965475729271757	0.073100210618824782
0.056768922263456256	0.0725717857809976
0.055622092272419842	0.072047371366927612
0.054523270660690112	0.07153101166194778
0.053469555411954764	0.071027639325099368
0.052455571993183105	0.070526149369653165
0.051482063089283554	0.070026099244340487
0.050548788646977705	0.069534114001971015
0.049649767480207815	0.069051904015572096
0.048783609015740539	0.068582699813557454
0.047948852610118879	0.068113959172546437
0.047143866968109453	0.067653912692530044
0.046366961629398656	0.067204645486064585
0.045617098428249188	0.066769568691031386
0.044892719986382716	0.066343992296092197
0.044193855486946591	0.065933853648155655
0.043519959552158871	0.065538078573267586
0.042867471056427464	0.065148554210003234
0.042235460558044877	0.064769775893039699
0.041623189600096935	0.064399819891743426
0.041030062986996477	0.064037404127333983
0.040455517784142525	0.063687959787165391
0.039898195424219483	0.063347208823178652
0.039357528522129231	0.063009246097574342
0.038830572456706375	0.062669610788660415
0.038318629052896569	0.062335016514204526
0.037821121270753995	0.062003047095382541
0.037338005577541682	0.061673758340394784
0.036867145283333375	0.061349721577522165
0.036407500208458163	0.061024728149486639
0.035960857530825258	0.060705905463155511
0.035526230975357037	0.060389731550053449
0.03510263705377864	0.060078630091019047
0.034689924149515633	0.059773921083230444
0.034288153879996376	0.059475286707897083
0.033896927263745519	0.059181634082174917
0.033515156666413193	0.058895344450188195
0.033143521070883038	0.058616839839456654
0.03278108277537229	0.058333297380289223
0.03242731981674047	0.058051386368566195
0.032081820814086413	0.057772700949076647
0.031743261173900042	0.057496139942057427
0.031412673582291335	0.057227736287749097
0.031089338848409965	0.056964738920905714
0.030774369232348029	0.056704870853518205
0.030466167984135553	0.056447556835557279
0.030164200602184495	0.056192811391982921
0.029867464502381959	0.055937185461842009
0.029576886060814517	0.055681496366140781
0.029293158084127916	0.055430821963359814
0.029015640766900927	0.055186000361208722
0.028744849444790988	0.054947561727691281
0.028479803264399594	0.054712198522772003
0.028219226869100011	0.054476431926914912
0.027963150023781597	0.054245930992857454
0.027711597612491368	0.054018135343443865
0.027465060730075878	0.053793620211882338
0.027223568578747907	0.053573469347440894
0.026987336325500159	0.053359396768057198
0.026756015467523247	0.053150904616678547
0.026530134125460129	0.05294637136035496
0.026309295811292877	0.05274483071978843
0.026092978932617451	0.052546750217704392
0.025880932295476916	0.052352357237698717
0.025673782037884414	0.052166302143157046
0.025471509331550492	0.051986702597802227
0.025273606541715701	0.051819860519272481
0.025081164277459947	0.051668415869847002
0.024894443103326468	0.051509184958614597
0.024709840822959718	0.051341139797862055
0.024525472307809541	0.05117521150157784
0.024343315747103234	0.051012206308343792
0.024164200491835233	0.050850575672345626
0.023988884602453988	0.050692693400435127
0.023816863787303553	0.050535556301583413
0.023647765589617415	0.050378585685612376
0.023481682890446897	0.050226396843134895
0.02331710491136817	0.050073518021663987
0.023154674476595218	0.049919127421623542
0.022996307291862961	0.04977120476865303
0.022833481405242509	0.049503365158922862
0.022682373210476101	0.049317920692502355
0.022531944194118744	0.049225424549025204
0.022389670376901365	0.048985508355312547
0.022240155700323967	0.048738440411413654
0.02209347696337258	0.048600990211947241
0.021945290667052045	0.048254987136269613
0.021808322448500075	0.048017665534401018
0.021681124332947971	0.047864146705751974
0.021546298730383065	0.047553302601226033
0.021403258226661694	0.047294597459348664
0.021270639836897375	0.047100079647789013
0.021137996518805699	0.046841721236789161
0.0209949423496067	0.046668146700269995
0.020882044865003269	0.046717956237532582
0.020742863425064709	0.046251908237490848
0.020600527545983155	0.045936062357611857
0.020467262913109678	0.045501772741863351
0.020341926330296359	0.04518196881807704
0.020214425831609924	0.045018126014617126
0.020095047558453906	0.044711944979094163
0.019971640241755243	0.044442358507960265
0.019847905206677442	0.044435119914356148
0.019700044161791851	0.044238243940417747
0.019611261786153012	0.044260092740049849
0.019500885405949058	0.044059266082608323
0.019385061592389376	0.044108378558283624
0.019273878111665192	0.04373328123744951
0.019170550354804358	0.043742901592500716
0.019063883372688908	0.043336125628350992
0.018921909979949171	0.043312168473384746
0.018882241577743486	0.04249502255228748
0.018825764234001074	0.043221643241516207
0.018621922626950459	0.042325846813495334
0.018591892316832725	0.042437002239902342
0.018489846102059192	0.042224833351732653
0.018407052034654398	0.041267125264663515
0.018339387262575634	0.041754468302811591
0.018197644205779951	0.040436922232881548
0.018183854694609581	0.04134975585395459
0.018082828621428036	0.040796633812392076
0.017935039140479957	0.040748083057567809
0.017887948007737218	0.040038929200475977
0.017842428359536377	0.040058414367975241
0.017726276463963696	0.040671478586044855
0.017604261768607958	0.040321351688544678
0.017536610009191808	0.039666034481261242
0.017412323680186831	0.039352219390443921
0.017346665653979666	0.039347253200052529
0.017195722547308719	0.039479300842324934
0.017171725267168501	0.039434446959838554
0.017120665453734019	0.038808171748613736
0.017110472040155679	0.039800588769469528
0.016980984151199602	0.037981400623300896
0.016835832621846045	0.039503696703322939
0.016828308484794191	0.038805742560325464
0.016729595964813486	0.038666972871276191
0.016725521067261249	0.038896654558400232
0.016635905518613416	0.038460614237212788
0.016587312800275106	0.037975889091850325
0.016449189262354287	0.038334392789517703
0.016295079247603352	0.036143151249417735
0.016276556108725034	0.037861345182487086
0.016268124400250245	0.038429666546990982
0.016153534158535314	0.037740410220599985
0.016216935028420067	0.038214875450333204
0.016123228472850925	0.038422969625261823
0.015922422413328693	0.036069519203965339
0.016006245932868444	0.036985699279840384
0.015738587469664233	0.033570021835561729
0.01589043442923186	0.037279779058733385
0.01576644388766545	0.037359599723010756
0.015734362835549794	0.03684444590055401
0.015564844976825429	0.036071722468273969
0.01559085269800854	0.036637632731573111
0.015544546825595062	0.037204949294174727
0.015347747760631658	0.034194850863967334
0.015264638954046112	0.033082675177322399
0.01527872559517246	0.035686803926085572
0.99787759717049473	0.10054632084032082
0.70971945307116091	0.10064345840510204
0.55070591100787969	0.10077337245382681
0.44991516622308958	0.1009359914217097
0.38032065703533874	0.10113121681505147
0.32938413252189341	0.10134338802309396
0.29050574988430433	0.10147377652438692
0.25988262326989819	0.10137191623543616
0.23514308363020239	0.10110380081454695
0.21476336222700251	0.10052244961748454
0.1976899218825951	0.099759590614543106
0.18318141511539693	0.098933373266986452
0.17069755196428685	0.098069269036959422
0.15984767507236541	0.097138351047266772
0.15033378626969934	0.09615189711959278
0.14192716317585216	0.095090960140840522
0.13444180444041759	0.094023667019059037
0.12773816126363241	0.092936078817344989
0.12169465496431665	0.091846810634337764
0.11621461981462733	0.09081786337528347
0.1112224098947668	0.089842422096762173
0.10665640775893441	0.088884563047822024
0.10246418617959595	0.087949814782666724
0.098603964469237498	0.087034133299084729
0.095035449191543456	0.086130162256530127
0.091728279230194262	0.085252387792366435
0.088657971481255177	0.084397902523199606
0.085796552206118232	0.083578775253389248
0.083122249438141754	0.082782633589490215
0.080613457083058587	0.082011216745585563
0.078259785120074865	0.081262474155862546
0.076045776233355608	0.080539506397133226
0.073959331185365282	0.079835119198393978
0.071993061530017471	0.079137691347456032
0.070132868599516757	0.078461960405839137
0.068373130451490516	0.077793293203649042
0.066703905237525327	0.07714024883547857
0.065116521085794285	0.076501882645029579
0.063607628070886296	0.075881666546943241
0.062172720040222798	0.075273471296455507
0.060805676470257891	0.074680608825275455
0.059501927933155029	0.074092360919825212
0.058255867154960089	0.073525453443634731
0.057064634038693322	0.072983049865420355
0.055925449327514427	0.072464642331260695
0.05483471425180754	0.071965610257841484
0.053787373408271263	0.07148515697782315
0.052780864188572779	0.071022366277755156
0.051813732959740691	0.070566822054989084
0.05088527777653952	0.070118664955515483
0.049990410298979687	0.069682566148569353
0.049127496532423667	0.069251204634713556
0.048294752218325201	0.068828923437379605
0.047491271148469905	0.068417465620472739
0.046716352183270304	0.068009417349559231
0.045966892178071726	0.067603910990442148
0.045241128777842962	0.067203199326090188
0.044538260775207728	0.066809283717473342
0.043856091940212553	0.066427166266210438
0.043197210807775548	0.066055765354142898
0.042558637003536862	0.065689589435764195
0.041939852738299664	0.06532813595731965
0.041341772955744795	0.064972602409424707
0.040763015695478563	0.06461372387356637
0.040200204760966966	0.064253732538053138
0.039653409000186469	0.063893870069647668
0.039123013987909301	0.063539134966143634
0.038606634466358924	0.063184884014670303
0.038105035257323533	0.062832641934589942
0.03761671960095845	0.062484771055192914
0.037141061302070101	0.062145509220320611
0.036677661246961889	0.061814394091466031
0.036226151269927141	0.06149098067692163
0.035786864519653364	0.061174131194655382
0.035360246591242928	0.060869364963511918
0.034943903697575392	0.060573728562415788
0.034537221411219649	0.060284657557631821
0.034140642831524286	0.060000503548978644
0.033753777104702613	0.059721413090275267
0.033375036851965217	0.059445557568753533
0.033004577147330481	0.059171188076211148
0.032642900724211332	0.058901577776741681
0.032290188782208872	0.058636074141816638
0.031945141689092363	0.058374278857259612
0.031608058178490994	0.058116355042238547
0.031279469428145856	0.057862378773386805
0.03095896218702265	0.057607903805272101
0.030645193476070857	0.057351805486587776
0.030338245425353186	0.057094392887742929
0.030037939476238073	0.056838615316160419
0.029744051962090651	0.056590918250486469
0.029455656280271584	0.056347682599198042
0.029172983071285331	0.056113930310499896
0.028895992203105583	0.05588721719122635
0.028647991072685064	0.057827508990400907
0.02838022999016428	0.057664206178634422
0.028117882527320105	0.057493302801673557
0.027860526612138101	0.057320156239074951
0.027608106443840982	0.05714866422573444
0.027359996039177083	0.056972356538029317
0.027118036930217176	0.056791266832445342
0.026882121315090671	0.056609015734381943
0.02664982375599851	0.056430860899480399
0.026422415839455121	0.056246043550264677
0.026199625464935615	0.056054079513211064
0.025980493037702203	0.055856987463040048
0.025764974485514045	0.055659979932763164
0.025552895364598885	0.055457962727960289
0.025343950018700802	0.055255106496379908
0.02513881816113225	0.055058176093970894
0.024937798644823133	0.054861904524458091
0.024740283474088187	0.054662938966741056
0.024546578171292525	0.054462295334292553
0.024356992916991185	0.054266266026392507
0.024171120805202236	0.054073961837842334
0.023990014412908125	0.053887012246145227
0.023812439760759422	0.053700193283090884
0.02363926414950103	0.053508324089303332
0.023469471021009249	0.05328336423342328
0.023304245789266397	0.053089872626385148
0.023140665840332836	0.052893501326314797
0.022977501299369093	0.052694894525547382
0.022814129733694052	0.052509259437550554
0.02265408103981674	0.052342677923734496
0.022498858201064682	0.052210576533473101
0.022344936720763323	0.052040232419835436
0.02219251649715212	0.051882753377929122
0.022040946473875635	0.051742897799737765
0.021888190237799237	0.051589431070511067
0.021737606513778211	0.051417224917975034
0.021591020663553246	0.051212023772649766
0.02144637648344809	0.050927919591005122
0.021388190203671463	0.04897874512139716
0.021320320399745435	0.048871614346233792
0.02123162344236066	0.048234593178546246
0.021061467801171473	0.047503277622257624
0.020951454591041186	0.047495622361434876
0.020787647851940514	0.046829029993384168
0.020691726608626688	0.046988771218228392
0.020543749512456782	0.046178800299053809
0.020451093796761292	0.046919026701779824
0.020318687198477989	0.046675735431719857
0.020220572751608129	0.046625153297785021
0.020073054639406587	0.046194347368950082
0.019943053502152211	0.045549970276559271
0.01985366234042505	0.045891672178605333
0.01972048172490725	0.04552902999133196
0.019555493167878909	0.044097483115296716
0.019434573581743473	0.044370918494010765
0.019364156406919242	0.043759874533186797
0.019128374158663995	0.041835042587605759
0.019199733599207597	0.045050288054475689
0.018922619462030447	0.042261223471389879
0.018944916341051898	0.042668657732527322
0.018752020457545041	0.042282556313815646
0.0186361136347667	0.041469399389492956
0.018704178277035396	0.044683977242181726
0.018603463914405479	0.043861303066864928
0.018228222197201483	0.040507044552660028
0.018334039139650714	0.040727373819438077
0.018201194332673865	0.042776928747337267
0.018133040981256468	0.040819168998327764
0.018093890639518009	0.040859652019192255
0.01785477392351462	0.03570811857524326
0.017764738644410069	0.03892259111771551
0.017735140690100532	0.040419608220992449
0.017439085781342449	0.041191078556060017
0.017245445697646262	0.036761168317161058
0.017251853720736628	0.037895033259533126
0.017106077644521704	0.038886077528649213
0.017206462683519629	0.039531830499681536
0.017112427199052527	0.038904490013255827
0.017180816816322216	0.038793330584767194
0.017022364795287005	0.03718355296024841
0.016769929694592518	0.037875564081049355
0.016846752708957167	0.03758152100890088
0.016774946112862139	0.039848240815204918
0.01675729143978372	0.037729973666322331
0.016404318665238293	0.035626295671321973
0.016397773472037077	0.035829987897057144
0.016169759711582996	0.037178814982582013
0.01625182042679827	0.035059196950554802
0.016217697673637951	0.036151174529078144
0.015927020528570982	0.037535495383198184
0.01616319933675112	0.038264357021973144
0.016139555144603804	0.035981893239072277
0.015750398159814695	0.034918155161373386
0.015861549583767173	0.037245596590248675
0.015634794749479278	0.038307243681955268
0.01560756725776109	0.038906949515588152
0.015640066094750309	0.033053306085817843
0.015549852364366722	0.034258744874925029
0.015459718939982731	0.03326600467358589
0.015368901318637267	0.041446650216210065
0.015331254797816267	0.036735450620716023
0.015115191586510797	0.03828721143871594
0.015254984601515146	0.038012572103026422
0.014992429298428686	0.03489033393470474
0.014971336595443391	0.035440025992620756
0.014753575210311594	0.039107288764207992
0.014907024240453669	0.035931204163924785
