f	stdf
1.0003462256955589	0.10039493684699302
0.55007638002906423	0.11947476873650886
0.37901642535274044	0.13853516413715816
0.28944052640161999	0.15089148403962985
0.23514534428802136	0.15622327372620495
0.19903332703766996	0.15830336368143461
0.17341718425564631	0.15888872560835357
0.15440510959018694	0.15822124887534098
0.13973327801119872	0.156616998828214
0.1280963860280338	0.15471639056545439
0.11859336619289559	0.15335590273683297
0.11083781988169497	0.15274452964693944
0.10428388126087391	0.15153013108619179
0.098512844144527129	0.14944724401815884
0.093446163503181259	0.14705694116325357
0.089281974905991296	0.13978503108363688
0.085217618350330301	0.13271973691075245
0.081681124652160472	0.1293333567888941
0.078951130117579316	0.12557729172476667
0.076826138799476099	0.1230014617190401
0.074975988771408056	0.12093618098379455
0.072731643258102996	0.11144260117802895
0.070859069039705333	0.10930688423548864
0.068683997898786972	0.10665435213486053
0.066803049753967794	0.10017910071481097
0.065837524961540259	0.099962135676107761
0.063708567866898047	0.096224857685376419
0.062932923369495103	0.089069309965213908
0.061927794450808038	0.094987558401051719
0.059962383561178056	0.08402243827142529
0.059491559222924491	0.089662752642826943
0.058352369567667095	0.084141068773766148
0.057123866150277355	0.081993783725250305
0.056655069393052856	0.081331603000969394
0.055012022488931993	0.075329348865488588
0.054827605971207345	0.079528316723905854
0.053925279216840226	0.077702519155067457
0.053031658739246812	0.073806488678341775
0.052368206301543742	0.070721484695237744
0.051699713654505063	0.071862396640460582
0.050135301508746531	0.065024491588585059
0.049796728530225223	0.064847734431760395
0.049142599285735715	0.066768590599607755
0.04836611971110924	0.063680989173196451
0.04829044827624264	0.063351488999591532
0.047750326606094462	0.060137682973239133
0.047112553106006955	0.059408204006323087
0.046972975504747862	0.062373041958990863
0.045992050442758142	0.059048750018719023
0.045726550785145592	0.056099364117936389
0.045696392197142756	0.057942689089924483
0.045144455425788599	0.058645061799481243
0.044519890876938903	0.056865135287629792
0.04432475807755628	0.060466802696453922
0.04367507976243664	0.053628484983738144
0.04331780734122475	0.053104214388694594
0.042801539108372082	0.052214921596737962
0.04209104716406236	0.052962054162696573
0.04208431168309798	0.05239039167092218
0.041628468318028536	0.051030954518923304
0.041445620671400091	0.050070115888167219
0.041235644462290923	0.050144060316091491
0.040651265660812098	0.051060573514710127
0.041094679001809319	0.052292979277269828
0.040149869435898551	0.049222255525980592
0.040301053254818781	0.049586113959492639
0.039892312334853984	0.049255323711958107
0.039977806034471652	0.049519290118864107
0.039807007294072307	0.048735657126321219
0.038865069928598131	0.048397195734889431
0.038953473500471431	0.04663025881495865
0.038886792850922502	0.046919088645875788
0.038618428695637731	0.046804943189734251
0.038231323186897349	0.044908346417991941
0.038087536676585439	0.047309791237871865
0.03760151107353734	0.044780047993173887
0.037714297724530846	0.043664304569718336
0.037973893710543716	0.046087616543134272
0.037767129352575479	0.048826586212602212
0.037398738190271556	0.045479006394896999
0.036669529072125215	0.043201966744004151
0.036536669824088992	0.045394708399726993
0.036691477300040701	0.044785701951776349
0.036609736142697233	0.046397817979834041
0.035256606653698452	0.04098511959474542
0.035943458794012076	0.044967973605130281
0.035761893878344865	0.041532272694738644
0.035362634513272054	0.039955347733358418
0.035270884678925064	0.040846038711034947
0.035537019560843847	0.041681463743322211
0.035475917382351452	0.041676584973545469
0.035339035664841978	0.042197028255289259
0.035023604905669636	0.042561474391255225
0.03551078605825124	0.043857336845498161
0.0349732235945159	0.041257983448104503
0.034189004066486575	0.039859369815450955
0.034166886151623103	0.039580468008018531
0.034145845944279829	0.04137589375482556
0.034417605269139125	0.043205252173255597
0.034173993696112737	0.040642943475252005
0.033356016780680987	0.042063545183264869
0.03339880128348964	0.038392466588934172
0.033478647218583749	0.040718312213199971
0.032907749144474141	0.03742458321052481
0.033397993554120986	0.040323284407692471
0.033558002801585329	0.042623833102260256
0.033081972261422718	0.039422299852439509
0.033398994740005253	0.0404339937652409
0.032834482539369957	0.039236286124036367
0.033100172480074394	0.039030114252396823
0.032009876371685078	0.036927654409280176
0.032429325065889983	0.039447576486570789
0.032057619285338824	0.03883345036895279
0.032346745834474874	0.040550333418520469
0.031927932671487816	0.039484411757289013
0.032521930282600607	0.040241631358511304
0.032132227575559412	0.03993856164680238
0.031581539520557908	0.03694384576868022
0.031945048169697468	0.038111288721255396
0.03158719105133808	0.034675304550793977
0.031976640193348858	0.037747953088747711
0.032392091364791813	0.041530424252408223
0.031203220734078344	0.03546720264681797
0.03084617082260158	0.037018841400075074
0.031369459515864201	0.037541074661853212
0.031573975075492866	0.038715760687935342
0.99929479488757056	0.10032501294824271
0.55210672721129384	0.12307772597821857
0.38159419952517509	0.14259697823314638
0.29235272022292486	0.15438770975044416
0.23807829040388401	0.16050143597999514
0.20202675220935082	0.16255164582078721
0.1765266244037601	0.16206072485574324
0.15747521529271863	0.16147916139409843
0.14273544819415868	0.16027098292960351
0.13099574876049913	0.15893421792229195
0.12139696996147223	0.15733642496662117
0.11341982429460219	0.15533653576735043
0.10662428614701894	0.15321268437532692
0.10057400678505435	0.14991218588427482
0.095526848929643027	0.14608164860831041
0.091169052576693554	0.14143187548903202
0.087588328740218033	0.13580981878034273
0.08429298776790857	0.13071447174673925
0.081348174682447677	0.126021483543342
0.078460421432996016	0.12077313809995746
0.076299189504440756	0.11866393702133868
0.073800204810206285	0.10933584885728879
0.071144839142652877	0.10405319323532808
0.069284529995975841	0.099774309301628242
0.067724015885018266	0.1006221776775916
0.065838933967535054	0.094440857628063174
0.064354874921066604	0.087987386184131461
0.063235344319851006	0.088280867527096046
0.061689816904014504	0.085517421531508292
0.060307349853376879	0.082286978162675384
0.058944966939420494	0.076609721108689313
0.057666665890339752	0.080967325216838151
0.057294821946296329	0.076102078539618256
0.056523966642339031	0.073422385249138314
0.055072082827877844	0.07497419884464683
0.054732897467138941	0.070825337212457068
0.053107204452959474	0.072153849801466427
0.05268426177429647	0.067550208996086769
0.052473320991449371	0.066656128799176581
0.051346150972977539	0.064766948609892253
0.050614563480586343	0.065232269760455777
0.050678441914538248	0.064142556665214553
0.049638121061942861	0.062627025825651161
0.049470640316451056	0.061321444714438511
0.048767065969027766	0.061475542828607795
0.048254313463720382	0.060423148892114184
0.047853224179170879	0.057369942023612425
0.046968415199314932	0.05862830117245077
0.04711136696163723	0.057874929988777635
0.045740662339395159	0.055885486816802908
0.045856859831549322	0.057181071333833482
0.045517227282590784	0.055937835723123976
0.044888458194375404	0.054641064972756746
0.045097000091235427	0.05535841357418949
0.043771377384719881	0.05292039649279897
0.043921766193031286	0.052855045901235492
0.043360173000664019	0.0535128694753121
0.042907547673171592	0.051654036233164606
0.043048653621357444	0.053798968520761242
0.042063984415603731	0.051027374816886358
0.042537020296880612	0.053294358592946713
0.041426020412747858	0.050155983021273623
0.041485189403081775	0.048544881042618088
0.040863331289356056	0.049053272469902202
0.041130841381250789	0.048013335472530366
0.040228970092552961	0.047179308553543867
0.040060649776812375	0.047475970475045648
0.040074247252255904	0.048655931952966316
0.039674086660342354	0.046583906170601833
0.03931391401352325	0.048293874700348204
0.039757178571785443	0.046457520922239745
0.039166955522629263	0.044921683289490984
0.038355981018483351	0.04618005760115651
0.038860445315274314	0.045957769903662044
0.038783279246026509	0.047822516806370396
0.037650012906092732	0.045637051132290482
0.037709344188495635	0.043929111893037616
0.037666310059471117	0.043783980187238905
0.037738495512379858	0.044726279238927247
0.037286586528285683	0.044477094696668884
0.037873338774074124	0.043568405074342689
0.037345926912099273	0.043911768370462304
0.036768651181266591	0.043914077437729154
0.036779255575708762	0.042502313192724087
0.036677282122311854	0.043164211338733334
0.036513094742010616	0.04533337111605578
0.03590564997321613	0.043679540864068611
0.036351040750421934	0.044255529529670434
0.036090076287595751	0.041102185453461976
0.036119841051418716	0.043830690008645257
0.035399905383593888	0.041518762537756701
0.03530332892631307	0.041861401152824433
0.035582919672568825	0.041841671964897291
0.034592760850301787	0.040592094230784276
0.034662988628816865	0.040714405789401241
0.034865470590936566	0.040249167913853613
0.034623517379495101	0.039652412289016677
0.034432123793333241	0.038814344378985968
0.034124012473719635	0.039877440850748118
0.033885312393678708	0.04016096451706086
0.033507583398303953	0.038226745325818559
0.034132785137491121	0.04167170061372652
0.033654760249359525	0.038668687523227434
0.033588691292939565	0.040801776668067731
0.033765829245470842	0.039417882640445233
0.033425941099003251	0.037504093677148194
0.033627854555533764	0.039933182804661904
0.033135345264546978	0.038178497660541433
0.032780139687273606	0.036293289508917463
0.032845461086993946	0.03857127550435286
0.032899516034233467	0.036731101404679938
0.032108186832942802	0.037299606500186995
0.033040654303192342	0.037232561993201373
0.032594095387104886	0.036346806132758057
0.032736309426965794	0.038552367449466128
0.032200899668710758	0.036575743446000133
0.032384805806007062	0.036187351776172466
0.032971382553963202	0.040189246989423826
0.031499483306361917	0.038288997611818421
0.031728956961333016	0.037219517386581656
0.032163590947797145	0.037743199995130136
0.031930167596572571	0.036096100699950305
0.032116941056136286	0.038239287370067501
0.032324532365320492	0.040267418652256852
0.03112066110074008	0.035651955382913207
0.031767090634841642	0.036898923147872617
1.0001472103519458	0.10041132588323855
0.55251903641118683	0.12239867684429315
0.38163993275577957	0.14271181945260722
0.29212553495816762	0.15447517014388557
0.23777021356634834	0.15933855454980719
0.20154598411115685	0.16057795952315898
0.17571378531443979	0.16060808269706858
0.1565348809758802	0.16015918288011827
0.1417557437652934	0.15961735806637989
0.12995348596616074	0.1586601835650574
0.1202450598816129	0.15766447616229737
0.11217437322758139	0.15660379354372622
0.10531066642428971	0.15465967127136535
0.099334887100794717	0.1518766989216859
0.094210246668532491	0.14949488534935604
0.089702951051344432	0.14625996773744002
0.08597373995981214	0.14050426532243701
0.082735835642993055	0.13590012131690593
0.079566455342196321	0.12910233597985954
0.076921068856424524	0.1264763387921792
0.07473489441845102	0.1243973809900599
0.072668577083211089	0.1156271387628327
0.070427771052480229	0.11391732174401767
0.068706778263279353	0.11119150886290417
0.066838689903848558	0.098155787381064896
0.065367430066690976	0.098118819339477692
0.063649737025813238	0.097801015213289433
0.062450646209869606	0.089089800778138231
0.06114503482393948	0.091834524513353652
0.05970092952744379	0.083050050873073503
0.058538390154347981	0.081888062850130394
0.058025860687975439	0.077210388310918213
0.057024540368685678	0.078347224831837342
0.055827625242910517	0.075399715742490922
0.054600389847765211	0.073555868247821399
0.054315636396199518	0.069482155666423642
0.053161516480891548	0.072165375037485019
0.052409673981816653	0.071863541563871536
0.051724975288617275	0.068626083588130882
0.050881436875287366	0.065076754836474196
0.050465357919086379	0.065348234245881487
0.049804434005362393	0.064726178027523631
0.049196356338664746	0.063922679526294851
0.048838273212334145	0.061532024441501035
0.048321188668484158	0.060890483174968021
0.046966689106272379	0.056180019402813794
0.04670624301084457	0.059118144440728007
0.046113675035182433	0.057665944724465186
0.045950294422801422	0.055106787987126579
0.045512335629846502	0.054553932485944291
0.045746969219844419	0.055698028391371029
0.044655887563646163	0.054755067087358889
0.044283301957700173	0.053678259118212432
0.043984857465100308	0.050698100686073
0.04270229332653571	0.05287595616619916
0.043139585442111446	0.051413948022404649
0.042658389798550092	0.050561371074326115
0.042302450800659017	0.047221064277658709
0.042390600449030869	0.049345904535665758
0.041438076409205216	0.050095954488812683
0.041105747066633135	0.049351051731830936
0.041015762298587666	0.048674866643434851
0.04065504665597474	0.045057698456048179
0.040848574880808348	0.048787916649145238
0.040132773198326033	0.046577919683053581
0.040156582381202344	0.047404747584476686
0.040100840112906357	0.046380149137643184
0.039615775415388285	0.045021752937072446
0.03949723096774168	0.04531175543920235
0.038170169153566039	0.044541377143873413
0.038639203698985665	0.044173881501054023
0.03849782821176944	0.045014227040032211
0.038848008942608883	0.046426601935350115
0.038478813810377169	0.045908622274088796
0.038134268982485994	0.045476512645131702
0.037652878292505687	0.041517764862693436
0.037163242548213876	0.042774884295905286
0.03697729216059116	0.04305075342531698
0.037509369651233311	0.041581191044553489
0.036654735384280115	0.042844061634301371
0.036572468147064309	0.040995151756240987
0.036563367762557225	0.044107159733453825
0.036435637780295897	0.043063988032541613
0.036138435624554058	0.042671543055108535
0.036308910520232683	0.043324364978444205
0.036281750003495455	0.043090255774084055
0.035932098211511616	0.04133390464792662
0.034702282320434812	0.039169817868733574
0.034518402095411793	0.037268522263606441
0.035203303592828333	0.041499179357817405
0.034579323911298893	0.03736444535045922
0.035045172161053295	0.039857535167575432
0.034325512269836392	0.039886525555138053
0.034298218074953014	0.039120875991833594
0.035093436998256365	0.039152561306629391
0.034216981578464131	0.039736701239556436
0.034259202210359004	0.037989269334856156
0.034402087988918431	0.04122532718279126
0.034205567374358224	0.038026572397383579
0.034001212879944558	0.038130975377295706
0.033560387094249404	0.039230910364923072
0.033314984069121277	0.037683129927748873
0.03339057205172672	0.036388254374347881
0.032437195449672197	0.035215117008034202
0.033038510986799732	0.037339242303379108
0.033868460866498903	0.039811551338586187
0.033057597877387677	0.036708738571195422
0.032630905996578551	0.038244587880062332
0.033261597274443271	0.034927359790987156
0.03233014668356312	0.035326716396894949
0.032372134410530294	0.036493846359000985
0.0328811726571233	0.038423015992595122
0.033192466764552994	0.03814708058590676
0.031910965314121569	0.035308293721172695
0.032271321985649873	0.036876418320191957
0.031589147173027188	0.03418227949519094
0.03200101296362351	0.0367548863899251
0.032248149724314827	0.036699414311337289
0.031567381577766319	0.035334157403519015
0.031313249650613946	0.035346589900132092
0.031939834779397901	0.035147581207804354
0.031919838117291918	0.037149449148113939
0.031403883769297987	0.036205319839995746
0.030429283488485091	0.032708092739544302
0.031656042750741339	0.036210705074368806
0.030706873834759663	0.033045978956899758
0.99944758000309342	0.0981460042981709
0.55418622247092431	0.123034876298384
0.38356800875085639	0.14390865433047281
0.2938933284690603	0.15747254457131341
0.23958975716149092	0.16256718822923849
0.20342370135249285	0.16346367267930809
0.1775874748850241	0.16248610427099625
0.15830975003703729	0.16033004150587346
0.1434745529715401	0.15793585500874366
0.13161788735909766	0.15583996979185827
0.12190697409417071	0.15434861034592495
0.11368763853197507	0.15214584821434973
0.10659586785021918	0.14873195423701197
0.1012241902463083	0.1517051766554067
0.096138891415421451	0.15036929588505488
0.091469758367603932	0.14095859786169609
0.088207640731454526	0.14380173493646531
0.08472150565896916	0.13218281576006752
0.08163694459808235	0.12275193314860325
0.078346061678457202	0.11187556004836716
0.076557252902823558	0.11317732044110507
0.073958730261615868	0.11198631215846609
0.07256958490155023	0.1156022008154796
0.069612551327819683	0.099402066999926639
0.06798534357998863	0.099884291226761956
0.066389626072443975	0.094669496981799689
0.064701453961709787	0.09162092901815784
0.063307253429048985	0.089343114074771315
0.061909332592663457	0.084438055761564268
0.060512911650481255	0.08281943897776109
0.059991454589970516	0.082085446992767444
0.058876187874744815	0.080631231961281205
0.057271565112031082	0.07784119265428395
0.056752344351728351	0.075264215980790097
0.056036214962006087	0.077567577608077989
0.054868251745748678	0.073065594911832121
0.054119813007861776	0.072386491809561387
0.053651801152116187	0.070111582504666398
0.052217923956867411	0.065827168087105675
0.051709360676229013	0.06659760661486222
0.051003221776075434	0.066149112706196028
0.050608576685336235	0.065979615133906155
0.050274881459240209	0.066201413340335233
0.049326211818209925	0.062553213934830487
0.048793104510997096	0.061385457351602279
0.048707849114251148	0.062868727545484726
0.047853853342336987	0.061177068142851662
0.04760685756691977	0.058863479360960147
0.046947451518818323	0.05935969281828269
0.046570857447899572	0.057272948330497946
0.045992518105555123	0.055451839717688231
0.045127155590345552	0.05630667472350874
0.045729314553149762	0.057276876465354641
0.044785024901766807	0.055506700832093483
0.044736738328894361	0.053404522855764226
0.04364121208284831	0.055192623162830946
0.044079252827299971	0.052038439427564254
0.043282196610900554	0.054410205444679074
0.042638718293738692	0.050983803539851789
0.042255711148698125	0.052189718591114327
0.04266528524974484	0.053980868314585505
0.042232568315551118	0.051382122803527087
0.041930185978004214	0.050674520301085234
0.04139118503580478	0.050502145938089354
0.040477452138529206	0.047591402581802028
0.041106484114983147	0.050198814554728133
0.040741348746123139	0.049595577918929115
0.040593386383977734	0.047988405135376867
0.040271357791297188	0.048542058211896312
0.039763979129982405	0.045951112209809297
0.040084615811797251	0.047898323626147064
0.039868149324973991	0.047430112237325371
0.039104411039981239	0.046227600471718415
0.039121635263816741	0.047067135677348292
0.038781661039725634	0.048231621240487514
0.038663840611047592	0.045066687990814383
0.038196722990844797	0.045502320477576651
0.038176218148784025	0.045113951662672958
0.038415385631072364	0.046700897892436984
0.037316767028662087	0.043541554538697978
0.036852695226872824	0.042504463430948651
0.037618118176940371	0.044053927732139481
0.037382034638979447	0.044550057554617169
0.037148712808570107	0.042650240535736683
0.037336320282989915	0.042854289265393287
0.036821749264695183	0.043503611424704325
0.035467634801812538	0.039917637443766224
0.036165197217314399	0.044080933231645032
0.036510309495606304	0.046322796837434427
0.036537316462373626	0.042626232190185735
0.036086086024006508	0.042974160582085724
0.035833504007524365	0.041010906358650817
0.03495936255229494	0.041179405403736553
0.035364895539816601	0.044455376012866248
0.03505758925767654	0.040341402239032376
0.034925968829010758	0.038755039629688064
0.03506843405101652	0.041895902294847423
0.035320268135699162	0.041670198262275103
0.035026099542658805	0.042310733153473293
0.034411002450801358	0.040549256828082421
0.034177599143188214	0.041991830302283067
0.034763870046496892	0.040249754634475624
0.034233453432453542	0.041533906199361571
0.033772687171539376	0.039967960641742489
0.033974681079747951	0.0398911579013876
0.033121236972701397	0.03905886860375745
0.03320610431501049	0.03833240083238619
0.034171526897706236	0.039651691085663542
0.033111389083506929	0.038075709082494004
0.033208825734038515	0.038251805549346304
0.032636288226647943	0.036600435421647502
0.032588478845523863	0.038629692506560863
0.033905250117494866	0.038701498994732672
0.032862589935841117	0.036914612010201305
0.032882575506802007	0.03890552939296852
0.032263102968684704	0.035282812035309141
0.032574982324460537	0.037824642400105281
0.032679913495778375	0.038084453114347223
0.032280112767448868	0.037130292847888949
0.032365467247213904	0.037099778237227939
0.032433214613672968	0.039376927417844078
0.033023451894536357	0.03827361452219713
0.032330601436024259	0.038562136130642993
0.032413337664545738	0.039112832640920782
0.031798286035455078	0.038177400109075756
0.031340572797840624	0.035574827160417218
0.99902664732968538	0.10528560885057463
0.55140088191995207	0.13045109660707485
0.38096306689765425	0.14930288946863621
0.2919907665658012	0.15793162610100678
0.23789264118003428	0.16107420468770425
0.20156697583232749	0.1628192431156183
0.17568023174544145	0.16337607242894284
0.15642705198328485	0.1623836440152924
0.14153510663572347	0.16104514143999976
0.12963980227945041	0.16003638877177387
0.11997952406351753	0.1599552214388068
0.11209822246387552	0.15951822814368216
0.10550503720366151	0.15865990782639458
0.10013300920473799	0.15890209516387607
0.095442967066882517	0.15898988090017921
0.091179911338714531	0.15812755179314703
0.087001797738330486	0.15454482970805944
0.08386154254850936	0.15066765415162883
0.081130118593576439	0.1439481558833324
0.078437359628036579	0.13737622484892006
0.076327492680811904	0.1325034051713751
0.073856957459248834	0.13082816066516292
0.071570671961283638	0.11951815363688122
0.069729919698234222	0.11569446416587283
0.067971658003617957	0.11718021971341315
0.06608521850084631	0.10622894148496606
0.06500965983821072	0.11183380287712624
0.063501583500246567	0.10086963504246413
0.061999087013580881	0.098271780243880807
0.060768166946960092	0.089914637050337406
0.059105307212271335	0.089662965273646963
0.058687580478506238	0.089032428478717188
0.056976689132542842	0.084315619213633133
0.056546080676920712	0.084119852161642292
0.055426450913001774	0.077458963084820046
0.054267155748362828	0.079238019993306291
0.053612624557787043	0.079876028809229463
0.052829832220536825	0.074863397066882414
0.052230232119239078	0.070164358963032081
0.051971707716916754	0.078997787652960394
0.051839549672661606	0.074055201389288297
0.050662824164020688	0.070021765167579589
0.049660383487529935	0.068419968724060989
0.048640090664023021	0.066588269380463402
0.048130832191047246	0.065690120601027482
0.047827058021816936	0.065097414720976285
0.047182745113860419	0.062482536653510057
0.046904137414004225	0.061922936756632317
0.04674019528775529	0.060060846393566077
0.045887402634029323	0.057486864173810895
0.045550453984336457	0.060978109091468752
0.04541538734880407	0.059002835050198044
0.044717770165408739	0.059875753337258149
0.044319244569481317	0.057177028882989943
0.044321392710096948	0.057692032306008605
0.043344198340336405	0.056684086219491156
0.043329434117788709	0.057313316403422673
0.042466031565941476	0.052436123599080106
0.042939521867505034	0.051569145357443148
0.042036791641882711	0.051836502644224194
0.041313858384004067	0.05283703810074359
0.042199318269530516	0.054695248738482985
0.041970940371530305	0.053623321218678612
0.04150588494061843	0.053363647604116077
0.040465959995185118	0.049916663568262735
0.040626226919079182	0.050654802163613517
0.040040598843096492	0.049756882966625199
0.039285519976649752	0.050700239467346864
0.039823751421535498	0.050521611488655527
0.039089005729322952	0.048863224900752442
0.039213771602302314	0.046999675199632211
0.038841776025225976	0.046634323108194903
0.038734578199700137	0.049323632065049437
0.038900953574950152	0.05167362686158946
0.038152107859576685	0.047082341632831017
0.037832864751299905	0.045542804417325326
0.037688201635556154	0.045695531733128535
0.03751514120225545	0.046211008367753589
0.037387584490242577	0.04691335668814476
0.036939812140468743	0.045867014942043205
0.036474140203903375	0.043635025952267231
0.036747340190307155	0.044808231715347174
0.036625524420352065	0.044269176352429274
0.036677269669063026	0.044483257251962692
0.035998987794816702	0.045565462431076689
0.035794575703041398	0.040437590720587668
0.036375012497826105	0.04527555696080867
0.036270950026819647	0.044217268477087644
0.035063636438006425	0.041535967303481934
0.034969690975488563	0.043662299691267448
0.035414988170757271	0.046428244744873129
0.035044280648859477	0.041348030569138328
0.035306981375509014	0.042697557393662017
0.034761714826270051	0.042345751539018567
0.034783711642660087	0.041792665438294206
0.034201882233478982	0.042900681973243711
0.034617541077542766	0.043641805744840875
0.035018381414213297	0.041168256290333528
0.034301592822386394	0.040912964437513251
0.0343805257211773	0.04037765104192699
0.034797222991516635	0.040862279826134523
0.033972180068144141	0.040479903772860031
0.033460625168658185	0.040897479439486531
0.033586369058767898	0.040050050843215779
0.033620769984107554	0.039271573074234435
0.033358040262862529	0.039738476408898056
0.032884067215953702	0.038945835586908492
0.032882873571257722	0.039866419682608303
0.032534520317097838	0.039098357351479048
0.032733730242870566	0.038675286022723861
0.032824322371390637	0.040078294882950762
0.03248477275319047	0.038522891772026613
0.032308605775690079	0.039037128187524882
0.032722442061928314	0.03844247419779942
0.032707285831653755	0.038247677863918202
0.032288198246909615	0.038402146948177909
0.032069636702376912	0.037375834768447087
0.031757558384791988	0.036400019194048193
0.032127955937774504	0.037063947713823202
0.031999975496876082	0.037089414179910483
0.031494483710514859	0.0387299646295578
0.031930453837307193	0.037472065673602131
0.030901986390992696	0.034846615849272317
0.031412452004163469	0.035826456388255573
0.03153309458692443	0.037333546325782369
0.031500349423614009	0.037604893195221832
0.99978647328554393	0.097856649968755968
0.55526733488979507	0.12243475784179335
0.38444003719388709	0.14273080214405842
0.29482085082880471	0.15367546254367317
0.24018739659728078	0.1591098145407131
0.20360162720881361	0.16242791742269982
0.1776107050453927	0.16409137635650592
0.15830100273115014	0.16450909780015199
0.14347511284091641	0.16396279272735956
0.13179097598612383	0.1636796063939161
0.12228138651570293	0.16330955389260682
0.11445101470374131	0.16297053366577444
0.10793401501599437	0.16312810547126483
0.10256094484612979	0.16411388007645461
0.097919620495389922	0.16391291304406572
0.093758196629202609	0.16302202611905287
0.090124660433149359	0.16172315936341808
0.086677664372774035	0.15760697342138258
0.08352869310064219	0.15174022946218035
0.080816220195238805	0.14781061464831696
0.078379120249998838	0.13913835078490033
0.076184729439354323	0.1402837628857744
0.074963226667034491	0.1443308867440648
0.072721455979439104	0.13481366718325535
0.070374021451214339	0.11733365084064704
0.069219433743706843	0.1235044572599753
0.067350320619537829	0.12025862159912769
0.066415769670658334	0.12016896814700569
0.065109659660512992	0.11111182304744763
0.063832905610662308	0.10645354556848564
0.063314685270688092	0.11258274243700195
0.062325636853519981	0.1145531747353188
0.059934305495709696	0.099973575330995976
0.058744614409685911	0.089181483480335444
0.058344379920896049	0.090862234921202503
0.057043533281941054	0.084879332331410762
0.057006872140368571	0.093406225513486124
0.055993917428362273	0.091492594656818235
0.055012079027277096	0.083971862258878843
0.054196686922980901	0.086119454880845561
0.053084016121907086	0.07348014341250024
0.05243151017349891	0.07905694097821328
0.052071596940726605	0.076305519758068402
0.05085233040199217	0.06969858178459383
0.051377215560270952	0.081329888071463546
0.050014447697652703	0.072178683110041456
0.04970752031003451	0.069895174641783978
0.049457141703836534	0.071151422923563246
0.049096549604740761	0.07620252932626273
0.04851186552387167	0.072417561389810869
0.047354649027112006	0.065817900668427881
0.046904807488859848	0.064680052984118164
0.046429445099577846	0.065603927327750347
0.046100345226574739	0.063162010057636123
0.045514520408355651	0.062647679028325812
0.045685625847455058	0.0646219753851765
0.044053635666124517	0.060080082024012965
0.045871457951410705	0.067422189922170403
0.044635647716832497	0.061959271577569905
0.044489563565604615	0.059865508929063588
0.043378818866274503	0.05496890345927271
0.04292310322963018	0.057167864630491054
0.041893627471652609	0.053999468622197129
0.042509141078974563	0.057190354614998877
0.042806626056079634	0.059607936504495737
0.042170901920750355	0.057493192002223886
0.041870104861462608	0.054159111620997159
0.041620003363207855	0.055176403086816969
0.040265063996258815	0.049618266673274326
0.040478553734602039	0.049936549507964126
0.040835890335472788	0.053890480661199655
0.040299755389921976	0.051634247860937448
0.040679780052261874	0.056844398861336708
0.039388625072180161	0.048142134078890397
0.039272385727332187	0.051247963784307925
0.039134519344883829	0.051482409514501781
0.039489876281104751	0.0519326667057484
0.038799744074698196	0.049478714919232447
0.038713395615792651	0.048801772273780158
0.038789982141174933	0.048847339414793106
0.037747897637311373	0.047285737559162537
0.03751712115953329	0.047502596343882653
0.037836328701007442	0.045985738642263366
0.037693716856627001	0.04616360927720739
0.037159654738553545	0.045999986663821185
0.036958292592014712	0.043117684486675446
0.037093977892792694	0.046291921124907029
0.037360279192558549	0.048041421777434271
0.035961325593647689	0.044124154036581396
0.037021256279526835	0.045479513146981926
0.036053156422008396	0.04487491550220174
0.035802318927937775	0.04188751689001622
0.036253734237961847	0.044563077778613208
0.036227745522481869	0.041932640565488642
0.036008732627114071	0.0457701825700274
0.036137158580650919	0.043977898500562329
0.035112565393701174	0.039642046053039573
0.03524024097715308	0.042325210549544502
0.035131236440132621	0.040928144395105566
0.033878622282697973	0.040620437105693942
0.03521962013934167	0.040688035923788946
0.034597292907050332	0.045227193936216811
0.034824123570670509	0.044350876339572416
0.034822149926018224	0.041758612917523676
0.033459295118458993	0.037796283255547285
0.0336238889057838	0.040756724737653086
0.034522243212968359	0.042800860558496578
0.033438906575832504	0.038878062619957784
0.033765962980746932	0.040040684645120207
0.03368610533013177	0.040532664080034968
0.033785113134951417	0.039850289124463083
0.033522126515359699	0.039125423071733327
0.033238085443523517	0.041194738597517294
0.033582792108382907	0.04207281819541521
0.033277476955407406	0.039314380994751937
0.032601450343497887	0.039245325999488948
0.032639456436720463	0.038489347969269602
0.032502079512478362	0.038123595932209257
0.032804514106467682	0.043484845428020738
0.032571785426383705	0.04205357822722236
0.032600084555984871	0.038739196559267997
0.032062099772562316	0.037726595862946549
0.032451405552283714	0.038754079581793284
0.032033751545740619	0.039413220250908515
0.032217261825132862	0.037638327163020673
0.032530512653800914	0.042444689775218272
1.0006114424996169	0.096982485241118535
0.54998888814205094	0.12185323447854562
0.37949497811365529	0.14254153440267844
0.29046125777275517	0.15436067898695185
0.2363616248978343	0.16108225181482272
0.2004732744337116	0.16404816141442483
0.17517002037590662	0.16583790707040671
0.15649029387897798	0.16740360357383699
0.1421370980307958	0.16834191016389052
0.13086553207106441	0.16797520461212045
0.12158685618853164	0.16593418707209595
0.11371871262872538	0.1632333208945719
0.10710241086369238	0.16110702943637173
0.10178495819013486	0.15988554397055058
0.097199847941399756	0.15788184212970646
0.092927747043237932	0.15476395754394187
0.088960258341956658	0.15035352243959538
0.085452069952962922	0.14508972320744254
0.082503530466266878	0.14152289264560819
0.079741912151488875	0.13853372665446634
0.077034575624329957	0.13193434552904071
0.07448833939108522	0.12415717420477705
0.072791009910870799	0.12034970255345705
0.070339512759642842	0.11737850802548382
0.069093239636970907	0.11494108374901972
0.067523667092600007	0.11102366554974835
0.065484475817093837	0.10693561689293424
0.063787844775708757	0.10100575483141291
0.06300866513423474	0.096683663067549178
0.062128152474069595	0.097155487177591107
0.060402284071475881	0.09533248324464727
0.059097595324641483	0.090267216504263295
0.058478028489328454	0.089812298921924813
0.057287184795864303	0.087299696825399717
0.056328830678417839	0.083659494768528825
0.055226465074248242	0.080627839575704269
0.054834093565677477	0.080228812617940584
0.054067213070343782	0.076291335539008229
0.053289804419841373	0.075626299912487718
0.052410732362573549	0.073637533634682922
0.051011465691736715	0.072194997810206524
0.051295009491198945	0.075201497622475008
0.049863881039616191	0.070602270533918654
0.050101907189596798	0.072381033540332665
0.049134718370354748	0.069067032446961427
0.048480539443001687	0.065973749269395351
0.048227082343907129	0.066804375131221908
0.047801610546920066	0.065375928767818878
0.046898133465158767	0.061424707833416824
0.046877277568552783	0.062507047741636679
0.045067155579040251	0.058438264574337949
0.046400170196487012	0.064604920203708407
0.045307788627158549	0.060526911815203623
0.045457572036566335	0.063061995181184619
0.044774888187763824	0.06294823560940721
0.043854559759908422	0.05607288436055459
0.04397774369924666	0.059106634705486487
0.043641555105519043	0.059123890983969925
0.043459078439762676	0.059189163623269578
0.042811488655041259	0.057896708190392922
0.042229430913243132	0.057973420295583701
0.042243373010730237	0.056525022095635147
0.041974226434607631	0.055832564901103506
0.041499617967748807	0.055024510485031222
0.041088506991848857	0.053814162653707122
0.040893130474185524	0.052303308945261244
0.040971255583695916	0.05463779443029982
0.040389819025413935	0.05190170695919924
0.040531918354706181	0.052352159049372689
0.039700198142202936	0.051197282647815957
0.039343774527650227	0.048754417176267245
0.038436742142706634	0.048634930150646967
0.038818071018802455	0.050726712090555091
0.039014459647528942	0.050426158144198124
0.03911040316170547	0.050902726689244886
0.037979080563806694	0.04654033208154882
0.038405193954380648	0.049017387227864875
0.037795598119297641	0.048211260038508987
0.037950297322326257	0.047951676755548393
0.038829423724134698	0.052588144386256405
0.037600790124324816	0.047020046235887465
0.037715824325840981	0.048288803701112007
0.03741073626743751	0.047623661548403043
0.036552383870659462	0.046995932289676898
0.036844500532705084	0.046647129389440316
0.036619374402841499	0.047151278193314133
0.036046639009670631	0.046144674982994099
0.035602613502271153	0.042665467141331972
0.036813106040298714	0.048047806264990015
0.035811154948385791	0.046549615566300495
0.036145264400330522	0.047260744686084669
0.035659506396574205	0.045271167296600204
0.035402494257291195	0.045601905583533234
0.035676127948046185	0.045297063645557516
0.035043415442750275	0.041212517315461654
0.035543227090932564	0.043717681378458058
0.034953296414464076	0.043474935091985925
0.034567047993414035	0.045345885438093175
0.034156990381879707	0.042521839542771528
0.034352740467124887	0.043766583082267385
0.034509451276720192	0.042200380756061286
0.033936668253371688	0.044480739166421278
0.033838145446304042	0.040737438629381936
0.034218008334278412	0.043277426595929258
0.034049947495121642	0.043272162641229316
0.033957802923353035	0.044160170026188848
0.03412600278217795	0.043964320817280217
0.033325923127477307	0.044437488145730175
0.033233691370584621	0.040641713835930966
0.033100747594924082	0.040809937252811464
0.033237111935471145	0.042434147887542899
0.033521912435985075	0.042513975655381606
0.032774856216263949	0.041763864503712042
0.033199202206489718	0.042412209096309099
0.032441286789288537	0.039905401264217169
0.03289588713820274	0.042843801570233507
0.033332638246250712	0.040259427598030875
0.032314115223965247	0.040323415089715639
0.032633555313784798	0.041709056516777761
0.032262608754791137	0.041597048358506819
0.032321164389819315	0.039663055494835883
0.032238872224006697	0.040723833167971527
0.031961809945224171	0.039564595349712579
0.032091563206573769	0.040124059751570254
0.031784330588899921	0.04037526425746174
0.032024251353371343	0.041642842835843588
0.99709067768142523	0.095749746491507359
0.55064590920064482	0.12330208880760676
0.38049047535343961	0.14558004001149227
0.29158289677780203	0.15687828914634427
0.23774422911180904	0.15983357354461505
0.20173093418885257	0.15892704749191866
0.17587284245919119	0.15743776030843881
0.15649926189406385	0.15605987022578999
0.14139753089750365	0.15488250622489352
0.12932887415869462	0.15499491666056564
0.11952539428706281	0.15490923336743889
0.11150873340410479	0.15421066327748117
0.10505488139908187	0.15324790458880572
0.099521085194614986	0.15102524516045651
0.094645909221941729	0.14842244791510975
0.090400492516814188	0.14405518426091865
0.086744236772651168	0.13624393050881139
0.083075191969640402	0.12571364814085526
0.080355578097684746	0.12281325058521994
0.077617316435952197	0.11777297501365738
0.075313590526082094	0.1139422694256686
0.073247786026048173	0.10802047526897497
0.07145703522800266	0.10573018079702387
0.069073710104606084	0.099669450042525601
0.066822522983925547	0.094686993434073857
0.065522795253882007	0.092219385754419694
0.064208648167609933	0.092070126204394531
0.063082099242820017	0.091991617595695921
0.06162755202779277	0.085987831763708444
0.060577222886434273	0.079332956893075249
0.058871594205574966	0.077260032387284974
0.058124918335480433	0.0759590971525093
0.057150926465414996	0.079429294518411728
0.056833171441730335	0.077216859420642575
0.054828528850257269	0.073858766166005688
0.054575068559032144	0.072169170726894952
0.053714161879460778	0.07067558566063227
0.053378480373498072	0.073306329405528239
0.052359551753100551	0.070845598732389173
0.051618509306457144	0.066457699869780285
0.050962477709804457	0.064354290406037892
0.049742849261214521	0.06334699985270964
0.049874104296189346	0.063279087020137778
0.048697412603533212	0.060511555025455903
0.048530442740074169	0.061257695266917538
0.047511925609990499	0.059395932515328952
0.047503808571600727	0.061273782148185234
0.047377136648673955	0.062122602261704983
0.045973905954384095	0.05686836841798721
0.045849091650771008	0.05508051105229593
0.045741213973069787	0.060173696653075613
0.045660541046722784	0.056598866371896366
0.04483665820686588	0.054945355647367536
0.043653530368610506	0.052501804913985956
0.044091781873607377	0.055368557501132364
0.043724158731270793	0.054691069326373819
0.043248968445925483	0.052554701444144494
0.042653892567904507	0.050184621984558073
0.041766176105882707	0.048425581327691501
0.042452224882613188	0.052517292693820883
0.042252334437964452	0.051377724583621227
0.04163864353561806	0.051919233329318561
0.041118946865490877	0.049212981242161218
0.041208119512094264	0.048445744952006813
0.041220811150829977	0.050224250764918217
0.040624050995939159	0.050542588985508181
0.0401470853378878	0.048462735152816939
0.040376680245202495	0.050197515631025744
0.039305045299830282	0.045728206714088906
0.039401453013660021	0.047696533674541644
0.039245313043882096	0.04436137084673112
0.03896995439986916	0.045158136731164131
0.03910021941659983	0.045807152195282468
0.037983435878602166	0.044740827786974753
0.038556359543825136	0.047038626196443736
0.038392706949123008	0.046234844022144207
0.038198549723447696	0.044367459162341825
0.037840846579610135	0.045703470987965275
0.037224693393007893	0.04193883857931896
0.036851989073591669	0.043411762633551815
0.036811247861751821	0.041403879793914439
0.036737185252718518	0.043776125625173454
0.036718193749372831	0.044113602661441938
0.036197026632693946	0.040556905895264284
0.036088077576505222	0.041542842267907588
0.037078950540961775	0.043657070907245722
0.03580385440370111	0.041406163832959461
0.035489227240652628	0.041598103461967906
0.03565635416732936	0.041872273141599504
0.035124389016682141	0.042497163515482481
0.035290149839602776	0.040240059653302386
0.035433837455018699	0.042288221703051118
0.035031680089049007	0.042374940855255068
0.034996160187784536	0.041020346380022846
0.035157402980106688	0.039966931279177928
0.034898077445965965	0.039033296490234626
0.034190279026190609	0.037360592364153379
0.035001683405707265	0.044122494505390138
0.033953533067447653	0.038969674524050896
0.033734517118041769	0.038681807355396475
0.034450024619746257	0.039593514206180298
0.033187252194242164	0.038329983159170612
0.033013151431824428	0.038898696141874405
0.033225564328230046	0.038044834615767124
0.033904434008456288	0.040028627133760319
0.033205356485607712	0.038176253013106801
0.032802102189591724	0.03892242047871361
0.032841156112915368	0.035735040203064283
0.032646457658746957	0.037164625981661731
0.032246425862504056	0.035633865258595465
0.033432034886767437	0.037630180969366066
0.032431009591757959	0.035824935058783584
0.032915410628601163	0.037192530475625686
0.032833128530543161	0.038937620800029597
0.032167271931141585	0.035896214462652863
0.032362007826335762	0.038731919832208021
0.032564001607433529	0.037190918902292439
0.032390219080018309	0.036665850244595302
0.03142527128239779	0.035232185949853959
0.032454968965264626	0.039454126655169397
0.031676828751878036	0.03775909163648096
0.032131290243245993	0.038787395373237492
0.031682718920268055	0.039763249465578916
0.030967631406664468	0.035142373752958637
0.031511180380872167	0.035774668550470234
0.032298354604472959	0.037883840969300399
1.0026660318185718	0.1052173702625981
0.55223276935603982	0.12950817213138704
0.38167828081973459	0.14880784391269283
0.29269101059024893	0.15887186236047277
0.23863299020499978	0.1632857943650845
0.20263485519110766	0.16477741594861811
0.17700612538168803	0.16488952749646157
0.15782561768479808	0.16382399149267846
0.14293128980687644	0.16270258078233427
0.13100878104363706	0.16209375313988594
0.12124220094670592	0.16161897623882651
0.11319739223987808	0.16116318471512614
0.10663698841343384	0.16123711205185082
0.10104226046194351	0.16102592215876424
0.096318300146360017	0.16077043613284747
0.092522955740446486	0.15768804640659045
0.088620168522476145	0.15077386754180883
0.085252858813699872	0.14516730209037948
0.082250329072034875	0.13777452149664554
0.079265836079496721	0.1295793870258502
0.076399627362495989	0.12229985670513926
0.074321746582011766	0.12147113739254142
0.071913632924469506	0.11154968230363314
0.069586071748985207	0.10828371656577361
0.067987320172362128	0.10453995296604283
0.066221372900421516	0.099264060883826319
0.064572115279857803	0.097821700723496205
0.063105605670688236	0.095766442035674929
0.062117636932630192	0.091643643805996794
0.060330210444450236	0.083972795457392085
0.059295557448011835	0.084659583793490201
0.058274570449782202	0.082638936008567684
0.057341182535640689	0.081791671048348419
0.056221193678091141	0.077745399590880102
0.055575207388669258	0.07850428908335344
0.054912704267594523	0.07437110625409421
0.053661801000967908	0.070145425030835526
0.053003914221067872	0.068614271293707743
0.051883667019030612	0.070061095056007258
0.051174489575223719	0.065271904080766871
0.051284892079299781	0.068020864735540323
0.050053904700886456	0.065225374077427845
0.049202430105104639	0.063652083661490444
0.048897701572395862	0.064329920530486723
0.048398287477246255	0.064461832328374172
0.047836678158737704	0.060844850000727861
0.047596912716327579	0.061275143003997973
0.047059688733386312	0.063529841900051898
0.046010550079299266	0.061954329209427915
0.045940366062863107	0.059109598507398345
0.045911855369524461	0.059775755588709081
0.045035365506404586	0.056904131320856574
0.044608645515396367	0.059080244711304651
0.043967131034853703	0.053186669369671084
0.04335885355266586	0.053745561227470019
0.043099541414667819	0.053939477935538702
0.042830563049685813	0.052833142828902967
0.042905084099897295	0.055159562645946764
0.042503853813919697	0.052948244994939754
0.041962588499049852	0.05296304158414207
0.041941648546714262	0.05189902665928868
0.041062696621951361	0.048909130420574792
0.041170851140264149	0.051683432099086844
0.04072166457950803	0.050192979121955396
0.04086032632624071	0.050575677223427686
0.040424701748692227	0.049957645496497206
0.040016822592786938	0.046427394820554711
0.039760982790748994	0.048457364291244129
0.039862475143070196	0.047807844938022592
0.039223826682361927	0.04679153332674265
0.039083034420412319	0.04700877140464977
0.039498786923585306	0.05069282627842342
0.03889262273669479	0.047533448357639105
0.03809085613576943	0.047678245365135853
0.038571616586103148	0.047280939677161099
0.037232940194946426	0.043460288940850737
0.037503410551901518	0.047180133402135283
0.037486705189559669	0.045059468949699227
0.037513495267721658	0.044617703337047614
0.037746062801260097	0.04635248545687938
0.036491977340274075	0.040700569225289758
0.037022342562779781	0.044200832877564877
0.036764380202635158	0.043432836285788
0.03623707194149995	0.042388770387667737
0.03671156302682195	0.042440121971234153
0.036074727532501766	0.042289558342658046
0.035628466290108317	0.042514385400754189
0.035342454013057717	0.04340876820678622
0.035218241987590701	0.042921690042489045
0.035562514693798661	0.041149130666934
0.035844827588401018	0.041950691121568774
0.034814960513758347	0.040723086376828595
0.035077150415013206	0.042133388991544479
0.034261662014359338	0.041227549154444258
0.034522783873064358	0.041110887958308084
0.034291844220491668	0.040571158553267934
0.034372473889411399	0.04124440312430791
0.033687613441222938	0.039648983641849052
0.033875891378188333	0.041067419018740232
0.034346854864399756	0.041211925833305844
0.03356631712711898	0.038522137089678443
0.033686284798857345	0.037852146962315154
0.032697012611192379	0.037455264658164948
0.033771633146441229	0.039898171596401688
0.033046146512923175	0.03852123813642274
0.033226339845041863	0.037244116285696086
0.033733682124027824	0.042220044040617459
0.033107223280813648	0.038597762640308418
0.032913066476325054	0.039756876351730572
0.033284865334267645	0.039585513883420444
0.032611618907865604	0.038870060925317709
0.032205771241078124	0.035947152974339903
0.033029665346542773	0.039352561919443953
0.033064995059863059	0.039246354932294031
0.032234097906213684	0.039583348829052074
0.032294185653218802	0.036635615082124685
0.032326027220778757	0.039671419761533454
0.031937527884168225	0.038537518917915084
0.03224993044912057	0.038430769336878466
0.03140536228263828	0.035339655711803981
0.031096112341257153	0.035146790838300579
0.031330762778897965	0.035986539780579696
0.031859656723242862	0.039709102849146381
0.031105495021815331	0.037380895976981417
0.030948602151152891	0.035473866218585531
0.031357839351432132	0.036697713233881421
1.0016003011735268	0.099752161143714033
0.55149149034348488	0.11929162628435927
0.38055019609132384	0.1372145593368779
0.29119552430564233	0.14666960387158381
0.2368091764482973	0.15150441043699467
0.2004578479515472	0.15388043511005089
0.17458483030704761	0.15433971730471543
0.155346920149948	0.15449699016120971
0.14047879823759199	0.15454720241364314
0.1286620814780724	0.15445348745489898
0.11917638437233356	0.15528940536404656
0.11135861204099842	0.15620843708045226
0.10468440883140122	0.15563334427359124
0.098843777213925982	0.15307942538244881
0.093988428702791879	0.15077800242329317
0.089773944235694042	0.14611937108626546
0.086124553053969669	0.14025708679827678
0.083089965419603687	0.13425525007861092
0.080106231324200916	0.12498377270076816
0.07728105480530216	0.11982131199236849
0.075189139157093396	0.12010188770048898
0.072753901666763252	0.11397764506164135
0.070936250438552603	0.11016617545226787
0.069053941214503367	0.10497709911097972
0.067375455167110243	0.10203840499861255
0.066025268106679233	0.10286191840126685
0.064700552138664671	0.098445058182316428
0.063079987779678201	0.092500980946228814
0.061708337919200142	0.091373616781765615
0.060712469023932243	0.08441733146466697
0.059360155719375932	0.085082537813568559
0.058694511002091589	0.082934108011328542
0.057352334477712874	0.08228358055027736
0.056110016456807375	0.073374545020102128
0.055975660776725833	0.081165351849843123
0.055040999611919432	0.075942212768642339
0.053385649072951853	0.07134244887867465
0.05268413260029748	0.069471165046867484
0.052371085188790766	0.070219544532547168
0.051310206141986975	0.06524253719450783
0.050566748211352291	0.065084141456043784
0.050157567745654032	0.062837880456893563
0.049980656880750693	0.068122957501553116
0.04871312214515524	0.061168727806022838
0.048952412753446473	0.065490912311183633
0.04699952409630552	0.057244210623576146
0.047140070375345663	0.057823897862892971
0.046576049618849612	0.061122112387917212
0.047166406125993036	0.059257517792345483
0.046107761095880329	0.058033417550686611
0.045163220721782991	0.055962237898518501
0.044510558572303488	0.055464399691556636
0.044615661045542578	0.054862092578207441
0.04422131318677755	0.052370283364581466
0.043729046882670687	0.053484013270486193
0.043660504079981018	0.051394306324057823
0.042338183390757456	0.051750109547427002
0.042705462455305265	0.050854882408246635
0.042328015156180891	0.051995161338221643
0.04230460736889953	0.050423409917719646
0.041028108083041616	0.048525288929055367
0.041345641356413082	0.049176263284644979
0.041088555463992676	0.04968399236268229
0.04065003777137164	0.047684637057654702
0.039959624648722152	0.045344963460244844
0.040129793509415708	0.045867736278435101
0.039425505135995666	0.044927943854090921
0.03903765255481581	0.043277954500050217
0.03939113953575233	0.046145947187763138
0.038983559166439849	0.045255312983303632
0.038243445551517284	0.044641536862164086
0.037992414812392516	0.045001455460126953
0.038757041335546458	0.04581760251972377
0.038213110811270337	0.046235857266864494
0.037542146009711362	0.044097010387943093
0.037383038117435922	0.041566035170506291
0.037240749575006629	0.042996605716688452
0.037009164754782775	0.043119338641104815
0.037210306869033274	0.041825255501085526
0.036705581168106148	0.043308716148452393
0.036781132371760325	0.041714334066408142
0.036462808641509387	0.041633002219312799
0.035950356705304685	0.039262616843164046
0.036096388135037551	0.040361580825468042
0.036158892064203231	0.043470505442726425
0.035519020087298361	0.037565289929029334
0.035479773024638575	0.041801974071529906
0.035579728828723872	0.041657699749890108
0.035695659338134733	0.042164973574547598
0.034830612023334359	0.038359690461234962
0.035764074361295965	0.039469424506568582
0.035094994082929772	0.042042393362360111
0.034607905821068922	0.038842474177336189
0.034722273577898179	0.041436714440037534
0.034414423845385594	0.040382636714799969
0.034216692324368678	0.03707405796432478
0.034081629992866062	0.037530555597979728
0.034513158715408977	0.039349185481505573
0.034151916922561268	0.039955336658138933
0.033914403157189438	0.038865361103901402
0.033385441741698489	0.037301183007086451
0.033274920153650252	0.035714388098282181
0.032937512581812149	0.03952738765851059
0.033157977734132461	0.037819309242564263
0.033631210366382135	0.037438766749160454
0.032464054357358156	0.035644330155345877
0.032929467986710953	0.036729595649592175
0.033300983321993313	0.040296273491300875
0.031707149150253293	0.034059587036433761
0.032114872289232578	0.034868597016366472
0.032242777729419643	0.035563853655730643
0.03201383320738134	0.036956467031898692
0.031811663981258981	0.034438220708081169
0.03189151474838111	0.034067544270117503
0.03198301404976802	0.038104161479430208
0.031931348850791443	0.03571294498933638
0.031846534036629695	0.033627100674394915
0.031827547491061071	0.035036787307260522
0.031259793461234475	0.035203088875533639
0.031343282602119167	0.037650226691106382
0.031510270765784207	0.033506475820390104
0.03094276957842446	0.033727376914930489
0.032076612643670642	0.037528248602283446
0.031408060827300924	0.036116014795946713
0.030322937891588759	0.033681487156658529
0.031176439868273544	0.034242822055672875
