weight	lyapunov	err1	err2	err3	m1	m2	m3	std1	std2	std3	null1	null2	null3	f	stdf
0.0	nan	0.74078896041983666	0.1239112433817036	0.020914198899141933	11.318890850925843	17.363294729743398	16.014661116657628	19.760544969348476	32.40820130421325	28.877635839764359	99.310000000000002	99.310000000000002	99.310000000000002	0.9997047523305298	0.10075080931258718
0.02	0.033256523447744692	0.95878666193345397	0.97934245928356489	0.59194374922026882	12.157013099114311	42.633966311481117	161.05881469938538	11.890618959064623	40.366387096153403	141.56984526751125	84.330000000000013	64.090000000000003	19.190000000000001	0.42017019209914891	0.10664289931879138
0.040000000000000001	0.005725642804153371	0.97530317178480064	0.99270589474687421	0.60136104262239298	9.7266598401788809	28.281973131695338	143.73767327047474	10.013808435201929	26.922673357321095	135.41317014793958	87.240000000000009	75.809999999999988	20.410000000000004	0.26606269160554941	0.11047155117129936
0.059999999999999998	0.011612668924039216	0.97590482718741889	0.99589808815521474	0.64204508988565689	10.316642688761407	22.308696705740001	139.98738656065854	10.630601645282436	22.544048467249137	137.62215812397145	92.039999999999992	81.120000000000019	20.259999999999998	0.19509736152271501	0.11032609257053805
0.080000000000000002	0.59270708929067428	0.97944384945281104	0.99741290466010157	0.72374814132156717	10.5335217078987	18.320339580024914	142.5613330661449	11.037120280803586	19.311082176069768	134.18159087478244	92.490000000000009	85.070000000000007	23.689999999999998	0.15453684105561658	0.10771336814768766
0.10000000000000001	0.63946353009747525	0.98261790197711696	0.99797572439091786	0.75326963997354579	9.5071043390123755	15.634456876136904	140.87712679854627	9.8745704014216038	17.33872305718489	134.87450140300933	92.450000000000003	86.530000000000001	27.82	0.12834609057443069	0.10451128402102954
0.12	0.87201072097465082	0.98518259128565155	0.99798535129498056	0.767294212864569	9.1365113130006854	13.232592171273854	128.64404835300624	9.5612605255228917	16.085600887290514	120.2254370144703	92.680000000000021	87.070000000000022	32.140000000000001	0.11004544040120286	0.10135666082016037
0.14000000000000001	0.59691954097824063	0.98721369158694772	0.9974964129542595	0.80996694182582163	8.5350031557730794	12.581272097483078	113.57938176031553	8.8849132660721146	15.403816682325502	106.06978524818518	92.629999999999995	87.829999999999998	37.579999999999998	0.096515788143017381	0.098310128568552396
0.16	0.54665696577042389	0.98859195855401771	0.99671236364088833	0.81664219329129639	7.6061701693932804	12.357101261367452	103.98011037459764	8.0751486279832889	15.705541794954787	97.560517268949724	92.240000000000009	88.539999999999992	42.93	0.086126639168311273	0.095541168699211435
0.17999999999999999	0.0014624723557103651	0.9892504991402713	0.99608055897818626	0.82368589145471172	7.3840532326128168	11.42764209805364	93.691142516990524	7.9035876619269434	14.944909705419173	87.338812403414252	92.5	88.480000000000018	46.809999999999995	0.077924086382602759	0.093065430824788409
0.20000000000000001	-0.058815055604097763	0.98990111923056912	0.9961673381892151	0.83700178739396836	6.8234445236163737	10.806152180025745	83.764179293147919	7.2540356605063563	13.925339696162874	77.312570632994507	92.320000000000022	87.939999999999984	51.359999999999992	0.071236886391355642	0.090874789966865627
0.22	-0.084300180638660197	0.9901108924156603	0.99612741925196802	0.86749670957181468	6.2702770637564358	10.066313361224193	73.082943999849178	6.8134840342911884	13.177779678928127	68.090412939912184	91.989999999999981	87.459999999999994	53.950000000000003	0.065710004714246345	0.089047186759967617
0.23999999999999999	-0.047121495029128956	0.99002249576073409	0.99604714075507683	0.87796536124812019	5.9303017830775753	9.9257835319183378	66.665587470955757	6.1151475228128032	13.203813511446072	62.463596151947719	91.610000000000014	87.430000000000007	58.109999999999999	0.061079390385369116	0.087522787822690712
0.26000000000000001	-0.063531028159190372	0.99011398587941402	0.995956767475913	0.89396239479167861	5.4962808570320085	9.5265721654901121	55.826234069580963	5.771751127448872	12.348460558356997	53.869663637511721	91.289999999999992	86.859999999999999	60.839999999999996	0.057124249077302791	0.085965901027170791
0.28000000000000003	0.18475232049512055	0.98949001625458544	0.99536761023695419	0.89982651797995705	5.10597845285902	9.3594899949936075	52.593133390121025	5.509888563993262	12.142314942293366	48.756941361154304	90.780000000000001	86.379999999999995	61.990000000000009	0.053727992145761128	0.084471909848195498
0.29999999999999999	0.11993242121941522	0.98830518226759989	0.99442093157183675	0.87664372695123149	4.838300508699005	9.110408967031189	51.819015752410721	5.1009693718700202	12.098752924141237	49.376780704372379	90.349999999999994	85.689999999999998	61.770000000000003	0.050740854343120388	0.082961183461917595
0.32000000000000001	0.13788822481967627	0.98792901891599294	0.99352154977742901	0.85745852441765769	4.5846624257575463	8.9193193592558941	50.352674223598292	4.8937154225693433	11.399272386700932	45.864568237897203	90.030000000000001	84.879999999999995	61.689999999999998	0.048114628603042713	0.081578842593887382
0.34000000000000002	0.19411136692963685	0.98675335489113869	0.99233822558333373	0.80531846973000865	4.2536099922245798	8.7221355547011434	47.891607947591055	4.5556223605255655	10.8510637823306	44.468211303128804	89.25	83.790000000000006	62.25	0.045788373810657833	0.080186705677432385
0.35999999999999999	0.41140950094569151	0.98676170644795891	0.99027328860826547	0.7879966279881766	3.9721073200959784	8.1989217286351863	53.339630753766507	4.2713761393131993	10.234065004944108	48.454179817133031	88.419999999999987	82.299999999999997	61.339999999999996	0.043724093219060407	0.07878300641828806
0.38	0.97191674556984498	0.98481472510264145	0.97817622622477651	0.70572663950363734	3.8833559825425459	7.9459633717597882	43.161542496051894	4.114852002797571	9.5096526358069369	39.584882972510719	87.940000000000012	81.209999999999994	62.399999999999999	0.041834275869897429	0.077274942599101989
0.40000000000000002	0.6601558481354407	0.98098488072677537	0.98516581231454858	0.74619054458343581	3.8741413785558918	7.8500715421663028	41.459339626293556	3.9490639095469815	9.3263521506892069	37.432545033853621	87.459999999999994	80.039999999999992	62.260000000000005	0.040111835870661416	0.075479933449638506
0.41999999999999998	1.1064603729694009	0.96990405758979803	0.97850290655582417	0.71651345965806834	3.5513114591733439	7.5077786927096266	40.507530486365887	3.6773101581024212	8.6135003190327062	37.317140772398602	86.109999999999985	78.559999999999988	61.609999999999999	0.038560823456977936	0.073747215019624363
0.44	0.99017216936852415	0.97472466279705805	0.97672436130183837	0.70145833692724913	3.4233891058186763	7.521543617014335	40.946049294500085	3.5662440651814551	8.054394859890655	37.558174017474819	85.050000000000011	76.440000000000012	60.390000000000001	0.037111466107863769	0.072014950489155655
0.46000000000000002	1.553881240405216	0.91501909965992778	0.92128586005848656	0.56300322893773713	3.2426880346427494	7.4746224223645878	33.319829819480617	3.3106132056685276	7.8395807765465308	32.000379062377888	83.510000000000005	75.500000000000014	60.739999999999995	0.035744411892286762	0.070199925232480767
0.47999999999999998	2.1122162139231393	0.95148767480946894	0.95272787423554806	0.65354437748594729	3.1376252482237517	7.6880002153911224	37.24652354119624	3.0800911610337569	7.9027793250934097	34.238814785503919	83.230000000000018	74.460000000000008	59.429999999999993	0.034674389934426092	0.06953705510923372
0.5	1.4701295915444805	0.94406307556589542	0.92474594568051072	0.51067230339425862	3.0847473513860288	7.7160387583187271	43.708477603097933	3.1032366314566375	7.9774122935927592	40.527957569025617	82.920000000000002	74.469999999999999	59.910000000000011	0.033564930867350552	0.068476822002677309
0.52000000000000002	2.1795665629301304	0.91286855557795443	0.87220920231895194	0.4025944992394227	2.953781735211277	7.375534695995384	32.83309313320602	2.9136104374206253	7.2786995919648998	31.421074047665265	80.939999999999984	71.549999999999997	58.279999999999994	0.032434115460600571	0.066452929585867043
0.54000000000000004	1.6914749219135841	0.91463819357926801	0.88867487969227277	0.51518380742679926	2.9901313375925236	7.622906047487211	33.19144198114369	2.975295587918287	7.5926715873848263	30.592991918790567	81.569999999999993	72.799999999999997	58.889999999999986	0.031479295603469286	0.065631417403965733
0.56000000000000005	2.1384661848474136	0.8525950195821832	0.79605351627541132	0.42995373232116291	2.7889818056486102	7.5723161368843019	37.053819277374892	2.8693809032883126	7.1149071994470034	34.329212898372688	79.709999999999994	70.289999999999992	56.640000000000001	0.030690166806847729	0.063309737902334726
0.57999999999999996	2.5007409035520034	0.86939364493686944	0.85208094790306288	0.40726819684270438	2.7821076958406814	7.7220372338516725	32.519525249825449	2.8165300252770775	7.5731486523815779	29.864544890351919	79.070000000000007	70.060000000000002	57.479999999999997	0.02990408504326416	0.063844948944492136
0.59999999999999998	2.5288128908947431	0.82873041877745091	0.79527107812178022	0.35637648559467905	2.6832691778611113	7.3381769838454645	29.240697346855349	2.7066093373291276	7.0364763539057353	27.653830728194798	77.400000000000006	68.010000000000005	55.320000000000007	0.029051857549952414	0.061244554642374341
0.62	3.2962033927761034	0.84240165511697962	0.74954398567231884	0.3118269020201952	2.8346353808250706	7.623913288951667	30.215821284739878	2.8362734622100043	7.1172242025744792	27.50515951446976	77.099999999999994	68.210000000000008	56.379999999999995	0.028326472956116309	0.059612251737390008
0.64000000000000001	2.8445722948928376	0.8271183536526715	0.76963434149912691	0.33365753705163659	2.7919639533728224	7.7749036104641061	27.832596196925845	2.7176934411996054	7.2674045010076354	24.961637819236188	75.810000000000002	66.669999999999987	55.850000000000001	0.027603891295713178	0.057057622188195767
0.66000000000000003	3.9906079832128798	0.79693313029459256	0.72506549582579383	0.3069967922947196	2.7938470869310392	7.8870421137404678	28.756265695079811	2.6595419311046116	7.3391070749146134	28.196019347551804	75.0	64.650000000000006	55.010000000000005	0.026956365101733954	0.056756647262541128
0.68000000000000005	2.6080352420654722	0.76079472091923983	0.70564571591907754	0.24952523159875231	2.75799139119365	7.7774807849531982	25.946504289512148	2.625724351082769	7.4076318791667148	24.60599894056292	74.22999999999999	65.260000000000005	54.789999999999999	0.026431225310335184	0.055924890511905932
0.70000000000000007	3.2936973744540596	0.75527215435875583	0.6674289362692285	0.19207790833440408	2.8319172615128214	8.0932517754285271	30.846072271280896	2.6208758893192861	7.4910969471732658	29.45554134012005	74.119999999999976	64.870000000000005	53.890000000000001	0.025784127579427153	0.054476507394511507
0.71999999999999997	4.0846599545524809	0.66860766542163896	0.46385237531974549	0.10346730158970399	2.7244785024658222	7.8695198838010398	23.835582022112771	2.5444323039604484	7.1930596532678646	22.984938369752648	73.27000000000001	62.609999999999999	52.950000000000003	0.025215375401116236	0.052115247806245345
0.73999999999999999	4.9290605970280366	0.6516133325513942	0.52001937694912947	0.18776562540953287	2.8309385237518234	7.8905208900880748	26.440992330820677	2.6184266053495344	7.2497304818799595	24.806914459672662	72.38000000000001	62.640000000000001	53.25	0.024582248604565159	0.048320446048294233
0.76000000000000001	5.6972372479647992	0.66339684684347999	0.54956016899149129	0.14781919349604494	2.8302625407929876	7.8041882910930012	21.793986249455816	2.5977865810091312	7.0819655214992565	20.715817021739934	71.150000000000006	60.620000000000005	51.030000000000001	0.024193238062788905	0.048265060139020224
0.78000000000000003	5.6374231588819628	0.58924042792669973	0.4359787786825029	0.12866154417373882	2.8839113652206474	8.0062312560540185	23.210625922557618	2.6751159144335519	7.470437779644163	22.394534720949554	71.730000000000004	61.580000000000005	53.239999999999995	0.023743631887705684	0.045863531997041226
0.80000000000000004	4.7614173237730197	0.60069335832907433	0.43308731815355961	0.096355034416895219	2.8504477066307365	8.3139990341676899	21.036691681208627	2.669370115262172	7.6867178713207212	20.152002785909357	70.849999999999994	60.950000000000003	52.330000000000005	0.023175206259020417	0.044251251735439631
0.82000000000000006	4.0103681975163976	0.50923717400603663	0.31528768831914655	0.054261999475066644	2.9383454332449048	7.9067764164107501	19.920360629755539	2.6555181621848778	7.3109052816089388	18.7621010248197	69.769999999999996	60.420000000000002	52.410000000000004	0.022827248522137793	0.041726976162110775
0.83999999999999997	4.2781794126055734	0.50378352019306183	0.36791407012396876	0.077879910299943414	2.826138456526281	7.8739536193167599	17.275367923544099	2.5318140702402889	7.3794601895585235	16.769090110323251	69.450000000000003	59.520000000000003	50.690000000000005	0.022282473634148002	0.040688859574630219
0.85999999999999999	4.8519058260060621	0.50498642181486164	0.32072352541552263	0.060555531049488666	2.8690645140776256	7.7851959607708405	18.70657894578682	2.4872228872938074	7.0108167496266365	17.633496155541522	68.72999999999999	58.549999999999997	49.969999999999992	0.021950843515812227	0.040248602170128892
0.88	5.0089469569466889	0.49011836346168824	0.31848371517094592	0.10019379493283168	2.9682068780938247	7.7286795134742494	15.191945536989135	2.6553697616080094	7.10035360646844	14.144485037500592	67.230000000000004	57.149999999999999	49.010000000000005	0.021636247256559483	0.039692683504041752
0.90000000000000002	5.4429295692403903	0.5070116167076687	0.27897743563506561	0.047128553691901769	2.9948916940059598	8.1674737544083023	15.884383339165648	2.7292114959850875	7.4503353101012024	15.191013508663513	67.900000000000006	57.61999999999999	49.369999999999997	0.021160283090226498	0.039906172759000012
0.92000000000000004	5.9138830372006623	0.4969977977147183	0.28137439874189746	0.073738437851375682	2.9405377779972555	7.9474056563397655	16.041873465306857	2.602107735066963	7.321919820503366	15.246158000558079	67.390000000000015	57.519999999999996	48.789999999999999	0.020949290993001118	0.03773934956186057
0.94000000000000006	6.1275904281337201	0.4679126738000553	0.28598645655723876	0.06417590397270459	2.9310848433983923	7.829343534090067	15.936230668460272	2.6216223897772397	7.1466613883867867	15.072702550127516	66.560000000000002	55.979999999999997	47.450000000000003	0.020639100977853944	0.036549439343191298
0.95999999999999996	6.0952378867282064	0.4275401187358665	0.26623306261053636	0.068911490957450083	2.993883774858642	7.8696015386110147	14.538280236628822	2.6427962095479889	7.3345738113425494	14.24256081202895	66.139999999999986	55.260000000000005	48.329999999999998	0.020283477569915005	0.034872220625908043
0.97999999999999998	6.1119653826697293	0.37487975175218741	0.17604788816572389	0.038354147273123688	2.9986655509710145	8.1945793213854401	15.665327784865777	2.7044853154850368	7.6893042647323373	15.457286963608666	65.700000000000003	55.399999999999999	47.82	0.019864510409322821	0.035038888095090495
1.0	5.9418281060523679	0.41061346963852363	0.20704699738343643	0.038569623190297775	3.1370658566726481	7.9319886730673499	14.497702122336985	2.8319333193744183	7.4534915385364782	13.934186365308843	65.600000000000009	55.220000000000006	47.549999999999997	0.019641508775802539	0.034402742674083338
1.02	6.3107224459541138	0.3789062326810283	0.17875818745376562	0.040188956909057445	3.1068825540517451	8.0575350396325298	14.116630512623422	2.8360834175720444	7.4457787745889377	13.361883133508831	64.490000000000009	54.489999999999995	47.260000000000005	0.019308408386000842	0.033043620157560488
1.04	6.6030319365488461	0.39701388101998525	0.23274709404908517	0.10382425044524826	3.202242933511954	7.8144703048972719	13.403850585993126	2.8084284632902872	7.1796299320116885	12.544761305451663	65.080000000000013	55.0	48.170000000000002	0.018981477278836045	0.032579988645330557
1.0600000000000001	6.7251101296638645	0.34643389470342711	0.15920126293900322	0.030774730065338724	3.2474316017573264	8.2161997225116963	14.121086692075952	2.9084408007196938	7.5104448417836283	13.324661392195145	64.180000000000007	53.720000000000006	47.539999999999999	0.018810861649976751	0.031552815228720457
1.0800000000000001	6.8692693507099447	0.38811370877385992	0.22797061864166457	0.061264315275284385	3.1122338380071106	7.9674021659702827	14.181545374339228	2.730972908970597	7.3703590767495344	13.585760526034017	64.429999999999993	54.200000000000003	45.839999999999989	0.018543868365355532	0.031106900864956183
1.1000000000000001	6.7698229848207738	0.31885985501684722	0.15087357135248966	0.028485838094740638	3.1718868465989356	8.2795533599003033	14.89614059159579	2.8258528612403402	7.8227778614596133	14.163348991873701	64.27000000000001	54.070000000000007	46.759999999999998	0.018247943201371394	0.030554778717360488
1.1200000000000001	7.6820461351836151	0.32729618603699012	0.16246223583993882	0.033422042384466472	3.2278965233310069	8.3023428165657531	13.893295416554389	2.9291160017819919	7.6320242400694216	13.284749781288966	63.810000000000002	52.840000000000011	46.909999999999997	0.018041280314330548	0.029345017532885858
1.1400000000000001	8.0809544817171641	0.31376512898001507	0.14456975804286992	0.042844640167174083	3.2438008085567196	8.2905960827243543	14.624840217687318	2.9398236272299432	7.6427544376121901	13.833804893109999	63.370000000000005	52.230000000000004	45.269999999999996	0.01785908835478197	0.029563792567364761
1.1599999999999999	7.2255614626017319	0.3055564193686523	0.11130607729665425	0.032299198243208309	3.2409613833908728	8.2941556909481324	13.425668267980033	2.978247446503226	7.8878307821317346	12.661458247432403	62.820000000000007	53.359999999999992	46.049999999999997	0.017629884321285556	0.029109346296490469
1.1799999999999999	8.6907948058174433	0.29201094919433046	0.13902679175604296	0.033544327040883504	3.3509063717694483	8.5506167568933744	13.990502200747724	2.9956786969670275	8.0347811136625022	13.716905166661466	63.219999999999992	52.839999999999996	46.920000000000002	0.017358751638296636	0.028178648602356287
1.2	8.1081504657974826	0.26244114552529613	0.10276496080655424	0.037719207115166208	3.3045838258094151	8.5167836900492642	14.378630541487812	2.9131383747871218	7.9984924226597567	13.673274851946866	63.140000000000001	52.839999999999996	45.940000000000005	0.017178263422768576	0.028385519930299103
1.22	7.6064977446750213	0.26745161179942467	0.092116702783282545	0.035627442159195943	3.3078551665794045	8.3497975571054521	13.506875483244333	2.9551527636263946	7.9732282393473568	13.24612742475245	62.609999999999999	52.590000000000011	46.390000000000001	0.016946512437930099	0.026782699946252743
1.24	7.7483631013869791	0.25615710558197713	0.083562443110766702	0.019399649857045197	3.3212229275580385	8.7308564955916417	13.899023335191321	3.0192277509554013	7.9697597422284305	13.253781912346906	62.149999999999999	51.900000000000013	44.75	0.0167605384728804	0.027146598569745099
1.26	7.618806276020206	0.24839943310767004	0.088726584710123249	0.038581124042879736	3.3711582777560496	8.5110980153022489	13.313442731155334	2.9413225338927691	7.783874127523001	12.879626833148738	61.299999999999997	51.709999999999994	45.18	0.01652217585845266	0.026580494616534937
1.28	7.2423820439677282	0.27455603037590659	0.11799611593886208	0.043076803643013542	3.3529183109603133	8.3373800872556831	13.329816717823888	3.0380358351953598	7.6455654433425932	12.503360048037489	61.729999999999997	50.859999999999999	45.019999999999996	0.016442596248693798	0.025998026222858617
1.3	8.1522552623347675	0.23052477165631827	0.094800020386528169	0.0307832286779334	3.3431924712260566	8.6431411474796551	13.87168731822409	3.0391444201688929	7.9631430273284831	13.337102161356503	61.620000000000005	51.089999999999996	44.029999999999994	0.016133401599026386	0.024761253965492811
1.3200000000000001	8.2657637164866546	0.25613495891845217	0.11027034618279544	0.045504687092410734	3.4068045721189542	8.6511851972343372	13.507010107704829	3.0100912462084337	7.9258687183434917	12.882257492995288	60.920000000000002	51.379999999999995	44.440000000000005	0.016061753835910499	0.025171864354550998
1.3400000000000001	8.191652760139668	0.2183536194897607	0.13026144595794548	0.071704365839075745	3.4895166207983785	8.3938981509394299	12.531876861112845	3.0609966389555532	7.8279311016732391	11.943497587351228	60.66999999999998	50.400000000000006	44.830000000000005	0.015971215694510328	0.025032723804047623
1.3600000000000001	8.3118259736096025	0.21171455993038396	0.065994354566622365	0.020929964598903956	3.5195613366950935	8.8526060374466375	13.818894448205047	3.2457330938283406	8.3750791461456693	13.091150708580756	60.419999999999995	49.549999999999997	43.799999999999997	0.015688124278817384	0.025345567500651634
1.3800000000000001	8.4538008680421441	0.26795991487651066	0.11158929035525807	0.056509638757944271	3.450772188878672	8.8528146487721529	13.574355084065562	3.2124354594154481	8.4962294628565544	13.257541834086831	61.330000000000005	50.759999999999998	44.43	0.015493662783362252	0.023859569419338918
1.4000000000000001	8.6622030787653657	0.19478882087551389	0.072981449782401148	0.031538677389000014	3.396647934798763	8.7110736063589087	13.749986349543544	2.998035490594126	8.0310772611015615	12.737912271083664	60.399999999999991	50.090000000000003	44.120000000000005	0.015420816857530256	0.022734697127822383
1.4199999999999999	8.6624114737724245	0.1764478401619067	0.038569063170643861	0.022810088175162457	3.4832780433051775	8.8601317100684831	13.344421574997138	3.133501124984043	8.2343771896121538	12.809764338143811	60.200000000000003	49.390000000000001	43.600000000000001	0.015304104787447282	0.023296835284761317
1.4399999999999999	9.3978237530071276	0.22364656795482213	0.068977024971118767	0.02399408024356835	3.4626165995894702	8.9339432843341804	13.803150862192997	3.1233500832195515	8.1611210571212922	12.918960662463396	60.149999999999999	49.920000000000002	43.620000000000005	0.015142687542674328	0.022624488276750405
1.46	9.0416332326673956	0.22703548524177969	0.093873046327262316	0.022097428554447358	3.5403204481470389	8.850350313899888	13.583782619356702	3.2290827808464528	8.0360702003446711	12.964443226156343	60.030000000000008	49.579999999999998	44.090000000000003	0.01486200728406736	0.022400278973430506
1.48	9.4930353383736055	0.23355567449634992	0.080265858274854315	0.031314730508183043	3.4183435917292391	8.6605014069321573	12.589695190446438	3.1100126532972929	8.2214718042428299	12.069152213260249	59.870000000000005	49.220000000000006	43.939999999999998	0.014732131266193544	0.021998926173662257
1.5	10.286403047420107	0.21218431943503538	0.061202390391821737	0.021565363019565423	3.5044039178065405	8.8285934198002245	12.987832649214724	3.0967493321931072	8.0500082207513568	12.234143892334663	59.179999999999993	49.359999999999999	43.32	0.01461981849875447	0.022073004926258459
1.52	10.746273476569861	0.2292365894074842	0.089286689713959935	0.030428964759266691	3.4637458700164947	8.7454672640933815	12.694678789270032	3.2206495852437116	8.163525078364616	12.271210806869037	58.920000000000002	49.120000000000005	43.059999999999995	0.014543447983973071	0.022259260175979702
1.54	10.282060074023629	0.22997771400756645	0.089199499707326838	0.058546570088893482	3.5357619427938412	8.6629309384786382	12.394102354162627	3.2432661105662191	8.0185322175584428	11.936474491399391	59.239999999999995	49.519999999999996	43.409999999999997	0.014354018381324444	0.022024838415473837
1.5600000000000001	10.91033940935599	0.19984110532847388	0.067776042819855248	0.020210207180595508	3.520053471360145	8.8151062412457541	13.394391599999665	3.1238750503742616	8.1447879859535526	12.660694648242686	59.299999999999997	48.489999999999995	43.469999999999999	0.01428602592880499	0.02153908381853498
1.5800000000000001	9.4038248873130073	0.18653341416053432	0.072084473799899088	0.013035716897440857	3.532766039778322	8.8928579787454058	13.463986979181746	3.2965142240816427	8.3337684065060209	12.45369618653638	59.060000000000002	48.25	42.38000000000001	0.014097650490256181	0.020232402523028735
1.6000000000000001	9.9906592554233757	0.16858107760844099	0.044557006622932362	0.018898580068253106	3.5441007323103255	8.9369431751616375	13.618438218650251	3.1993068041938879	8.2310263732625728	12.785702366255174	59.359999999999992	48.479999999999997	43.219999999999999	0.013955415494328804	0.020315828011508032
1.6200000000000001	10.204317644380316	0.17045585039613104	0.045222127847689343	0.020865464717053105	3.5825833240596565	9.280023861709406	13.849030452340704	3.2475719253042579	8.8218081200670291	13.054072722008048	58.710000000000001	48.399999999999991	43.400000000000013	0.013841303486497212	0.019977131546389065
1.6400000000000001	9.0420371942818605	0.18983678240620777	0.060324515631139511	0.02673607865552427	3.5229823075129105	8.9766787120239666	13.236022450274438	3.1465204298260741	8.2275590887439378	12.632121924424094	58.270000000000003	48.049999999999997	42.819999999999993	0.013823059688332296	0.021118403516977739
1.6600000000000001	10.791385608835894	0.18757975148778927	0.061327768933796468	0.017031661442751374	3.5639247068724536	8.9918329249233118	13.049617341439012	3.2212487372982705	8.425835639729609	12.219065391516496	57.75	47.409999999999997	42.229999999999997	0.013653428613682333	0.019643510030446423
1.6799999999999999	9.2818240928555404	0.17257669143552293	0.035583720990316724	0.010270807218672351	3.5278946359253092	8.8587519975341245	12.899169681008766	3.3127777782272894	8.4070190218474554	12.245356394552072	59.109999999999999	48.330000000000005	43.180000000000007	0.013566351730946832	0.019750582219318146
1.7	10.384471245751612	0.17002127892242455	0.061450355972802059	0.018961293978840228	3.5890964981705538	9.0369595280179293	13.355914882442296	3.2352306604486039	8.4060071948693622	12.792976596570089	58.789999999999985	48.689999999999991	43.000000000000007	0.013492462760984003	0.019660699429320808
1.72	10.14994535398478	0.16998920724107872	0.056057599139942328	0.030879864802336333	3.5865418790930681	9.1301849546938456	13.615936289598775	3.3770629998332944	8.5015005556334362	12.773122150569588	58.29999999999999	48.140000000000001	42.380000000000003	0.013352203284578762	0.019291640174419211
1.74	10.77089741925753	0.14800513352208558	0.046152795913245039	0.042790258069185939	3.630228388352569	9.0343467746499933	12.944444610962567	3.3159979907264931	8.3840594091039105	12.61575995657385	58.029999999999994	47.900000000000006	42.120000000000005	0.013230998789112236	0.018732596073063223
1.76	10.498711320815378	0.17076142934466926	0.052100926210366785	0.023142550085770226	3.6147947769447306	9.1028686035717747	13.425491683519965	3.3701953479880351	8.5627398954590994	12.598179751546626	57.730000000000004	47.809999999999995	41.780000000000001	0.013107828247783084	0.018484225506244765
1.78	11.258180795887165	0.1818934423591631	0.046483565319417115	0.010480136398887044	3.6384153913198909	9.0418090093931394	12.911522720202564	3.295614565305756	8.8138018535447777	12.626066729431603	58.039999999999985	47.649999999999999	41.93	0.013070177679845243	0.019436302252060222
1.8	11.738502446956632	0.17191620746597031	0.053523221931875788	0.013125752410636054	3.6090812380703254	8.8765239595336993	12.845021964213895	3.2735547568153285	8.2922184003114587	11.965589050717188	57.86999999999999	46.689999999999998	41.469999999999992	0.012942569936355156	0.018058579519831419
1.8200000000000001	10.916088187077609	0.17720689334958561	0.054506664658446315	0.028309038932629697	3.6021929163713842	9.4301970669828457	13.526681286998453	3.2454653820705106	8.8589744135613238	12.893236743917637	57.629999999999995	47.399999999999991	41.329999999999998	0.012810864523428767	0.018037403819502158
1.8400000000000001	11.400960724633808	0.168270193445206	0.050567788446726734	0.020648393257590637	3.5567752554351939	8.905502257567651	12.89491829744272	3.2797475222266912	8.1517021647609926	11.874645855456432	57.520000000000003	47.069999999999993	41.760000000000005	0.012762604798894498	0.018658320092522673
1.8600000000000001	11.377345228650775	0.17586852819132914	0.04222456109179238	0.011163013985412466	3.7559622618599469	9.4624036737467332	13.436816852379346	3.4217728128306262	8.7178284969725368	12.651344523493803	57.329999999999998	47.109999999999999	41.489999999999995	0.012575534081171836	0.017634580899622589
1.8800000000000001	11.390795341946856	0.11962542818190854	0.027865419283939274	0.017488274793315491	3.610991528340926	9.2570796464802907	13.398217765947578	3.2553409871749963	8.7091749403335861	12.934681824391788	56.910000000000004	47.440000000000005	41.159999999999997	0.012577004081360196	0.018361625909612597
1.9000000000000001	10.723370768548319	0.13381358924336872	0.035098610448293835	0.027442390968887592	3.6226395069235244	9.1844563479083128	13.736475375069597	3.2797488659283305	8.7160813398618604	12.901184279367314	57.460000000000001	47.299999999999997	40.86999999999999	0.012444948421548903	0.017199773247141857
1.9199999999999999	11.144559472699255	0.14144519007431752	0.033169379293829807	0.0101882535293928	3.5708298700439314	9.3170987618111223	13.57112227321432	3.2180918548486246	8.7538287480065264	13.364524813152389	57.429999999999993	46.899999999999999	41.450000000000003	0.012387247606061186	0.017293877752924684
1.9399999999999999	10.813163271244253	0.15051463415722299	0.030387742941261186	0.016221253722944817	3.6655651896941861	9.1560576145271551	13.096494652098423	3.4340394905890577	8.5072177639434159	12.338246253882989	57.120000000000005	47.340000000000003	40.769999999999996	0.012297344793654122	0.0171762449773415
1.96	10.593848601698458	0.15269885141695635	0.03724028071287732	0.020203893382004155	3.6637692941123299	9.4152348252247364	13.297057963492975	3.3342266001145773	8.8618292489358748	12.743287299335737	56.280000000000008	45.930000000000007	41.480000000000004	0.01225908924045634	0.017735491794156656
1.98	12.104900947843786	0.1084800683573206	0.01626381088462606	0.01023748591822112	3.658975700753055	9.3038018235678273	13.245634483686441	3.38800008340493	8.7895749593660231	12.633033345620408	56.290000000000006	46.510000000000005	41.140000000000008	0.012163449196625244	0.016815828632628007
2.0	11.29955379694119	0.15322921324913133	0.038216550510507631	0.015649871820182758	3.6414166786707973	9.2125213605057432	13.362006698089948	3.3996792018505104	8.6587603286805113	12.814748747052878	56.309999999999988	46.549999999999997	41.049999999999997	0.011970751273116467	0.016413883270387012
2.02	11.632728493118314	0.12909114933793581	0.025492013914519513	0.016487008155815004	3.7158470443600997	9.2567498893234088	13.751275078772711	3.3738371710494364	8.6881765795671733	13.437994182218276	56.75	46.400000000000006	41.100000000000009	0.011933665472837451	0.016518616593651017
2.04	11.997635747318723	0.12919734785016171	0.040132147433442275	0.031364024151065546	3.7283363648905379	9.5904073907910714	13.68091515314282	3.4011048065332332	8.8484228572902452	13.045814966900462	56.25	45.400000000000006	40.440000000000012	0.011898341566264584	0.01657373290382123
2.0600000000000001	12.456917793289106	0.13504404137823328	0.030735150866698292	0.01126178588158883	3.70588553834747	8.8674788205300707	12.746146446463507	3.370640272736793	8.2869201882204031	11.957537159574581	56.600000000000001	45.629999999999995	40.940000000000005	0.011763684599196789	0.016416161940674658
2.0800000000000001	12.567218351983225	0.14492877146429145	0.031980421982015526	0.014822345029901476	3.7426973177477811	9.4335026796972148	13.293876831806667	3.5048202645432154	8.7472894059104682	12.419244491628479	56.100000000000001	46.130000000000003	41.369999999999997	0.011736259985432524	0.016449818610017868
2.1000000000000001	12.829571524674929	0.13655949139612922	0.024636382041854473	0.0098001350964621991	3.6505981737201338	9.2085510159374042	13.273522527999592	3.4389098977144861	8.662087608528978	12.786809795882562	56.549999999999997	45.949999999999996	40.660000000000011	0.011605038333341576	0.015830225802544114
2.1200000000000001	12.646566114514835	0.13815351617067115	0.030004404054358565	0.012289192730325261	3.6971986671654404	9.2491111859567372	13.249983510991195	3.3279703903671409	8.6102873138399723	12.790211825280275	56.600000000000001	45.819999999999993	40.349999999999994	0.011511866532722318	0.01532358500879577
2.1400000000000001	12.271179946933408	0.12372768554897044	0.024015626907526916	0.018157900634198809	3.7827352484860426	9.6252137079642015	13.744849646891513	3.5922200841914922	9.1895065637750477	13.151211692571071	55.989999999999995	45.320000000000007	40.310000000000002	0.011463329579130174	0.015731604350587926
2.1600000000000001	11.959576758991455	0.11342766765983185	0.035717276891030651	0.018647683323507608	3.7067172239242958	9.361993681911331	13.1608512136655	3.4491061555713096	8.7916502159879251	12.658855083080329	55.799999999999997	46.230000000000004	40.769999999999996	0.01143437526401715	0.015401569848885752
2.1800000000000002	12.676959465654585	0.12587487302896261	0.027445819641912624	0.010698779928413258	3.6416725738324316	9.249694843233609	13.878618181303803	3.2436644176660225	8.4106848125386975	13.390995236950118	56.689999999999998	46.450000000000003	41.160000000000004	0.011302093968190279	0.015339167762686279
2.2000000000000002	11.859247943846338	0.13501117241795901	0.042365168501708447	0.011215093607453687	3.7422107591643949	9.4859709893741648	13.499564743446408	3.4795044263675279	9.0189688835539279	13.130641590230445	55.780000000000008	45.000000000000007	39.799999999999997	0.011322649491521085	0.016333887934193568
2.2200000000000002	12.525813957885976	0.12158173356657273	0.040578447634794131	0.025071923392380686	3.7624151037901208	9.557140396729757	14.048108540046552	3.5769699511249002	8.8685022848001047	13.253914454928031	55.609999999999999	44.630000000000003	39.899999999999999	0.011266869645866215	0.015220563605806084
2.2400000000000002	12.259332123958652	0.10278754699187105	0.023349161590395594	0.012578604106316896	3.7486564001408409	9.3617882436406106	13.076142942815844	3.5278677105215315	8.8018394474575672	12.439726106081249	55.159999999999989	44.790000000000006	40.390000000000001	0.011169947435610094	0.015028167012628834
2.2600000000000002	12.973010220899669	0.11694495606975013	0.032117374920946337	0.025893375795090191	3.7415034772351121	9.4458998343296461	13.320420418131487	3.4529856676240178	8.9744633912906266	12.72683085099175	55.939999999999998	45.720000000000006	39.839999999999996	0.011078157266657661	0.014995157040421458
2.2800000000000002	13.471269263785249	0.1123295091016846	0.029865270202841143	0.010611341118847272	3.679260337500176	9.4972721483354299	13.486400447638513	3.3512733063199369	8.9500840809228244	12.962905875908069	55.430000000000007	45.320000000000007	40.150000000000006	0.011019436675468102	0.015026886133933373
2.3000000000000003	12.288119151989141	0.15143495545047556	0.022172414874747293	0.010481994372386953	3.6639641353752905	9.349056372637671	13.595823182915515	3.4140379696930632	8.7028563122370954	12.757707588081235	55.230000000000004	44.420000000000002	39.789999999999999	0.011001835654235181	0.01461139176631172
2.3199999999999998	12.665145435724611	0.11837851838587987	0.025034653425511651	0.0075375752917459654	3.7700878866220187	9.4443643154097678	13.248029597906916	3.5002625272540642	8.6051631229310264	12.495407102758069	55.440000000000012	46.199999999999996	40.369999999999997	0.010930069733495782	0.014696031957742394
2.3399999999999999	13.726236059359918	0.10876024741260834	0.013454684963263731	0.020818302149867317	3.6991934115276317	9.5721331332963349	13.82178820046073	3.4814344146731004	9.0667099158551139	13.299854426589638	55.030000000000008	45.239999999999995	39.029999999999994	0.010806660262443767	0.014486114767771971
2.3599999999999999	11.986353873253709	0.12814249203704853	0.017073453686804806	0.02025940434082274	3.7986711283048598	9.6836768184005351	13.870182984492022	3.5063209499986288	9.0941497197633669	13.252795439727251	55.329999999999998	45.010000000000005	39.809999999999995	0.010803577856858534	0.014406639422927605
2.3799999999999999	12.175925134136078	0.14588798023019073	0.018721171339463306	0.0090722205192017291	3.6548746883782277	9.4001506872814264	13.70408866146839	3.4684285453577886	8.9550411613517866	12.980779521845657	55.200000000000003	44.989999999999995	39.850000000000001	0.010676815606283143	0.014269138097392881
2.3999999999999999	13.268549834007271	0.11395388709470702	0.02108945186096773	0.023855012582420058	3.7640573854508461	9.4717960673530861	13.785362421592907	3.5192958879923317	8.8807164783724524	12.817880584295688	55.290000000000006	44.600000000000001	39.689999999999998	0.0107238996036423	0.014679952486514733
2.4199999999999999	12.833403097960087	0.11266553214738644	0.020993257355117177	0.012727966671164954	3.7506647212535804	9.3604646424274307	13.659198700344072	3.495429256984707	8.7047880506905368	12.872788478739869	55.470000000000006	44.960000000000001	39.919999999999995	0.010650715425498152	0.014427248812031224
2.4399999999999999	13.804342789811624	0.148673245434252	0.023680206700320616	0.010535588867862973	3.7364190448953964	9.3755369568777294	13.693501758867214	3.3894924774761437	8.9672404722511878	13.018644023950838	54.720000000000006	44.429999999999993	40.0	0.010538307008152049	0.01398276966554309
2.46	14.243741271237081	0.12294622136595963	0.024260001548955835	0.012653581746858062	3.6964081454441859	9.4136831048864966	13.283696991902033	3.4274983626339788	8.7748641518896147	12.489474199560032	55.290000000000006	44.549999999999997	39.839999999999996	0.010383031540994247	0.013847348757478391
2.48	13.387556115451973	0.10944575401133487	0.028648218658036302	0.016770130735803912	3.753715810656105	9.6325650048245741	13.888532069472944	3.5205588808475228	9.0055127433241999	13.327031903295079	55.38000000000001	44.699999999999996	39.489999999999995	0.010462864652347076	0.014462802232701629
2.5	13.701904270502778	0.12625896751072671	0.02569905494367386	0.01612944256679125	3.7007773168909077	9.3872039812944568	13.53509909588379	3.4792188450234192	8.6812395049896782	12.681544648869949	54.420000000000002	44.619999999999997	39.229999999999997	0.010337526905754556	0.01350817358241275
2.52	14.06935242039374	0.11942221027863327	0.015995101965355453	0.0096991093820722723	3.707346169138225	9.3281347739926055	13.753631473701153	3.41909979634395	8.7624745952432921	13.403782939708341	54.930000000000007	44.820000000000007	38.920000000000002	0.010328203589697724	0.01341867621100433
2.54	13.427128136469713	0.092565467753659772	0.01339559103111301	0.011016996501710227	3.7444208758201496	9.8107646131068194	14.190139551387754	3.4793962690191025	9.2127127341029134	13.365772138921296	54.609999999999999	44.810000000000002	39.400000000000006	0.010365868946619738	0.013679828000718566
2.5600000000000001	14.609842948048955	0.091746627215280943	0.01424766772114737	0.015712823858804077	3.7667876482938354	9.8640373189736259	14.127679361959036	3.5067787744233678	9.4144039809990971	13.880954822953331	54.439999999999998	44.460000000000008	39.230000000000004	0.010169352203028285	0.013309377289523635
2.5800000000000001	14.05117744110478	0.12086496582441723	0.028820969126892203	0.0094800223843565339	3.8042053769957489	9.7924028414120361	13.962838258588594	3.5300277102334334	9.0161140097526307	12.869312567523135	54.529999999999994	44.340000000000003	39.630000000000003	0.010190846342458896	0.01348107759687556
2.6000000000000001	13.585634644038585	0.1139356672191822	0.02656522299002511	0.030041545232137611	3.7735334466500712	9.6667005200881579	13.825595475401041	3.5938493179304167	9.1269877884381678	13.098021903717651	54.600000000000001	44.769999999999996	39.110000000000007	0.010122572959690324	0.013576045191708366
2.6200000000000001	12.822513742198442	0.10190998682294028	0.014354785802855314	0.012205265740547816	3.711820258794424	9.4810087257897582	13.993577855337213	3.509815561901882	9.0189068832641404	13.194369080424655	54.590000000000011	44.779999999999994	40.030000000000008	0.010130240783091309	0.013337697738060761
2.6400000000000001	14.127904089953503	0.11954769059033583	0.017340533040436468	0.008880979117860073	3.8109859489344879	9.4104554201038724	13.333279110653233	3.517775001943336	8.9115145593700014	12.512671530774735	54.710000000000001	44.280000000000001	39.179999999999993	0.010070520287417558	0.013259773298630576
2.6600000000000001	14.933773291571203	0.10145672164995352	0.026227887007346719	0.018523206824831131	3.7160422896175058	9.4735963087950843	13.310596163151212	3.5143936327584342	8.6792941020264287	12.516465306712121	54.660000000000004	43.959999999999994	38.460000000000001	0.010017690609659582	0.013096155432018249
2.6800000000000002	14.568327159258734	0.11222623612495616	0.018621774657745123	0.010595545469314613	3.7204949764846389	9.4288723019948169	13.569926013356554	3.3954042200168546	9.0117376545876446	12.761809963000832	54.279999999999994	44.089999999999996	38.629999999999995	0.009952846383443353	0.013331268007496136
2.7000000000000002	13.997816381711235	0.1076717353968667	0.016669689802469481	0.012791556534577534	3.7803577733681104	9.5602957221409106	13.796010525744887	3.5045816531736662	8.9604988713219047	13.214966940334104	54.179999999999993	44.060000000000002	38.789999999999999	0.0099352324008222422	0.013075772136830694
2.7200000000000002	13.592930408745739	0.10313420867200085	0.019785332751286033	0.019971618216043048	3.7217722803268445	9.2122022656580462	13.663684381246744	3.4533510917777135	8.7579030102027389	13.513970537126289	54.350000000000001	44.580000000000005	39.800000000000004	0.0098214828718796755	0.012841169301101202
2.7400000000000002	13.916102685194629	0.092869491216393055	0.015816681040730002	0.0093261894447579183	3.7797701322830202	9.5623731206562699	13.496177942746911	3.4389831337881231	9.1106867662001534	13.085568829094871	54.210000000000001	43.109999999999999	38.38000000000001	0.0097839567912510299	0.012831307566024897
2.7600000000000002	14.172501555625628	0.099565832896449408	0.022125893805352546	0.032166519175074626	3.7046450833004578	9.3869592852336936	13.96739961402738	3.526706256136066	9.0062574763363941	12.933314417516034	54.579999999999998	44.049999999999997	39.160000000000004	0.0097578435434637189	0.01247976132850093
2.7800000000000002	15.163411506451851	0.091812623309596275	0.027197624589462628	0.015747118620316906	3.7273229366739757	9.580743266223962	14.011903301854483	3.6184554016014649	8.9711721190448586	13.669042556339463	53.729999999999997	43.519999999999996	38.700000000000003	0.0097330737757752757	0.012609747487611001
2.8000000000000003	14.082178519942774	0.11500911296463741	0.015068933141810731	0.010629793089311602	3.7813603819969885	9.9765930622382228	14.565073322589011	3.4883143365697116	9.3262688382912238	13.860962899863926	54.009999999999991	44.0	38.630000000000003	0.0096395605120306004	0.012797465070743971
2.8199999999999998	15.490865250724118	0.10662498045637352	0.019393758898891458	0.023949166970028413	3.8429984479274593	9.735572269666779	14.229397421747333	3.6099167467116686	9.1820799807427136	13.107746770379617	54.240000000000009	43.279999999999994	38.120000000000005	0.0096551617549175683	0.01251276164344033
2.8399999999999999	15.566200205472379	0.11233632494347372	0.02772962191694308	0.024587268166815522	3.7668390696963145	9.3993439659633946	13.593424869088011	3.5653148432278186	8.8122983591374027	13.006330369080425	54.839999999999996	44.159999999999997	39.219999999999999	0.0096297270877219506	0.012591097659151443
2.8599999999999999	14.928236599218938	0.078319927249610927	0.013926999683963682	0.013474565161733612	3.7681544706851242	9.6491321510166905	13.954156460035325	3.6000827455378919	9.0320160130649167	13.020025991980878	53.660000000000004	43.68	38.159999999999997	0.0096914928921020219	0.012916732854871068
2.8799999999999999	14.990220843600198	0.11020120058518974	0.03216411603588655	0.015936997762525131	3.8439658771880376	9.7377649912061948	14.142052748222776	3.548017359769176	8.9815361553278734	13.356945646073479	54.299999999999997	43.200000000000003	38.650000000000006	0.009611112228802593	0.013221336610913728
2.8999999999999999	15.420646598307941	0.065776312738692763	0.017298045759236758	0.014811947175353026	3.8163523293570352	9.7063808633511321	14.111262651676261	3.5172746891153253	9.1057656852952853	13.025989447736942	54.320000000000007	43.440000000000005	38.510000000000005	0.0095032996618859937	0.012272029870096176
2.9199999999999999	14.678837866372858	0.08686023655519351	0.021183437987453084	0.011232254583685411	3.8009777829145528	9.94792496751454	14.262011133358053	3.6945200121757638	9.5350041839489688	13.27849309093954	54.140000000000008	44.220000000000006	38.730000000000004	0.0093982427821267638	0.012029419728009949
2.9399999999999999	14.404530347590022	0.081227251215555227	0.0068823676153966021	0.0017438033325949676	3.7667657350917865	9.5529536306530414	13.969357013341114	3.5378311757757217	8.8752531820100167	13.586253790344978	54.050000000000011	43.670000000000002	38.230000000000004	0.009405669532928998	0.012245664179387519
2.96	14.062266400568106	0.079022525069057215	0.0069378190357944668	0.019510548959434361	3.7689479220500361	9.7203549913121545	14.240324323338267	3.553666961181114	9.0578736263698634	13.52129494974805	53.779999999999994	43.11999999999999	38.289999999999999	0.0093548116407014756	0.012440935619997765
2.98	14.521193188436531	0.094802184867164227	0.011870330494433411	0.00521543164787556	3.7917052488516534	9.3808427419265179	14.100394229173693	3.4368144477355655	8.7452845979973812	13.143276297089733	53.620000000000005	43.439999999999998	37.670000000000002	0.0092537792820381812	0.011808210587517142
3.0	14.667711766716254	0.10391849543269756	0.011502178824161619	0.0048297356351095239	3.7592049333200537	9.55071520587944	14.077973867422457	3.471267160708694	9.0894758344300559	13.307717583288689	53.149999999999999	43.679999999999993	38.519999999999996	0.0092162101908638463	0.011856970209498864
3.02	15.26400572352968	0.086166650837532888	0.020613347360163587	0.017668393420231736	3.7644414081414856	9.8792434471458392	14.766929991749342	3.5086365897756409	9.3706525639480098	13.742671838193854	53.090000000000011	42.439999999999998	38.069999999999993	0.0092794278942441959	0.011979236660011203
3.04	15.194117334881639	0.11306889847520585	0.023308380769625048	0.020467488669769551	3.7312026389319697	9.6423119802725168	13.695892684563674	3.4970903011391057	8.9719766513825441	13.103128025903453	53.090000000000011	43.530000000000008	38.43	0.0092659151239156794	0.011877064206198638
3.0600000000000001	13.745356327771857	0.082833453155123402	0.013540942787965046	0.0083688013528779581	3.7506765260263251	9.8874535498414708	14.115271228811276	3.5046000376779931	9.2318548035678294	13.344367539082359	53.450000000000003	42.780000000000001	37.890000000000001	0.0092090948658547413	0.01218366262910499
3.0800000000000001	15.217075059007115	0.07167147681610922	0.01590993614051369	0.031672907403703862	3.7351503283812399	9.394300629363423	13.88883880581229	3.475132744115085	9.0501343620274248	13.478276602635663	53.340000000000011	43.530000000000001	38.350000000000001	0.009149141732219172	0.011754846790206283
3.1000000000000001	15.248630268105927	0.10485281765656876	0.016765246581027377	0.0084823966371622185	3.7622677937390625	9.4892356588673064	13.81060885975981	3.4011835428057666	8.9352455622164317	13.280423942991472	53.240000000000009	42.890000000000001	38.469999999999992	0.0091135157115587763	0.011655518172700743
3.1200000000000001	14.913526664173085	0.093384443595892999	0.0088893069806740017	0.013086115553297823	3.799088739749815	9.4443859725202692	13.618422059020563	3.5770663709894008	8.9870650880280909	12.795979148163427	53.420000000000002	43.830000000000005	38.25	0.0090856886957015933	0.011337106195921176
3.1400000000000001	14.686850740029541	0.1031810399143728	0.020580737261635416	0.0076280506595794119	3.6797759640329915	9.5441595517169127	13.742460355527575	3.6557034533140707	9.1784230292306681	12.984816781480493	53.109999999999999	43.220000000000006	37.670000000000002	0.009077762544107075	0.011021683410740732
3.1600000000000001	15.874991436032097	0.068112305352771213	0.01217076346193547	0.01043343966641542	3.8816627215391257	9.6939940407585343	13.681199223145786	3.668903895997738	9.1371127851585303	13.059980668636957	52.88000000000001	42.680000000000007	37.589999999999996	0.008984713102375903	0.011797832751307077
3.1800000000000002	15.518179479101045	0.080971303672347381	0.01523251387072894	0.016772300344962049	3.841584211031928	9.8089254424020282	14.289956602261521	3.5263988306574015	8.9838192091381917	13.298753686514534	53.420000000000002	43.079999999999998	37.700000000000003	0.008970810568441295	0.01188749375924639
3.2000000000000002	15.692144316850161	0.085917426616503562	0.01880896345170948	0.013212332896756065	3.804504504534882	9.7451862892917198	13.725548405702051	3.6596560042387138	9.2721927962047239	13.077951284787215	53.299999999999997	42.670000000000002	37.599999999999994	0.0088653312387858701	0.011106972419016821
3.2200000000000002	15.726763963163712	0.09036147674311612	0.026189789725113356	0.016758515754252919	3.6878043438064183	9.2391436596289545	13.273799080407329	3.477348596561586	9.1377122211837385	12.91401449109399	52.830000000000005	42.829999999999998	36.710000000000001	0.0088743042651802991	0.011607385567801753
3.2400000000000002	15.170122053149827	0.089386375165081536	0.012100267854262882	0.012436184112233128	3.7883485883937915	9.7525754371674882	13.679925606598013	3.6000087675969126	9.1231391195719915	13.318800074399984	53.039999999999999	42.390000000000001	37.890000000000001	0.0088464941726833866	0.011130568241543825
3.2600000000000002	15.916624173687989	0.076236946432962596	0.0069984004932504102	0.02582947016159335	3.8774219085087838	9.6213787569099161	14.24082519432946	3.7152174272206766	9.0451082680352641	13.430279993828893	52.800000000000011	43.009999999999991	37.950000000000003	0.00874536802398726	0.011116611839508406
3.2800000000000002	14.505933619816565	0.082091749128301181	0.02818673137078994	0.040163660532395257	3.8411163265845945	9.8773081513168535	13.980823209126299	3.5939352050149873	9.5750310369648393	13.544553420928256	53.149999999999999	42.890000000000001	37.589999999999996	0.0087874169883174931	0.011361536009312698
3.3000000000000003	16.041012163847768	0.086342769421165741	0.010151581406008256	0.0096089323304854625	3.7295813837887293	9.7183126063038401	14.424105264565705	3.471312515974263	9.3063582539745653	13.543827842289176	52.689999999999998	42.329999999999998	37.280000000000001	0.0087284379199644817	0.010963320897878812
3.3200000000000003	15.919965196232276	0.075115337150747336	0.014260011436936778	0.01415249132353057	3.7889989970618942	9.522437567551723	13.726470333380679	3.6354419281223187	9.1440677092577864	13.196879688043367	53.230000000000004	42.850000000000001	37.719999999999999	0.0087726772766974926	0.011588479202066362
3.3399999999999999	15.811309196123721	0.090558283243003856	0.016196309665953111	0.009192619133072271	3.755362533181887	9.6327875511500611	14.409438154327791	3.5534459620035483	9.2013830614709118	13.416358424301674	52.470000000000006	42.670000000000002	37.250000000000007	0.0086689894841400824	0.010868380211298382
3.3599999999999999	15.729336775452344	0.079085828372610106	0.013192953802353705	0.0046978228838122377	3.7669785312322381	9.7050949878269215	14.384942073066046	3.4352575709760926	9.071187282930147	13.505398089067393	52.86999999999999	42.439999999999998	37.359999999999999	0.0086752376783745134	0.011107504867864815
3.3799999999999999	15.612186721605712	0.063068035583517618	0.013267277237355546	0.0068723626635298542	3.7862505286666717	9.7163434988631234	14.338853397492622	3.5173084745620655	9.0836767850959976	13.685083985297021	52.519999999999996	41.829999999999998	37.149999999999999	0.0086956430549913165	0.011079973194423276
3.3999999999999999	15.583894925130354	0.066743193416440597	0.013831191877959023	0.019045426582162635	3.7796095267772878	9.7890413343903795	13.962910445923999	3.709080075333163	9.2141663254227328	13.125611156999824	51.939999999999998	42.460000000000001	37.579999999999998	0.0085713403249464797	0.010885316358651736
3.4199999999999999	15.904383196311228	0.07328376796170151	0.014403787007705674	0.01644913551922747	3.7742151616041495	9.5472844137318731	14.396740631064887	3.5696016108321489	8.9360912702769113	13.846713549305889	52.309999999999988	42.469999999999999	37.219999999999999	0.0085639189054778526	0.010989585475177109
3.4399999999999999	16.114491849343565	0.083882394093290472	0.015801409910155165	0.02201924612488829	3.8968568242274637	9.8650915646553621	14.099916580809332	3.6226357582410968	9.4386089702417486	13.579959745366782	52.45000000000001	42.470000000000006	37.5	0.0085644568070665488	0.011098374934895502
3.46	15.88065669395032	0.081313761600023127	0.0053835943867661254	0.0078994052833587236	3.7416571831078338	9.8264117883520505	14.432515903097871	3.6330823506783125	9.4275634925017364	13.783907048931525	52.180000000000007	42.249999999999993	37.170000000000002	0.0085135194795393308	0.010720380974458913
3.48	15.818454661544223	0.068373108817719921	0.020581441361131585	0.02669964036229084	3.7862278120085149	9.6999336938479441	15.173720503886727	3.6076191396599127	9.5322289594506397	14.458420976461511	52.600000000000001	42.289999999999992	36.979999999999997	0.008494604969143971	0.01065655595245713
3.5	15.784132211827263	0.072526716162518753	0.0079874144714429454	0.012898693023724725	3.7039966391737855	9.4637636248250381	14.302910172490886	3.5761666585381588	8.8070749562733219	13.603471744984461	51.680000000000007	42.329999999999998	37.189999999999998	0.00844071959534674	0.010772664830408781
3.52	15.544546651406881	0.1103443071392505	0.020334774261687876	0.015498354025594047	3.7032063860863227	9.3380828366264605	14.179617078377319	3.4687681631933609	8.6975428534667252	13.333016809550926	52.299999999999997	41.499999999999993	37.32	0.0084896736387951675	0.010593032087445244
3.54	15.770951417430521	0.071318357878213529	0.0071340985965786764	0.021745014617044891	3.795566834960026	9.7024824862397505	13.998713702996096	3.6728430908223211	9.3398939779059624	13.655256303587089	52.070000000000007	42.119999999999997	36.579999999999998	0.0084432915990410445	0.010809576988696749
3.5600000000000001	15.706688920042566	0.079839529622288005	0.0064515212847449611	0.016644904713791486	3.7354908324128715	9.4916001135007377	13.784775689140872	3.5212933661657879	9.1279889376433268	13.16817438184672	52.260000000000005	42.560000000000002	37.380000000000003	0.0083152957215761013	0.010362025907052423
3.5800000000000001	16.212843349341	0.071780791033912883	0.012502995950479812	0.027993076182127912	3.7187444079295182	9.6227704578786906	13.894587751089915	3.451587421086324	8.9486877150389326	13.138167625255434	52.229999999999997	41.720000000000006	37.030000000000001	0.0084351015960665281	0.010657570969409239
3.6000000000000001	16.137643273870669	0.069948067511997364	0.0097789253442920384	0.013095416045675615	3.7562722665844577	9.5688404794657895	13.9889367221648	3.5750972522575744	9.0590592125273623	13.262043582007854	52.670000000000002	42.709999999999994	37.159999999999997	0.0083438932175552392	0.010752181073263273
3.6200000000000001	16.170802874157715	0.071961901049769253	0.0057897326132486651	0.008945813124251422	3.7135912111882563	9.6421383551363	14.428385972837754	3.5146080480631476	9.078137107184439	13.777723425906043	51.640000000000001	42.470000000000006	37.229999999999997	0.0082763339247125221	0.010522123824147358
3.6400000000000001	16.323173104028321	0.072559569944546529	0.012749969021612306	0.012618420220141272	3.8705520780414879	9.9878002158760051	14.915989177280469	3.7048806788913047	9.5632390722667608	13.810260771407261	52.350000000000009	41.310000000000002	36.469999999999999	0.0082590078032815598	0.010345534622916562
3.6600000000000001	15.754998425255312	0.081250630020759274	0.0094293142746094925	0.014745585382344079	3.8694621582655877	9.849423188244522	14.333518423641754	3.7503054494503152	9.3075095629144791	13.916088965079004	51.739999999999995	43.130000000000003	37.980000000000004	0.0082823666677938196	0.010336882852641871
3.6800000000000002	15.8339648779199	0.078119364465917607	0.0050115509934580658	0.0095246300050161169	3.7682098677024505	9.7695839334073149	14.568198527691308	3.6159140749209868	9.4714661449617719	13.932135559792727	52.179999999999993	41.189999999999998	37.120000000000012	0.0081894691900699559	0.010161276865190012
3.7000000000000002	15.706864803140277	0.083238531315797795	0.013386013156115439	0.016541588702415323	3.8554936431790181	10.00575143953893	14.69725055628526	3.7351413064567351	9.3088807509446116	13.572210435041143	52.290000000000006	42.409999999999997	37.570000000000007	0.0082285490868428714	0.010598416307142092
3.7200000000000002	16.079130394794571	0.070178714280832097	0.011375034986754063	0.015296957097615266	3.761486752018905	9.5405303686052783	14.217718245603333	3.5129866386940001	9.1740308601262832	13.679665002850765	52.220000000000006	42.579999999999998	37.390000000000001	0.0082199729452466248	0.01030134240796194
3.7400000000000002	16.025039314032618	0.080473177092122275	0.0055032436973803086	0.015833318404097598	3.8896464904022503	10.006171502603319	15.049215478522006	3.7842638278652223	9.368582446700902	14.37701750916986	51.879999999999995	41.890000000000001	35.960000000000001	0.0081662997449446148	0.010518771536209403
3.7600000000000002	15.788656707846224	0.057306338328319717	0.005414797007377346	0.015239379849605264	3.8192466235440863	9.8378265111070196	14.601440794788624	3.499719153351144	9.3947936708121365	14.291370076133035	51.990000000000009	41.770000000000003	37.060000000000002	0.0081595869778600671	0.010307046479060389
3.7800000000000002	15.869119491383296	0.070931778737177126	0.010805243557806144	0.013297411169010948	3.845637848217256	10.130237670896543	14.80727396227528	3.5752147715611202	9.4418747261496634	14.105873026228457	51.299999999999997	41.529999999999994	36.479999999999997	0.0080764990285985341	0.010004411536862065
3.8000000000000003	16.154339631418917	0.056749355675849177	0.012217219184082698	0.019285869618357605	3.6998247792852448	9.5114870958951379	14.262360113866567	3.5247619910655943	8.9228881477497186	13.813757282092075	51.609999999999999	42.440000000000005	36.869999999999997	0.0080641133682211891	0.0098395276741534508
3.8200000000000003	15.954574375351461	0.069591300671447184	0.01428040969088191	0.014524568092159202	3.6990562638541133	9.5526836165522067	14.473511838020888	3.5601758496093892	9.1515123725383702	13.81306817101586	51.789999999999999	40.799999999999997	35.82	0.0081051767975343896	0.010180823508043585
3.8399999999999999	16.043535331185669	0.072053749639677853	0.015926946069664046	0.020780700391707076	3.7557482725726863	9.6230275434791324	13.932075132842709	3.6666706537477047	9.5488334850615217	13.387630090730488	51.730000000000004	42.329999999999998	36.86999999999999	0.0079371804278523979	0.0097967422654709983
3.8599999999999999	15.929313924880619	0.049980863763193238	0.01195337291930698	0.015242874418975396	3.7602280680534959	9.6636017449209053	14.859530702407136	3.7370375040502131	9.21379831383015	14.150042495509686	51.479999999999997	41.629999999999995	35.429999999999993	0.0079883607574690423	0.0099121107941377105
3.8799999999999999	16.01826791032904	0.07199712303257963	0.0041814274648744876	0.018373138810894352	3.8174463171377595	9.7156934311665761	14.312466059584864	3.6776196574553262	9.1406053186166876	13.406892767491474	51.170000000000002	41.439999999999998	36.090000000000003	0.0079119131302930971	0.010181082960576722
3.8999999999999999	16.056961210400797	0.083853575301102642	0.021930358990673839	0.017911292698051175	3.7604573251765125	9.4771302986862054	14.181496903005364	3.6356157174539945	9.0157193337814761	13.252523867448335	51.790000000000006	41.999999999999993	37.200000000000003	0.0079392948276701906	0.0099960446852336571
3.9199999999999999	16.018372587658661	0.059757574430633419	0.0070269872920516851	0.015150617519705561	3.7533223326978118	9.6577512314312433	14.499781214320398	3.555422412420417	9.204158344921975	14.183117263439803	51.600000000000001	41.730000000000004	36.18	0.0079439303464966891	0.010089694805000576
3.9399999999999999	16.013900697613828	0.072552817020100371	0.012745963457756077	0.020548930161689998	3.7768394274853705	9.6025753528102769	13.83456030462759	3.6276626319245269	9.350851315825695	13.478776498120089	51.739999999999995	42.480000000000004	37.43	0.0079275352868643234	0.00983727262143963
3.96	16.187191046993949	0.083786509601225134	0.020547003194581845	0.0078197030954103471	3.7516624983261027	9.6586639999985984	15.138690200553967	3.5550708711146348	9.5165627925104026	14.575391273132661	51.350000000000001	41.809999999999995	36.440000000000005	0.0079419019589936843	0.010565415773553782
3.98	15.956145668739824	0.060960246589859379	0.0093439275126568321	0.015816915111077596	3.7501195389648396	9.6099643418570473	14.649978762565121	3.58499624034296	9.4359391586581438	14.199395642304665	51.379999999999995	41.82	36.68	0.0079293852586158307	0.010059136963191122
4.0	16.132229923171224	0.062641535694888922	0.010117710680149722	0.010253554921172799	3.7590255620450228	9.7107881807379943	14.420029214833994	3.6699183850936321	9.4131417356915925	13.9076779060858	51.039999999999999	41.939999999999991	37.040000000000006	0.007822391758557444	0.0097073771331081943
4.0200000000000005	16.052816488605981	0.091715392211390259	0.0098275625065809072	0.0039373811468259882	3.8724087577843478	9.7571257078853453	14.460961991153173	3.6387416150594403	8.9653016245513868	13.788348175090221	51.370000000000005	41.600000000000001	36.749999999999993	0.0078216551951312552	0.010057822655111045
4.04	16.294362001297422	0.067940403257999285	0.010308742197459347	0.010786555335562701	3.8702275831226549	9.8357906660827581	14.568571901953579	3.8100031662312475	9.6878407453480211	14.496285384038099	51.75	41.729999999999997	36.619999999999997	0.0078330634642237423	0.0097147558921464212
4.0600000000000005	16.069639071506028	0.056156912831478091	0.0059710584282585393	0.012261809572447914	3.8140540094850266	10.221111621570536	15.386382251504831	3.5443963245177494	9.8761488460007829	14.602495926875221	51.270000000000003	40.539999999999999	35.82	0.0078938920995099433	0.010138734759848131
4.0800000000000001	16.248306139863974	0.06603889864158094	0.0087651962902447721	0.011481845952667448	3.8056598355767322	9.4769089526304207	14.30584390449979	3.5456496394951174	9.1321440235769611	13.51473976895527	51.320000000000007	41.630000000000003	36.579999999999998	0.0077337407426095409	0.0098253620400754992
4.0999999999999996	16.011732014333443	0.052518992013046863	0.018193932831969708	0.020990224129983685	3.8430703907388164	9.8010556502178936	14.00689768961216	3.5234158494283236	9.273784935431868	13.307286725596231	51.150000000000006	41.290000000000006	36.36999999999999	0.0077540182643298511	0.0094764843067060549
4.1200000000000001	15.746109077692445	0.084924989026272865	0.011907263306783985	0.010976328341081939	3.8429669439338632	9.8861756337565279	15.118027534809709	3.8021378403417865	9.6524425100875568	14.696351444457161	51.700000000000003	41.009999999999998	36.189999999999991	0.0076748510336322852	0.0097328480795345548
4.1399999999999997	16.304007327981644	0.070795883241715221	0.0068962207194411453	0.01082283802794835	3.7316672290857325	9.5719922404892799	14.692011269069496	3.6711356727362281	9.3275961691610281	13.902624552447927	50.880000000000003	41.680000000000007	35.780000000000001	0.0076704048299025811	0.0091996501740676754
4.1600000000000001	16.086938655095182	0.090391322274257571	0.01124391153069839	0.0087470352002087422	3.820868265328027	9.7857738025419359	14.84097930782699	3.6349017007317146	9.484811454225877	14.038530277529409	51.609999999999999	40.880000000000003	35.710000000000001	0.0077414836782024087	0.0098265029605565084
4.1799999999999997	16.001849465090341	0.056524246846688261	0.0031251731503972231	0.0025807168678747354	3.8207631014745429	10.063243727837975	14.963265267126882	3.6956904032280584	9.7381696521485477	14.493413762936237	50.75	40.760000000000005	36.660000000000004	0.0076078115095048124	0.0095766861364902749
4.2000000000000002	16.273229558785758	0.06913988538846251	0.016672532631711395	0.0099982486223109731	3.8653697786150496	10.019938217215559	15.165697477572541	3.792468488037771	9.3993737975545244	14.493873538159864	51.790000000000006	41.380000000000003	36.189999999999998	0.0075985904766672982	0.0095696807470062369
4.2199999999999998	15.806584819639619	0.074693740421784088	0.016560393075809095	0.0070626381700818319	3.8834044762252353	9.9204689051027852	14.579770284560862	3.7165717923262349	9.4178543719183292	14.077686573258779	51.160000000000011	40.920000000000002	35.920000000000002	0.0076304881860783007	0.0095793163830902341
4.2400000000000002	16.318954959447762	0.063353594375995678	0.019841333988002887	0.017458819140534116	3.7779770484320521	9.736406564208222	14.651287150434129	3.5103048601139024	9.2356689823813092	14.259425323897307	51.220000000000006	40.930000000000007	36.149999999999991	0.0075984514035641257	0.0096867695318736471
4.2599999999999998	16.025944909839936	0.06810433712386893	0.0055288858522530241	0.0059266369555615516	3.8117902858932275	9.8524127659761618	14.706146941642448	3.4993967698221802	9.1386638149488526	13.800659429012915	51.359999999999999	41.68	36.269999999999996	0.0075726146248953283	0.0092065311637136993
4.2800000000000002	16.029521900412217	0.0656769257577587	0.011533998613700882	0.0065041677704012948	3.8651162586874444	9.8691925821248105	14.875352206917634	3.6854157982856881	9.2888133991662034	14.091214168319127	51.840000000000011	40.789999999999999	36.219999999999999	0.0076313485290694814	0.0095052585664045456
4.2999999999999998	16.00170886037602	0.067350009196494823	0.017424126138955318	0.018187132762338559	3.9243350977057809	10.073629417708997	14.933449662363341	3.8228681199559502	9.653828148312849	14.6045990664685	50.810000000000002	40.600000000000009	35.380000000000003	0.007538034987128195	0.0093807652807233674
4.3200000000000003	16.113102114421181	0.075242010065214776	0.016641882578516724	0.01837164007012454	3.7390344214487188	9.8879074243468867	15.298213449170884	3.4894821607674884	9.3137923444563704	14.728834899635331	50.370000000000005	40.869999999999997	35.040000000000006	0.0074703437149901426	0.0092139093741406067
4.3399999999999999	16.308795620239128	0.040057625917516021	0.0060406331861236487	0.012859254269382597	3.8273826758095191	9.8110220039167224	15.132480876679537	3.7545046086794436	9.2642880394575897	14.454811812284216	51.320000000000007	40.959999999999994	35.400000000000006	0.0074793990714720829	0.0092145958927751879
4.3600000000000003	16.266161864859214	0.059371209937576587	0.0080641674917908412	0.0083996737545652591	3.8171698609086064	9.8743812186041797	14.88592331132773	3.7437458400870569	9.3881671252178052	13.988921795027082	50.740000000000002	40.980000000000004	35.410000000000004	0.0074911858452765736	0.0091929309781023753
4.3799999999999999	16.311177617144079	0.065182450055689484	0.014174646524817393	0.015993064261776276	3.7996722556706835	10.010071481542742	15.225119724222546	3.589899596124043	9.7126400978443499	14.659948969727992	50.86999999999999	40.799999999999997	35.719999999999999	0.0073842257382734384	0.0093563877231658578
4.4000000000000004	16.230682066865405	0.06549858083909027	0.0055342738723976864	0.0086297834082424991	3.7922156280734094	9.5915036421727056	14.557857582534343	3.6765995117516526	9.0475766010273411	13.740336151575679	50.619999999999997	40.350000000000009	35.410000000000004	0.0073925512928170551	0.0091542970726919866
4.4199999999999999	16.498802484426875	0.054405138570707889	0.013328477423906429	0.01159352656837688	3.8439828527834572	9.9179261073116454	15.183039919094986	3.6048060264372053	9.4545886381531723	14.472303706434705	50.530000000000001	40.110000000000007	34.920000000000002	0.0074128114360116487	0.009224938025322902
4.4400000000000004	16.321325952916347	0.069603807244197471	0.0076236127271413438	0.0090207521050600734	3.7674267658652019	9.5901487725047758	14.372245319248929	3.5930707622539351	8.9712802209374694	13.468229685594148	50.519999999999996	40.57	35.209999999999994	0.0074836331659550361	0.0092927506218194143
4.46	16.142648882513587	0.065697495908776465	0.0058304196767512634	0.018428908540142917	3.8560261167202823	9.7845656553114786	15.383155225995788	3.6087856329228414	9.1072501090416349	14.474176816955042	50.210000000000001	39.579999999999998	35.25	0.0073188940365112613	0.0091090030277126734
4.4800000000000004	16.075882445148068	0.068433297901491316	0.010998826779344571	0.0085269596956146984	3.862687734764755	9.5742986670865111	14.575232854763694	3.643606247400502	9.1019095153474545	13.807304948201519	50.920000000000002	40.910000000000011	35.890000000000001	0.0073762354476317391	0.0092772363372435294
4.5	16.379889026426412	0.057440554937525888	0.012873285036749435	0.010703058864374979	3.8225421462368265	9.8915584340075071	14.759302985847876	3.7146520771255482	9.4016990023893854	14.665536112867191	50.719999999999992	40.210000000000001	35.899999999999999	0.0073324259048649504	0.0090533801692034444
4.5200000000000005	15.848193151513472	0.054877773124455187	0.010674765943170286	0.015351183017748909	3.882739516801903	9.8163651493231558	14.712453030267065	3.7913596211374454	9.4265599208312363	14.103486521879793	50.420000000000002	40.809999999999995	35.989999999999995	0.0072594988394474643	0.0090886660365242841
4.54	16.007632623129815	0.049947323486514886	0.008296254287633387	0.021259698016968306	3.8272596078665786	9.8902354327965227	15.067652631151114	3.6605264026130606	9.4243968613366302	14.466734645905547	50.670000000000002	40.030000000000008	35.530000000000001	0.0072860644470477453	0.0090973603343458241
4.5600000000000005	16.042611001884115	0.062570388654237391	0.0072149352848724212	0.0059536952217258887	3.8219058588025923	10.0567408670064	14.93021353656292	3.6070870088012135	9.3996632676843124	14.064360069877946	50.600000000000009	40.170000000000002	35.649999999999999	0.0072030089075827463	0.0088447660070751881
4.5800000000000001	16.331231679011715	0.077448016211758647	0.0057785963144512979	0.0077559198536120214	3.8492091098644856	9.7456573308705572	14.874550145456254	3.5810110259444463	9.4693350707276984	14.485984530121275	50.749999999999993	40.839999999999996	35.920000000000002	0.0072394066270332416	0.009160033404216927
4.6000000000000005	16.384865348452678	0.050272433699064978	0.010600692240893616	0.016099986266809845	3.8079555615749259	9.683937498402722	14.651735240963259	3.5843351712422127	9.1744020098401062	14.114723614997217	50.760000000000005	41.149999999999999	36.0	0.0072500179859078685	0.0089078997107746357
4.6200000000000001	16.171403785637597	0.05974677656543427	0.008625867161640724	0.0057790775827328191	3.8588776333635293	10.034050949420225	15.213179802479768	3.7129643218158668	9.7715073333118134	14.762590369973415	50.290000000000006	40.369999999999997	35.660000000000004	0.0072622120100939175	0.0091237743112037011
4.6399999999999997	15.996333160080711	0.055184380249700682	0.0032624757213570569	0.0058106341241576046	3.8722258649303845	10.0242193637845	14.901972221625536	3.663325077206629	9.6415635695602706	14.636229210443693	50.200000000000003	40.579999999999998	35.249999999999993	0.0072049002678251321	0.0092567274506936727
4.6600000000000001	16.324441832639121	0.053983860349308452	0.0032701165867766121	0.015387464596438907	3.7726493984271188	9.9492794757938974	14.583950529411018	3.6327718362314507	9.3652287632883997	13.436733277643484	49.5	40.040000000000006	35.18	0.0071838928596365519	0.0088192377800977596
4.6799999999999997	16.226892765159	0.043976684799928757	0.017199454475914103	0.022899736184780424	3.8164646603234949	9.8531688240572262	14.882157759963615	3.6404411886673826	9.2546082622213568	13.929933363894174	50.389999999999993	39.820000000000007	35.659999999999997	0.0072253757271874691	0.00918673966732814
4.7000000000000002	16.135570273517441	0.068744275891889944	0.023460149473757602	0.022465500017313681	3.8091572778078993	9.8471400806494884	15.215296217076363	3.5940883993787187	9.267847267358416	14.59589407873475	49.710000000000001	40.289999999999999	35.109999999999992	0.0072364317784369249	0.0090085239530754268
4.7199999999999998	16.346986794992212	0.054318269273169448	0.013946611021108696	0.0099161520235519756	3.7689681382194977	9.847290984987449	14.976725643461526	3.6084625020525385	9.3165469833221586	14.387287597692534	50.529999999999994	40.290000000000006	34.989999999999995	0.0071855915744011732	0.0090066337078434505
4.7400000000000002	16.48192429236952	0.062471341121959588	0.01066935547821558	0.010131127435434035	3.8013068464132083	10.000471304933731	15.165498480797684	3.6072348854761138	9.5665339225705051	15.021788700658401	50.159999999999997	40.61999999999999	35.100000000000001	0.0070922253134786326	0.0086239030786083096
4.7599999999999998	16.205299725770125	0.061255661695938504	0.019133470223168601	0.0078774935393661136	3.8683877056968443	10.023388652014992	15.592959515883823	3.7212935379513619	9.4991816610232043	14.634528432647716	50.549999999999997	39.510000000000005	34.609999999999999	0.0071056300868244521	0.0087182523597869339
4.7800000000000002	16.191302178498667	0.055923061485399675	0.0090103109158939272	0.012341922072538017	3.7561090575844744	9.6389322027674975	14.684578788164094	3.5407628298320026	9.0884685802003737	14.086167224081702	50.179999999999993	41.029999999999994	35.740000000000002	0.0070897289647126951	0.0087694600522137383
4.7999999999999998	16.21928617431649	0.060167464912211553	0.014361651716312851	0.011642976159441942	3.7866243659099261	9.9555068645101308	15.137050600612833	3.6091046172302121	9.2458528446403943	14.159138046598651	50.130000000000003	40.799999999999997	35.010000000000005	0.0070282140735083475	0.0086048639362654271
4.8200000000000003	16.38216656939338	0.059065058133441539	0.0079316756349996458	0.0064876443737342578	3.8478099850499063	9.786878749931585	14.639651899194481	3.7611913288750705	9.1702389952727312	13.605032043750663	50.330000000000005	40.489999999999995	35.309999999999988	0.0070578750878344367	0.0086413184314741345
4.8399999999999999	16.282457557290464	0.047144615872533914	0.0044319032846674225	0.0058895346670364956	3.8868810664008926	9.8257349900311368	14.908097410290605	3.7493012811306285	9.5728368674005608	14.273753557165278	50.089999999999996	40.240000000000009	34.980000000000004	0.0071350740913780908	0.0088724676414309936
4.8600000000000003	16.258408703448179	0.053950104409211733	0.0096269319568132641	0.017185502676706651	3.7870458961711542	9.7776183898807538	15.62832230220879	3.6131442721651972	9.4842061847974897	15.107030996248739	50.790000000000006	40.020000000000003	34.93	0.0071250718233857365	0.0091417029182693024
4.8799999999999999	16.382218509013395	0.043843723973783784	0.0095815592477566033	0.02493006981450243	3.9391839000573072	9.8785754382112092	15.07652871473095	3.685951091807552	9.2569803796637906	14.390376143595187	49.560000000000002	40.089999999999996	35.039999999999992	0.0070240516816025096	0.0086297036803995829
4.9000000000000004	16.133072586538177	0.057686578578043622	0.0052214669259585409	0.01480499953832318	3.7995723478565422	9.8710484264624192	15.227867462711751	3.6624936567937523	9.7832350996433153	14.736517639484731	50.309999999999995	40.399999999999991	35.640000000000001	0.0070028204362377732	0.0089479580105655508
4.9199999999999999	16.285210877115205	0.076013271577153069	0.018469769141208771	0.0039857744043334592	3.8264230723842871	9.9320272203380124	15.106890161775734	3.7428607442923258	9.5160371486026936	14.543645026288399	50.160000000000011	39.530000000000001	34.93	0.0070028886762549519	0.0088127446234596753
4.9400000000000004	16.432335938723345	0.052994502752031804	0.0082509103338187506	0.011417658258014277	3.937595691277378	9.7755895230928331	14.974292567436979	3.8160694391921055	9.3402867213675336	14.173301539279759	49.890000000000008	40.420000000000002	34.969999999999999	0.0069512222659271206	0.0088349386551877275
4.96	16.413917180905742	0.063993301304190259	0.0047926903755382113	0.010850930901102103	3.8157480599031346	10.020369687687797	15.067722758629838	3.5950291269827792	9.375371482882068	14.202305103124635	49.649999999999999	39.530000000000008	35.120000000000005	0.0068829586345965661	0.0083925141612929671
4.9800000000000004	16.225659379377859	0.062174363480788343	0.0098884725543471243	0.006739157835336837	3.9515106687887758	10.195280588150881	15.676485830680189	3.6514886301596912	9.7234324283307281	15.081201267013236	49.859999999999999	39.690000000000005	34.189999999999998	0.0069022563513117183	0.0085139627932877965
5.0	16.046599905293945	0.06987849384791979	0.0073184664422354731	0.0064196422771227403	3.8819602240476372	10.042197942645508	15.54115063037456	3.7911896915465371	10.018718699693913	15.166138886555681	49.890000000000001	39.530000000000001	35.140000000000001	0.0069111161889951729	0.0085820187391189538
5.0200000000000005	16.486077200085226	0.054855029563952731	0.0084195636054160659	0.010011155195676563	3.778515374922963	9.969655482795968	15.430259755210097	3.556648177775986	9.6113103400269928	15.065139972469073	50.010000000000005	39.829999999999998	35.459999999999994	0.006872484122420669	0.0082548728944280766
5.04	16.00760379604224	0.053146325993172649	0.011215326842836592	0.0084843064572478581	3.89889071624656	9.9563593551541594	15.034788993251244	3.716240981751477	9.4824665775115697	14.272796608428507	49.899999999999999	39.760000000000005	35.18	0.0068485420803415702	0.0081326831557605398
5.0600000000000005	16.266392281444617	0.050084648981168753	0.011325715574849409	0.0023116484951806178	3.7645685603491685	9.6863173535034015	15.026628907965867	3.7517511080927854	9.5408292104341967	14.366540309972814	49.82	39.659999999999997	34.410000000000004	0.0067865353772828488	0.0082906310902304131
5.0800000000000001	16.338464154714934	0.060793503658456385	0.0071730552361598133	0.006355376351067742	3.8523722413188679	10.180804343031294	15.685721541703362	3.7590455099100835	9.7382380781262956	14.685418892168821	49.57	39.160000000000004	34.760000000000005	0.0068873782610887734	0.0086018031176129332
5.1000000000000005	16.388287395478837	0.050031621381394296	0.0082504429247657711	0.012602766684850558	3.8487729231254342	10.046164083892902	15.30621068418797	3.6189322627775637	9.7191630940321794	14.803189239068292	49.770000000000003	40.110000000000007	34.850000000000001	0.0068490625443747566	0.0082633604975111078
5.1200000000000001	16.028381649434877	0.063438177062985768	0.019444073506773359	0.014118009843846296	3.7777620442731994	10.137094440165198	16.084205590406206	3.8073356086565369	10.113501623633207	15.280286515997407	49.730000000000004	39.390000000000001	34.139999999999993	0.0067812081126686326	0.0082820362102593095
5.1399999999999997	16.265674458628556	0.056184700177946877	0.012053246693114686	0.020908719880759714	3.8252815812807794	10.299700942882856	15.712382888492197	3.8011038181390568	9.7574731573025293	14.505401302442047	49.0	39.529999999999994	34.140000000000001	0.0067910127325328442	0.0083489115755733378
5.1600000000000001	16.272935749928671	0.050745717593842873	0.010770586364854791	0.0076477672024166691	3.8196236447825185	10.220714887004968	15.326453279405303	3.5776353144179671	9.7944058930706426	14.310249641628621	49.130000000000003	39.640000000000001	35.009999999999998	0.0067973320329688973	0.008661456855020587
5.1799999999999997	15.96593972110486	0.039208908655509175	0.0070037452170293463	0.021894754362018109	3.7732225381929041	9.7019213674047471	14.999970436842474	3.657223587286071	9.2709435662705566	14.471051010707276	48.849999999999994	39.790000000000006	34.700000000000003	0.0068179029604974947	0.0083746711231965365
5.2000000000000002	16.195987075384153	0.049996116410676084	0.0074255329489046687	0.010542952918749893	3.7781162534778274	9.5614731128776214	15.019763461566075	3.6699730032614561	9.3857646279105005	14.463239657523204	49.799999999999997	39.899999999999999	34.350000000000001	0.0067302773513763167	0.0081688774107897179
5.2199999999999998	16.397851888830907	0.054452174426974941	0.012984711207138061	0.0052986226741419066	3.7843098190694384	9.6667169579682231	14.958938972365104	3.5639303836600282	9.4922564894083514	14.365607422583398	49.559999999999995	39.560000000000002	34.82	0.0067115560763793174	0.0079061194250142439
5.2400000000000002	15.917579633205312	0.080078729404889387	0.0084376518607916749	0.01132257337840342	3.8441842278044946	9.9720978261896001	15.515394594012983	3.7985489125337701	9.4671707058690906	14.745359616220165	49.440000000000005	39.059999999999995	34.709999999999994	0.0067143895890883374	0.0080837825576424265
5.2599999999999998	16.19417491374217	0.05269395410913956	0.020564013727176207	0.019408409770700415	3.758287923748282	9.7291369040438518	14.844516074225558	3.5960690281910566	9.3991308595213887	14.387704959209552	49.869999999999997	39.720000000000006	34.439999999999991	0.0068066239108562372	0.0083691403389220508
5.2800000000000002	16.177207253978835	0.03265005612449106	0.0030975116590015563	0.010594199414896144	3.8541342483036294	9.9695611532811519	15.544277540036523	3.6963921833106381	9.5778980750292906	15.003879946391431	49.600000000000001	39.530000000000001	34.179999999999993	0.0067095923959948484	0.0082820731969797546
5.2999999999999998	16.180091856024898	0.043281591256261215	0.0051110237027163236	0.013169507475539906	3.867274033638374	10.121872537626517	15.472146896299398	3.7516015537133462	9.9639926269640711	14.834617659371267	49.339999999999996	39.350000000000001	35.350000000000001	0.0067270688702096033	0.0084882902018608396
5.3200000000000003	16.196651167261294	0.039476322585821857	0.0076510697236291504	0.0066810243998469462	3.9001400655524803	9.9081596142089285	15.363716914277472	3.7663812224071185	9.5993958679852476	14.68569630489859	49.899999999999991	39.32	34.810000000000002	0.0066511877818562033	0.0080329835730298168
5.3399999999999999	16.25604065230079	0.055789047878233598	0.013623581739169574	0.011256603443409936	3.7985481113588251	9.636293767038131	14.939796962353345	3.7247622468492998	9.3429532594264284	14.029688629970954	49.600000000000001	39.969999999999992	34.770000000000003	0.0066676355704858858	0.0083773325542941569
5.3600000000000003	16.142135793660547	0.056879633968232937	0.0067071153745115967	0.013404073371175024	3.8676811886685969	9.8202276273132796	15.39584703725547	3.7565147045953524	9.4420916222925442	14.4354684177904	49.940000000000005	39.949999999999996	34.13000000000001	0.0066728022962983221	0.0080858938328260098
5.3799999999999999	16.309112455831553	0.04866214783925684	0.011259584882443089	0.011029189032557838	3.9317792211108347	9.5917460627726072	14.850420804639906	3.7561064276092759	9.1942821068664777	14.081710630924643	49.710000000000001	40.109999999999999	35.310000000000002	0.0067098468006645592	0.0082235533384325751
5.4000000000000004	16.237783272247022	0.041811900745561924	0.0066064111641731607	0.0098241250822234897	3.8655686897337787	9.977510790906333	15.283964444935529	3.7097445681027983	9.5854094905455476	14.394563720305154	49.13000000000001	39.280000000000001	33.859999999999999	0.0066468940496506729	0.0081526474053047974
5.4199999999999999	16.288534534311424	0.03484477239507739	0.0072870152189332266	0.0066783828780910175	3.8871993081925731	9.8877699582340437	15.883319777860104	3.7169649155970115	9.459421866139115	15.927816416514911	49.989999999999995	39.510000000000005	33.609999999999999	0.0066225362698153836	0.007918411663280488
5.4400000000000004	16.314851361559217	0.051189094357487176	0.016505752644976179	0.014633881188990377	3.8702908378408862	10.061900467753096	15.976331232823284	3.7848950238987045	9.6988978233568766	15.085554264874981	49.429999999999993	39.579999999999998	34.150000000000006	0.0065757986185568384	0.0079206108428122712
5.46	16.339900146553223	0.044203445129225478	0.0061593359719554087	0.014157720406474431	3.9303206116311067	10.285088729418135	16.165739713483909	3.7923761183045079	10.019512701798888	15.870022928966204	49.310000000000002	39.450000000000003	34.279999999999994	0.0066489035798882341	0.008399268442480276
5.4800000000000004	16.176095488104806	0.054625809107746746	0.011342576512985274	0.010075193960834256	3.8999527115158172	10.194178759092326	16.023817220939758	3.9171043443475013	9.8343286450148621	15.483562561742284	49.290000000000006	38.739999999999995	34.529999999999994	0.0065451549087867742	0.0080500268612782675
5.5	16.234845907991126	0.053551454423624578	0.011138614872549534	0.0088710011223790911	3.9089534311391292	9.833182087045099	15.259514468937676	3.8099633737562	9.1984736449314681	14.36213893243082	49.990000000000002	39.099999999999994	34.369999999999997	0.0064923852165135448	0.0076441240017067731
5.5200000000000005	16.540769074795929	0.044801203302854621	0.0061528450325059342	0.012925068380087779	3.8534997685087027	10.365781979771411	16.005746228459252	3.6283176742179934	9.8118311141096193	16.001511636331895	49.0	39.109999999999999	33.390000000000001	0.0066204359612128758	0.0080148712443180153
5.54	15.970717234636981	0.055831737584664552	0.0094894114773147048	0.0066012236391150628	3.8656281519994793	9.7410684718461873	14.746316638415284	3.6365754992383588	9.0929276865824953	13.992028883622657	49.040000000000006	39.399999999999999	34.75	0.0065950089435580072	0.0083934576127495213
5.5600000000000005	16.38153613145176	0.059088010314572448	0.011351598472105673	0.0093253597412253607	3.8631110409404021	9.9029175499249114	15.288342068776512	3.750831040016871	9.5741867910909431	14.411289899898239	49.079999999999998	39.089999999999996	34.450000000000003	0.0065228191975654449	0.0081439066645378894
5.5800000000000001	16.177114506665639	0.058608152317566033	0.008228821417891604	0.0061900661799874426	3.8035238475663333	9.8418173894227685	15.436491214454444	3.5994775193845698	9.1626362435934698	14.922329327898662	49.049999999999997	39.060000000000002	34.059999999999995	0.0065584155111752165	0.0081881304162636399
5.6000000000000005	16.410587209171428	0.047049818294802044	0.0083946463535786789	0.0033750357603478179	3.8958746758755654	9.8707296295403779	15.168436101416995	3.8352283582957591	9.6919787062233347	14.624770535857241	49.440000000000005	39.200000000000003	35.399999999999999	0.0064840544184701808	0.0080953973400325653
5.6200000000000001	16.365430793944146	0.052797419778042878	0.011345325811162685	0.008929328847456227	3.839777413078771	9.9325044062756103	15.350718416964526	3.779817618784199	9.6418083167307813	14.891066884126266	49.490000000000002	39.810000000000002	34.340000000000003	0.006497161610143706	0.0080776823022721943
5.6399999999999997	16.439862623625423	0.038866696058650216	0.0099847206242178431	0.0066270893040020189	3.9815361738145283	10.210262098796681	15.435658181980491	3.7289920561601448	9.7159748128864827	15.062018613319401	49.700000000000003	39.769999999999996	34.770000000000003	0.0064900904736675561	0.0079957240348029601
5.6600000000000001	16.131561342550906	0.046051015601860812	0.0099435342858712177	0.0049643771496117239	3.9098933206968347	10.016314372588544	15.523757586680617	3.8271743418722819	9.6793640429533347	14.596581405967791	49.490000000000009	39.36999999999999	33.909999999999997	0.0065179468220832133	0.0083753468864710152
5.6799999999999997	15.93653693305326	0.040041303005719467	0.0055210697412436619	0.013386773961252351	3.8691782727817561	10.002099056125932	15.724487470959565	3.7325914688827146	9.5899362023787766	15.184549620249649	49.180000000000007	39.769999999999996	33.890000000000001	0.0064774462832663665	0.0080448911805877793
5.7000000000000002	16.391551643898129	0.045748347092204281	0.0055585922143096284	0.0068418123898522504	3.9974689285028013	10.347594968650393	15.994055286640748	3.7870356048276421	9.8813193831553612	15.292162172724522	49.140000000000001	38.770000000000003	33.900000000000006	0.0065362237189947993	0.0084113045789534491
5.7199999999999998	16.47030355883247	0.039066249573471698	0.010845288418047886	0.012527389051589519	3.903281651410365	10.015478292915073	15.119925605761306	3.6617902839287408	9.630735612309584	14.716942999078867	49.160000000000004	39.149999999999999	33.57	0.0064277483408694295	0.0078051276145261542
5.7400000000000002	16.385005859209407	0.033637437660374359	0.0050246857459726969	0.0046973307036167877	3.8651431755706489	10.030103649280035	15.745846373912759	3.8362033975171919	9.6947387053096215	15.239068429563668	49.420000000000002	39.260000000000005	34.550000000000011	0.0065718811734503738	0.0082556980623038571
5.7599999999999998	16.321871906401967	0.055647324984649596	0.015994595027703912	0.010704044567367959	3.7981272407208664	9.7128310757263439	15.572790095386386	3.6434590719681497	9.5519512387979209	15.033038651148086	49.379999999999995	39.609999999999999	34.109999999999999	0.0063261339256557841	0.0077213124431398062
5.7800000000000002	16.168942463043777	0.057307408825534624	0.005602240657127988	0.0038562200553829938	3.8010872925920109	10.041027442700559	15.905244293453464	3.6917754828603342	9.6861675893491892	15.23621807351158	48.799999999999997	39.220000000000006	33.899999999999999	0.0064630316680074447	0.0079561923245632157
5.7999999999999998	16.196905184594911	0.058608803652640852	0.0084027761485817535	0.01032576317404079	3.9280210658101469	10.068647889404062	15.154546957179511	3.8051493383183663	9.7640502903782114	14.918258201070287	48.829999999999998	39.689999999999998	35.07	0.0064086814868795413	0.0079236887271334974
5.8200000000000003	16.343327082170319	0.047433389691986481	0.0055781532217150463	0.00775569748739262	3.835879868523727	9.9597788881434184	15.558468181168308	3.6542089178590098	9.4450119337653451	14.485906184306515	48.899999999999991	39.149999999999999	33.559999999999995	0.0063059709920731625	0.0073902517327399438
5.8399999999999999	16.412583139922674	0.040000183791598677	0.01250167079366502	0.012075938478762269	3.9509099278098949	10.284519654318146	15.901006931013148	3.7911857093564221	9.8159447865959955	15.257307565322245	49.349999999999994	39.460000000000001	34.420000000000002	0.0064446464374259601	0.0081674721090663257
5.8600000000000003	16.401599317231167	0.047608983857252082	0.0107687607541334	0.019008595911827905	3.8709464257028685	10.022767870863134	15.062893319722457	3.7515291636026262	9.5201945649224218	14.362833529779106	48.899999999999999	39.450000000000003	33.759999999999998	0.0062943867260707833	0.0077908304300970798
5.8799999999999999	16.346848321363446	0.060746284547789201	0.007943477646785737	0.011642354134855377	3.894652477657953	10.154312972958312	15.794391383903525	3.6964597237241144	9.5501555202239636	14.712490339594856	48.969999999999999	38.849999999999994	33.509999999999998	0.0063097807485025083	0.0077336146554476039
5.9000000000000004	16.321802696005694	0.061748769346514777	0.01278806306045544	0.0099580502087504193	3.8444613772762617	10.017795467654956	15.870008401596735	3.6853711706906997	9.4769313177545236	15.221454443152297	48.519999999999996	39.130000000000003	33.969999999999999	0.0063108114473768408	0.0077000499642461044
5.9199999999999999	16.274094456974012	0.040324784295491786	0.003491390147182416	0.008383027283361176	3.900345439293718	9.978832137508693	15.739300864637647	3.8099970606629703	9.6056886643064274	15.472232295941021	49.049999999999997	38.910000000000004	34.299999999999997	0.0063823748444087388	0.0078801535552061302
5.9400000000000004	16.414747268976527	0.035223736693410765	0.0079322582182820931	0.015631198768164465	3.9165445070842893	10.142614485619255	15.447326084469065	3.7751547794373161	9.713325413688775	14.895417917731171	49.549999999999997	39.019999999999996	33.859999999999992	0.0063308541320937477	0.0079689590963552843
5.96	16.346251772709174	0.058421582015066274	0.015160737768797169	0.0092033520505939333	3.8509477439819646	9.7109134835117121	15.039454731645943	3.6486998017491601	9.3925416757539413	14.368820700260233	48.660000000000004	39.579999999999998	33.630000000000003	0.0063346423660951643	0.0077807983688388607
5.9800000000000004	16.282802409422995	0.04717696307996995	0.012611640439301148	0.0068721172035310736	3.8423334304894134	9.6166180025070425	15.360776870302084	3.6917630074272076	8.9297803960472351	14.209320865920779	48.720000000000006	39.189999999999998	34.390000000000001	0.0062979501819913561	0.0078510182187065264
6.0	16.42129566909141	0.060271642776640835	0.012133398377955741	0.0053804576600657832	3.9005631590601291	9.913278935423687	15.446841587937973	3.780735361261923	9.3753188572455031	14.364778271927083	49.329999999999998	39.25	33.950000000000003	0.0062932165594002431	0.0077974532874090108
