f	stdf
1.0009271822991452	0.10046431049877226
0.55255391979987412	0.10119075717783656
0.38158975781399773	0.10242822763202397
0.29143107005483576	0.10325232123878191
0.23581458575038555	0.10318298059162213
0.19812102375545509	0.10245516932566023
0.17091965212292665	0.10120207679244947
0.15038656543442303	0.099595900897108999
0.13435754008065526	0.097661990828241799
0.12150782386580392	0.095436459814600555
0.11095868792395289	0.093276363806560514
0.10214142248829094	0.091221879756884547
0.094662366269487624	0.089244325313510578
0.088236694411060593	0.087362755629960986
0.08265508458851184	0.085607290906572236
0.077759470472005571	0.083977263336309033
0.073428367168439035	0.082467159535847351
0.069572288713631206	0.081054638263028708
0.066117401764956812	0.079726368510496998
0.06300363401258452	0.078456483696658544
0.060182625879715457	0.077216675742067142
0.057615641766134755	0.076029325653550361
0.055267719052833314	0.074914410530025663
0.053114374710619215	0.073838008680346734
0.051131794570107317	0.072795445334507963
0.049298839927232677	0.071776595182098057
0.047598677270391014	0.070797432774550709
0.046017657849334086	0.069857189975508049
0.044543209359795471	0.068965591229626061
0.043164089808240207	0.06812663279200222
0.041872496106703065	0.067321216104621787
0.040661151608555858	0.066533364296311376
0.039521423044533661	0.06576268437133502
0.03844676330560378	0.065026181588836662
0.037431469703460722	0.064312374995087379
0.036470778999476622	0.063626387123367351
0.035560741620816433	0.062964821902522422
0.034697462027703734	0.062328047916470182
0.033878099890693958	0.061715707504389851
0.03309949511824057	0.061120184697297061
0.032359211443557641	0.060524273123742492
0.031654314116265646	0.059941944824059575
0.030982173524773178	0.059382662762830579
0.030339599817534604	0.058842408047341845
0.029724484574200266	0.058315144125251399
0.02913566985465332	0.057791264228216982
0.028571295865915308	0.057289143250942962
0.028029990794635577	0.056805789875555984
0.027510744375260038	0.056327683854206716
0.027012476547697808	0.055868484308959888
0.026534184974224578	0.055443272242224242
0.026075354185995103	0.055040295830382988
0.025633732814503415	0.054646148634473667
0.025207987607300933	0.054258112865712756
0.024798501759283175	0.053863328262920396
0.024403559972590912	0.053484943412455001
0.024021968120627742	0.053110217133214489
0.023652963056763929	0.052740016583030049
0.02329643700832074	0.052378821242658323
0.022953187851617308	0.052041871815078633
0.022622747373606405	0.051715242121711268
0.022304619480323112	0.051439976302935064
0.021996588403221218	0.051187680430803503
0.021698516442583183	0.050948313415906187
0.021408037586977118	0.050680362730523322
0.021126381336117904	0.050423516462528954
0.020852258714244235	0.050165395552557591
0.020587204830567939	0.04993072069072732
0.020326087025641811	0.049286885037621846
0.020065143784415266	0.048311453485648498
0.019813459802212895	0.047671217421747812
0.019565581150544624	0.047080244333805664
0.019322655694514489	0.046465196859210064
0.019083931418704649	0.045833808305185048
0.018852908464006741	0.045275169576323916
0.018628201970139143	0.044674252532299341
0.018416691706604191	0.044208972527488954
0.018206914211579644	0.04365910124089431
0.017998343283632239	0.043155310556310125
0.017801597764953877	0.042875742473788857
0.017608504611997255	0.042377692896934854
0.017400714843462915	0.041557637243583322
0.017230220347957223	0.041360314569623871
0.017046179086499167	0.040928664396384394
0.016894342017098437	0.04152706849641432
0.016672148645767663	0.039825096155083534
0.016536661830121809	0.040224745305019453
0.01641683794958991	0.043202874842605411
0.016181941445160816	0.038663867863252904
0.016069747664026399	0.039623900369398279
0.015894568847860894	0.040430378260808357
0.015749792367091269	0.039528300308700734
0.015619600572589241	0.040422544533136172
0.015418225262032209	0.037237335760698938
0.0152722080315862	0.035787016021641582
0.015166735578152029	0.03612167275713235
0.014995251971463539	0.035502756993835378
0.01485102892552282	0.035836798112496321
0.014727636907831526	0.034973329272594
0.014600475551353043	0.034688713145809208
0.014506553514565909	0.034179760663288435
0.014334028761334917	0.033110882119564436
0.014257817023624095	0.034637168163533225
0.014114199618751076	0.032524126392918566
0.013975851526231129	0.031750161085463108
0.013901099479226357	0.032361151671967674
0.013768674121543914	0.032696536003319947
0.013653473818379001	0.031503473252885411
0.013529775438272029	0.030050994938169255
0.013421872294170243	0.030702083341949682
0.01337028869201815	0.031721407048111036
0.013254638716202994	0.028837038702907297
0.013123332561616343	0.028870586002787444
0.013066528792179613	0.030007357595198163
0.012917361581121516	0.029323156794030688
0.012853466235798458	0.029301510281688554
0.012733774457819529	0.02958542548763991
0.012670870256336507	0.029031686138879763
0.012593156337270893	0.026525543058418123
0.012486121959445545	0.028224603312122058
0.01239819084503819	0.026387731512919278
0.012312260207010603	0.027849769298064986
0.012263798434248727	0.027011479054491663
0.01216594130922255	0.026090477120724626
0.012049163097248287	0.025458041311811525
0.012006041475259232	0.025573988506271728
0.011950571632082201	0.025568732866465906
0.011818230621171068	0.025473294136925607
0.011752723610192415	0.025224979815073902
0.011666885888381049	0.02573555338708762
0.011613814056457073	0.025302048898255585
0.011550422458966019	0.025020096411221437
0.011497928315069522	0.025400949405562891
0.011367917955503319	0.023319076078337907
0.01130904297044558	0.023323717290500715
0.01123506438571956	0.024004957653897065
0.011137669235188073	0.024238213297158341
0.011098607981465549	0.022999592973511708
0.011053493454280559	0.022861138736735013
0.0109584201995529	0.022351986721225653
0.010888845899681563	0.022573258563917575
0.010870755732004319	0.022400094447102833
0.010705532966446593	0.021556772666757019
0.010732646205002137	0.022679403428835239
0.010657706248482956	0.022077114180415542
0.010574960341642211	0.021716419153381069
0.010515507888536845	0.021860875013935101
0.010509280925425897	0.021643678007010253
0.010393000505416403	0.021962777705499613
0.010388221892822812	0.020962587239433363
0.010304972586142601	0.021226623010839933
0.010241927940190663	0.02087348664450742
0.010176294951327989	0.021080589677949679
0.01010808838487243	0.020824009281699734
0.010089151745133099	0.021487055958722578
0.010057486352843764	0.020721801266191209
0.0099394244285671042	0.01994420279253082
0.009937517465962763	0.020644632675234503
0.0098724103658368919	0.019203848803601289
0.0098616670699028155	0.019804443869346593
0.0097608933060742524	0.019838441286171855
0.0097473665952625306	0.018797740012247419
0.0096688978147668938	0.020167869027282841
0.0095873445455602821	0.019172789779635244
0.0095642205028377593	0.019069078284926794
0.0095782998373955455	0.018483577848280315
0.0094431289686042214	0.018537310903201491
0.0094395807417332767	0.01816183094803674
0.0094095683602785918	0.018493139761927364
0.0093555226314070549	0.018533484736730971
0.009295299043532896	0.017248640057280121
0.0092697416274038717	0.017893598346149578
0.0091900453063947906	0.018302100529975478
0.0091446973086237813	0.018163936074050969
0.0090871623916475418	0.017595210565963179
0.0090307927779543096	0.017713336476042067
0.0090416732977990719	0.01729372458751487
0.0089475343053055083	0.018533159891091049
0.0089725175459570029	0.017669912918471368
0.0089616853801928673	0.017247765212987171
0.0088853777940093893	0.017331671188325466
0.0088457328271544858	0.016661392878688029
0.008777412726958542	0.017161195049570293
0.0087996669016021534	0.016292242103440376
0.008717677428404914	0.016739486925843181
0.0086653945631134967	0.016720193175014324
0.0086373839968437779	0.016792130193314266
0.0085744873106474474	0.016688002898042301
0.0085805493575090673	0.017244801399994805
0.0085309472530462234	0.016408825729162052
0.0084542262673581014	0.016274970619678041
0.0084229654385291394	0.015597703166987175
0.0084426193642655103	0.01591906402201267
0.0084048812618423788	0.01568046777266751
0.0083605411795799646	0.015033361276951528
0.008326864549387275	0.015396607351068896
0.0082718552214035394	0.016127221189466037
0.0082432977810598697	0.015883001152384259
0.0082272450106055592	0.014749932587731539
0.0081606109067073919	0.015089597562249835
0.0082115861748030348	0.015309640280766149
1.0014593301189534	0.10046119189459146
0.55397164652180431	0.10195498191534583
0.38291854499583533	0.10347577557187437
0.29262664249118014	0.10436663477858586
0.23688661407909473	0.10438590713699425
0.19913122676503403	0.10330714106736134
0.17187362209285692	0.10175983341879638
0.15127720254610147	0.10001886047690503
0.13516388665246937	0.098292240807209455
0.12222891928924989	0.096441301267060395
0.11161209785881179	0.094560688204467142
0.10273190749860045	0.092790106432087877
0.095202173377207752	0.091039809751868095
0.088735505247954607	0.089354059995725141
0.083122516868124621	0.087698930893879298
0.07820123978031103	0.086106590101523148
0.073849398528393104	0.084613004526341504
0.069971415413731725	0.083221264596360214
0.06649560810909777	0.081924956993044667
0.063364219528150606	0.080689866719208969
0.060527780988961749	0.079511432698767925
0.057944480848396582	0.078416038547667488
0.055584535794752706	0.077374198598684329
0.05342229017193946	0.076346822780360951
0.051431793580978734	0.075351640084554958
0.049592100884335161	0.074396099360267795
0.047888462523505773	0.073469962740384281
0.046305276694282083	0.072577093115999095
0.044830112352150647	0.071717766014005452
0.043451288796782644	0.07089126855187014
0.042158779537811129	0.070091909315673009
0.040945834907372074	0.069318978823680724
0.039806263473028451	0.068567988812888739
0.038732402190691573	0.067856547759181138
0.037719980447885014	0.067177322970015357
0.036764511706164613	0.066500135940379249
0.035860439448598784	0.065829080718533661
0.035004379422955909	0.065180712639296159
0.034191586565506929	0.064556359486779472
0.033418302521762658	0.063940866066146532
0.032680906322469255	0.063336779830219264
0.031977363543163315	0.062761290225233371
0.031306163597943366	0.062193769900594893
0.030664584103130742	0.061632789082074632
0.030050348106602946	0.061086761746193548
0.029463422512937341	0.060566184988176903
0.028900964161846097	0.060074218706660604
0.028361311382085162	0.05959945021458074
0.027843723321393902	0.059152072830633333
0.027346825207961119	0.058739621244453227
0.026869565725090711	0.058351443148509083
0.026411458872628493	0.057978969543488232
0.025971207527309716	0.057637235749274811
0.025546771059926858	0.057288733874338749
0.025136799231621897	0.056962583587982257
0.024741757104533805	0.056657538017877852
0.024360575282114577	0.056375700469713061
0.023991243571070717	0.056094433380498396
0.023630673098352737	0.055772088267975251
0.02328111557625669	0.055439183811267806
0.022943355561425398	0.055125058251831324
0.022614044528756552	0.054806440597400377
0.022291765512001859	0.054453524703871131
0.021979109414877449	0.054106331421030697
0.021674219746672264	0.053760008083537446
0.021378179653237097	0.053405591671223065
0.021090235967393681	0.05303813203624741
0.020809380095436106	0.052681054683060745
0.020537373155565378	0.05232972491027827
0.020274382817053797	0.05198223694242584
0.020019269014810055	0.051628022409974487
0.019774881891795694	0.051316576141474071
0.01953732295489467	0.050983763092507108
0.019302316548973589	0.050628834000686171
0.019072166786398847	0.050279774923762455
0.018848846917541465	0.049949159708939699
0.018643715300273016	0.049088729146156335
0.018430990488193778	0.048376040832600616
0.018221948736652536	0.048008352261046369
0.018019671691392975	0.047558471093589655
0.017822958653569632	0.047097784862336976
0.017633018953203249	0.046713178549911867
0.017446259594519901	0.046464800155322505
0.017254943845013762	0.046222930879236949
0.017073126241999876	0.045937733358735675
0.016874208535516785	0.04542920069442042
0.016674755930345359	0.045280225476263279
0.016505017793726918	0.044618559118514561
0.016352720193284018	0.044129472094932815
0.01619146872603177	0.043520704464037413
0.016037205311708071	0.042980780957051233
0.015894703838724607	0.042656966604618679
0.015750560915534027	0.042142268642080045
0.015610541338439966	0.042277070043195364
0.015456644987103075	0.041597518136653473
0.015309519148724296	0.041157706699938401
0.015194913590257809	0.041132961704569725
0.015044204177863126	0.040604844683394474
0.014917603301760628	0.040407800069252403
0.014784221046632585	0.039102437825819375
0.014641010212098852	0.038671756249371601
0.014517174247544876	0.037805597855599685
0.014398376113323084	0.03764592666025357
0.014282050541818638	0.03714059093863184
0.014172299425123004	0.038207039454505272
0.014053427399910565	0.037228711776445544
0.013930333600032608	0.035565493292942806
0.013820194957194538	0.035899511953613059
0.013703438302487101	0.035539138493521756
0.013602042293833343	0.034538933436324165
0.013473369260624037	0.034434149248516968
0.013377807858033176	0.033741091700009572
0.013298804490576556	0.033206792853761352
0.013199855851649275	0.032688463955633816
0.013110462953431462	0.033074765403299088
0.012991975579395776	0.031834922583439708
0.012891175332597676	0.032073884745398969
0.012818085570529608	0.03221214278263701
0.012682565719968735	0.031450293052348151
0.012647725647744114	0.031424026868899169
0.012493789233062016	0.029782809757137322
0.012465789513251958	0.030324950924460286
0.012334004386295011	0.029728880860353978
0.012267198155978799	0.029937567018898568
0.012206368321846295	0.029031650903566322
0.01212561860445816	0.030112433951015663
0.012000425824388728	0.029412857225916921
0.011953686224808031	0.027547085130616704
0.01187332533106898	0.027178590804526313
0.011804954517294512	0.028258838487476554
0.01172947405195263	0.028990624907485156
0.011657975908798296	0.028531838482656377
0.011571615751815817	0.02792953469886816
0.011516088276727192	0.027556460982265579
0.011441974982149695	0.027468028745788846
0.011335556113774143	0.027093256412432237
0.011281700608526301	0.027608635963938616
0.011233155142876575	0.026585612437179895
0.011108234392920878	0.026420462834144912
0.011099020303527619	0.025479965861865614
0.01102339367184749	0.0264507112617684
0.010913777055707277	0.024124486797831347
0.0108465364053717	0.025818350520896313
0.01080328742777413	0.025453184110563187
0.010771329324155776	0.025520082228309319
0.010679047364000237	0.024985152783233371
0.010675231617723654	0.025708003555765895
0.010567392854766079	0.024654269821951642
0.010496346488436628	0.024960556995426948
0.010471456649945103	0.023540478747036075
0.010366159598233025	0.023421578749135565
0.010388748913015264	0.023850309916369279
0.010290664265835225	0.023711690189401179
0.010262489181595658	0.023566982061657596
0.01017946687716589	0.022816416127150182
0.01011545320740035	0.023871879634496003
0.010107250835905723	0.024602426057934737
0.010014676542787577	0.022449896195256922
0.009968118244127612	0.021576408559381036
0.0099697972592246997	0.023571588500501624
0.0098275150948587391	0.022137501911858266
0.0098411386188941487	0.021904495109434929
0.0097712216584313685	0.022208344017008681
0.009668428678301982	0.020998415421276544
0.0096524368840866081	0.021298469895019868
0.0096265360383687628	0.021981572737292728
0.0095539906763182463	0.020526872039640195
0.0095292295666150068	0.021976125997631362
0.0094613399376031939	0.021988168932835617
0.0094764961791623508	0.021426754521939401
0.0093632608415779289	0.020780034808204929
0.0093490025135498488	0.020237416343096216
0.0093010643606374795	0.020627089745917739
0.0092865332102215446	0.020267165248125839
0.0091544387062055237	0.019999326834480226
0.0091507854362913553	0.019560158386171825
0.0091121375250741449	0.021251362508424108
0.0090531021191310439	0.019311523473150738
0.0090592566844494606	0.02007825349831871
0.0089896364805736387	0.01979981940931708
0.0089583065888458359	0.019914619830297242
0.0089201205858692317	0.019278527615812089
0.0088935200351865605	0.018928070411485878
0.0088271771011346253	0.019188107795038111
0.0088189952832540153	0.019388379151694494
0.0087580129604423827	0.019614509749316229
0.0087104422406447564	0.017896716330893181
0.0086813817239013383	0.018259339350818426
0.008654645443377398	0.019218452921076389
0.0085777282058295875	0.018762393479068173
0.0085647872751728749	0.017753969774511918
0.0085230780415282946	0.01725139739605663
0.008502872541048331	0.019177949083622674
0.0084169948708975768	0.017295995794666532
0.0084311725259810441	0.018690919917620431
0.0083253186782320729	0.017561813442895639
0.0083374706061239891	0.017186579525061224
0.0083055615678149872	0.016879526992866774
0.0082376070445336676	0.016543616818296362
0.0082582406679523965	0.016755448992463416
0.008203073617387242	0.017402534611257885
0.99929673879983349	0.10026822426526058
0.55266173112545969	0.10220026989733193
0.38200407160862765	0.10379705522254147
0.29192475001104895	0.10480020165481894
0.23631667283740376	0.10491379970923122
0.19862460293511983	0.10420059707781279
0.17141890311256355	0.10287948918895
0.1508730617009518	0.10121263171017407
0.13481999497861846	0.099304886628151193
0.12193592666538498	0.097244278042578555
0.11136448355614098	0.095151277702881759
0.1025384499937667	0.092977861357480859
0.095048280506503602	0.090884159217060292
0.088608469189537228	0.088897100632221282
0.08301113620175074	0.087032267163721713
0.078101983426784691	0.085254204083490298
0.073761389088612198	0.083562782627157509
0.069894316832314021	0.081962182921621399
0.066424338849482525	0.08049160386567987
0.063294806872603554	0.079127867051484627
0.060459868101882717	0.07784714835505617
0.057880347959207538	0.076617228188525871
0.055521749177829545	0.0754441279565609
0.053356085540814134	0.074349656724435734
0.051360357585065582	0.073316663127268103
0.049515457094650391	0.07234676734505667
0.047805709447851244	0.071422885038800482
0.046215772881042554	0.070540259500671651
0.044734005421130318	0.069690141011818779
0.043349955328725619	0.06888892508306986
0.042053898311663757	0.068146833414940822
0.040837289338395269	0.067467295621039244
0.039693145891782106	0.066853292223339383
0.038615378683413769	0.066291700704581263
0.037599807714665603	0.065741018176331517
0.036640109854191624	0.06520248518491388
0.035731830864465762	0.064692682656344813
0.034871522170607835	0.064205845299197456
0.034055599958533918	0.063753719454479996
0.033279957702523733	0.063304564510610964
0.032542074346623241	0.062856390666966092
0.031838826214631841	0.062423260033933281
0.031168568854537407	0.061980811707879724
0.030528503044531155	0.061521411130389093
0.029916614838541421	0.061051282898099871
0.02933142492071469	0.060585379750631128
0.028771346920487793	0.060138050201373604
0.02823406505502522	0.059717953358604511
0.027719203751101675	0.059312315331036279
0.027225999376022145	0.058930159576012643
0.026752696535450697	0.058593255313535812
0.026297141661372175	0.058297783834549761
0.025857005928230713	0.057982434444279043
0.025432233485315939	0.057661742473364336
0.025023148885475854	0.057356003881602002
0.024628525559787302	0.057053567031417597
0.024248165114242777	0.056768907815713691
0.023880447419290428	0.056484071863915755
0.023525291395769102	0.056207145857366032
0.023180657334377373	0.055918776908380714
0.022847501861782176	0.055649686019773138
0.022527464167405229	0.055411526318864354
0.022218986131539494	0.055193377071145605
0.021921663315694326	0.055011538100701571
0.021632941775425182	0.054835408170728156
0.021349379069496927	0.054632677636144329
0.021074086467025119	0.054412933700809171
0.020805056455459374	0.054200330904455238
0.020542732911557612	0.053979474379676658
0.020288155335966552	0.053781643444472046
0.020043231550125447	0.053619802678163235
0.019804937297511479	0.053459535857593804
0.019570317622433497	0.053247083793211469
0.019341489264319136	0.053014431830192971
0.019118102873864652	0.052754677074893945
0.01890016233937775	0.052490784338591744
0.018687975442729189	0.052220835200074027
0.018480653522574497	0.051953041306320419
0.018278648601790893	0.051690997948063089
0.018082626889209894	0.051441809077747723
0.017890059869344548	0.051187290855542251
0.017700877058222673	0.05093025247105834
0.017514499960687217	0.050674751089726411
0.017330269138242982	0.050391519029430329
0.017150297199684816	0.050081728726882914
0.01697508995410495	0.049790959346272215
0.016805569128641965	0.049481496905209282
0.016639442164325929	0.049194489682223154
0.016475189934158883	0.048983171335569523
0.016315318031481858	0.048753667724965984
0.016161469488105807	0.048494485346395742
0.016010366508411488	0.048194281454127463
0.015862607493036616	0.047883892708474422
0.015719826339626406	0.047568001563105755
0.015581153732264787	0.047082991077132243
0.015449946146552705	0.046644259593382094
0.015315325098214629	0.046422373667251104
0.015192558357215826	0.045780908013066141
0.015063102070035863	0.045640543189720245
0.014920771727661876	0.045761495629578638
0.014806394965282422	0.045210141314124763
0.014675601736468761	0.045191911413052843
0.014556744853337168	0.044791638302315626
0.014440035580113083	0.044518101644739294
0.014324006066773405	0.04430297313294905
0.014218375276336044	0.044179075234512415
0.014104784763949215	0.043980828501573796
0.013994517541429123	0.043501808699604252
0.013896180286181607	0.043096008863329746
0.013791058642526938	0.042221300883495599
0.013674323798826561	0.042353413301949375
0.013583238055554588	0.042551145119973321
0.013495810574422243	0.041662661687826903
0.013398024902813412	0.041723132213985034
0.013285385217234704	0.040764718681961853
0.013227784584048061	0.041000517027687408
0.013141865526428702	0.040667026390937333
0.013002529846578155	0.04016263912273179
0.012933594489352312	0.03927623225322445
0.012847518169935266	0.039751478254755696
0.012765918103361211	0.040549725130571763
0.012689035327573954	0.03970772003614937
0.012574526693146491	0.038668241931975184
0.012504711658311874	0.038307222424495448
0.012440153903059617	0.038323921129564162
0.012341032688160532	0.038448710487030129
0.012295890497156596	0.038556750593397034
0.012202993330233362	0.038031023044713938
0.012108647684912374	0.036096858339097891
0.012039641102466213	0.037168755295444819
0.011955401441581902	0.036340285969803987
0.011883236852284153	0.034632253080964959
0.011810663225408235	0.034628929129390751
0.011746449592566204	0.036188302982931644
0.011636835678975601	0.035612645415411877
0.011570966960724099	0.033815181688850296
0.011547600749752612	0.03294906805378333
0.01149299245611243	0.035241826681206949
0.011388352937621126	0.034573489679898164
0.011324520279881702	0.034086310950569021
0.011286876163056103	0.035336466723978749
0.011154565370546612	0.031353474103379318
0.011066734819375481	0.031640988194023237
0.011018646660406162	0.03200052974269936
0.010985349578128566	0.032326516913333235
0.010953067750852813	0.030537313991402294
0.01088141717885753	0.030676841777142423
0.010796447017406553	0.030796378655568855
0.010741544433893253	0.031957468283515464
0.010700374811904442	0.031387167491141905
0.010634760407812307	0.031108776929881572
0.010591608132585591	0.030418890828089275
0.010482461013397493	0.029799372521946928
0.010476853462020774	0.029634050388939834
0.010412709991330928	0.02909663585918431
0.010329855939569367	0.028590565028304701
0.01020331800180351	0.028949698220141991
0.010215535017646851	0.028438214482407721
0.010166118111354351	0.026486797826336839
0.01011170789250317	0.028807428764896083
0.010107761454737723	0.028551698518157104
0.0099874359842638868	0.026168579614205625
0.0099651833436067202	0.027168155661161077
0.0099376931747283126	0.02796450374797926
0.0098855897506118142	0.027543082081098492
0.0098275981554465375	0.02600173111648528
0.0097918110325087397	0.027713390248587908
0.0097320053166197271	0.02561417269883056
0.0097021084224496908	0.02626480427248722
0.0095850304699679426	0.02416807798507092
0.0096058023591539272	0.025575634504283948
0.0096021729367950729	0.026399649546910476
0.0094719743915387625	0.025850283812354144
0.0093727412794044965	0.024237261740594301
0.0093531818317113529	0.023887213323109589
0.0094001229541155994	0.025620008625769946
0.0093646019720584634	0.026579234723005319
0.009331541203455947	0.02569792182878311
0.0092530736044418947	0.025061453975858367
0.0092194505434804574	0.0248440573940115
0.0091479877911987886	0.024124329500527682
0.0091268823813819878	0.024937869896740291
0.0091112565672310953	0.024985219029369597
0.0089883177479942195	0.024698377911865493
0.0090228304857219131	0.023962575863391612
0.008926889976956013	0.022991429112500683
0.0088986610678346168	0.022249665573907111
0.0088631279665652794	0.022328974054990892
0.008824415757604882	0.022290826246347345
0.008850188929308089	0.02226531731280347
0.0087179607651092055	0.021622081069817625
0.0087218885016635637	0.02161394028027171
0.008595931509920841	0.02055554971932614
0.0086272474066781905	0.021322790142720684
0.0086296954130637687	0.02351618167998136
0.0084773885178325622	0.01929827811624316
0.0085573792654022474	0.020755089641340679
0.0085707506971788132	0.022467245825802985
0.0085256887152438589	0.022033323504249951
0.008446644180449582	0.019954096317641834
0.0084304688954890926	0.021829927518518585
0.99838818085091796	0.098033502565070138
0.552374960295406	0.10048040243808555
0.38182341360550742	0.10222318876112126
0.29177392714841438	0.103214276968326
0.23621687824152859	0.10286274208391537
0.19853181406705706	0.10198346579080124
0.17133534045652238	0.10047381452033037
0.15080240544293139	0.098500372431226432
0.13476138502411347	0.096249964616861319
0.12187716422301718	0.093886206542617409
0.11129898726327295	0.091546881834904836
0.10245453248602615	0.089305423514789303
0.0949463296336997	0.087190072990025805
0.088487067420133111	0.085268459734423707
0.082871662014478834	0.083509271004725161
0.077944857652978095	0.081906195356184042
0.073586431770438485	0.080444155228697994
0.069707168760461291	0.079014276812094289
0.066232295955832854	0.077620513716481709
0.063103018703032962	0.076250885549500963
0.060268597050549662	0.074938187243363888
0.057687567741795717	0.073717643239510258
0.055327860817637964	0.072570505385892464
0.053162197877971877	0.071498897261793468
0.051168386754174844	0.070472188968361577
0.049326892222325586	0.069483066606385951
0.04762101131718998	0.06852100522234901
0.046036240323054957	0.067595226156299038
0.044559219859933101	0.066725730608095044
0.043178634167389554	0.065912796773003879
0.041886212554116661	0.065151067195265769
0.040674570277605467	0.064445420065012846
0.039535463981409509	0.063801453227093755
0.038462352665795715	0.063207945470561716
0.037449005316621098	0.062661042975862058
0.0364902960062349	0.062155146775602944
0.035582363301241149	0.061667406404044937
0.034720863640045216	0.061208713314672751
0.033902202979054545	0.060762297981978915
0.033122701377987812	0.06031202016358142
0.032379653091099365	0.059835201693707582
0.03167046947276881	0.059371087418150004
0.030993050057938544	0.058940608939957687
0.030345479135023189	0.058532535279643944
0.029726026255679251	0.058133106504451859
0.029134072925394782	0.057744910358374653
0.02856699374513319	0.057392640421260896
0.028023292293314732	0.057054799102357154
0.027501298583737666	0.056717967856708677
0.027001860208491671	0.056390781399120772
0.026520902075423586	0.056043962441818904
0.026057167226364288	0.055714605042633696
0.02561077592118341	0.05540570997265136
0.025181342648882592	0.055116861516368833
0.024768218117388954	0.054857871493817302
0.024371441058785883	0.054584239502039208
0.0239881897897113	0.054285943893244128
0.023617913681314644	0.053984727632204965
0.02326045569067552	0.053671811386739043
0.022913838154962105	0.053348723593694636
0.022578073805828026	0.053024932694791999
0.022253467672510137	0.052717570634727699
0.021939140636242742	0.052422744061765857
0.021634055309886439	0.052130527961318833
0.02133759031237735	0.05183591017895095
0.021050121901954356	0.051558651342443813
0.020770992593220187	0.051260421725483729
0.020502140458721407	0.050913187053166643
0.020241275813900245	0.050545353995576733
0.019990637803903109	0.050141705314077509
0.019778707202483193	0.049882906920468657
0.019547073315238764	0.049632328760190005
0.019318721152489362	0.049365227598819804
0.019104656795623263	0.049165572564337519
0.018911971918738026	0.049469414224020472
0.018700236752783938	0.049449560750904106
0.01849108825793197	0.049369822830727987
0.018286580935386453	0.049268147031456967
0.018087792986166615	0.04916041517085936
0.017892551916001791	0.049017204697365958
0.017702014277893873	0.048833671212666872
0.017512168740767171	0.048602695903689368
0.017325963760858345	0.048380502515286361
0.017145903964692916	0.048185881914903937
0.016957228895302677	0.047297035915075933
0.016765765505504682	0.046121791122663118
0.016583535285925547	0.045300765655855182
0.016432845400027381	0.045735891643815391
0.016276918484315922	0.046066361990672614
0.016112384449332186	0.045480575538102398
0.015968234301019329	0.045189815314153559
0.015811250535508338	0.044615972939624188
0.01567242014187907	0.044497293539257063
0.015509235371967361	0.043837240878225887
0.015372019076523118	0.043229839695451647
0.015214461481589369	0.042492334136177534
0.015077654710410076	0.042308180413061239
0.014939704376146704	0.041668166766193872
0.014811371304381741	0.03946203850532732
0.014685146715886586	0.040783862154606207
0.014529444003122177	0.039576753908960663
0.014409519768216538	0.039060327891071708
0.014274045709666394	0.039161825782795569
0.014198540575429007	0.040181034134436543
0.014069490215400026	0.039008267220005638
0.013947580946689832	0.037083563567000266
0.013818309669727443	0.035800889708635396
0.013717335051083046	0.034958233055663451
0.013617786698639868	0.03583729406684788
0.013554931648771387	0.034850838504205242
0.013373934599022303	0.033517448730517263
0.013286756508384312	0.032715901909738894
0.013212964388373966	0.035017612229649678
0.013101753449843731	0.035977688042140667
0.013046395365887782	0.035485833303255929
0.012919286790182472	0.031113733322697869
0.012815372104897601	0.034822876357319309
0.012725816119482109	0.034547594262487928
0.012649898370350236	0.032565698284657767
0.012558686332345203	0.030951612178078798
0.012469861475157544	0.033005438991346767
0.012380305131614899	0.031505732823934485
0.012319993381235307	0.028876585560659258
0.012239756467347289	0.030959882471623748
0.012161805340552011	0.032415563668494123
0.012035904353709643	0.03064245213006676
0.012040842555250165	0.03130527595734748
0.011871103192135447	0.031472710653656415
0.01183593486693319	0.03159095140329498
0.011781969234321328	0.027913355894048957
0.011719550778832829	0.028506633935399345
0.01162034622816348	0.028085608559050568
0.011603018233717399	0.027990481385105882
0.011513606899766091	0.028062527837174989
0.011390015778896423	0.02961168859805776
0.011367701703827919	0.028325665645128409
0.01126671537131264	0.027991613712148714
0.011218359284058531	0.029966130712076103
0.011185279931732435	0.028257621640172589
0.011089517184625688	0.02581907798021453
0.011068274957850552	0.026990464889349575
0.010955842882523903	0.02739905279678688
0.010934450488854029	0.027410467462884287
0.010891558434102866	0.026477629289438389
0.010776328449412984	0.028616847187560811
0.010710526009436453	0.027816875348326657
0.010644980047289008	0.024824433563093981
0.010536465615046439	0.024689349336871714
0.010440333832751302	0.02161278173441385
0.010467911934803734	0.02609377242773114
0.010434870710888638	0.025155118731525501
0.010374282674225433	0.025453055522773615
0.010414547826841087	0.028264415860763999
0.010343506929231186	0.024449731812734146
0.010206524149969042	0.024357452367197788
0.010140708688488001	0.023634316649381509
0.010096653331153329	0.023607559455409165
0.010106152027737039	0.02381266157980709
0.0099628292143224533	0.022930676283754198
0.0099064786781510976	0.021602247168925583
0.0098948867147742939	0.022855115645655979
0.009850520450082622	0.02172286113874743
0.0097042043479715397	0.021166324131159701
0.0097551573864342114	0.02219938038075904
0.009686854712064763	0.020906052256998462
0.0096620017624282611	0.021746696496460702
0.0096573307048165094	0.023816542598331027
0.009562530407671627	0.022766347966344469
0.0094925289410366081	0.019837584164021007
0.0094603128519613108	0.020714355392722476
0.0093361902646043604	0.021199944271033142
0.0093797854321120665	0.020471047708817559
0.0093010427691707209	0.019661800436390178
0.0092983150347385884	0.020611738145976815
0.0092982408653242907	0.022747318521849795
0.0092104597276616226	0.019277679138046028
0.0091628067771546175	0.019796818800787045
0.0091633553903128755	0.020136605627134051
0.0090682438705707441	0.020102819518805243
0.0090127481228255684	0.019338177952824456
0.0089832035637623358	0.020112229279449036
0.008999938721959793	0.019741857077045465
0.0089377710219336638	0.017490623682274706
0.0088616887039710442	0.018888178104345541
0.0088658285245580126	0.017880176969023841
0.008785806486286258	0.020048071082888867
0.0088400593113787656	0.020193694019931045
0.0087451775665748476	0.018347929112828596
0.0087796777653513652	0.019195039626847661
0.0085966347382446101	0.017301718340322139
0.0086406754835363486	0.017877436576352691
0.0086073201546894608	0.018827358113759688
0.0085205814708605981	0.017314014836562853
0.0085216653821303372	0.017716919678998209
0.0084646021148295728	0.018865144759060919
0.0084914012533116659	0.018068360882886613
0.0084451836891117609	0.018533900514290071
0.0083317699189758409	0.016468492120749967
0.0083261090589697197	0.017333726440380219
0.0082598459180025247	0.016800180925695875
0.0083481983926113768	0.01867428538281643
0.99873802814504797	0.10526865391523327
0.55206272489822938	0.10766532212952756
0.38141510657065675	0.10944829522405126
0.29134715002941897	0.11053445524240799
0.23579190963701555	0.11025979803218476
0.19818703734520796	0.10874707073136788
0.17108004610034658	0.10635703718642246
0.15060197875675896	0.10379859609803659
0.13459521506745897	0.1012045355842343
0.12172433396975332	0.098802901614794603
0.11115656004205698	0.096510421911319019
0.10232279893704628	0.094352766398366705
0.09482901511509699	0.092289645443925775
0.088393708978766763	0.090321824117108609
0.082804909764355103	0.088482863289372868
0.077910133212919841	0.086712192381526346
0.073587473102333489	0.084976745488966512
0.069740504789175387	0.083288528554611149
0.066291986060639602	0.08169896759851239
0.063181915825139337	0.080190517377311379
0.060364213055071531	0.078722734421469459
0.057799568360222292	0.077322406536358718
0.055453301751364946	0.076000680885896038
0.05329765418372346	0.074768227140624241
0.05131104281589282	0.073625466658023123
0.049474283642825467	0.072553929626343397
0.047770630179947433	0.071542220493354028
0.046186943043546778	0.070541183282792949
0.044709888504498821	0.069575655316672577
0.04332810290661869	0.068651583180590628
0.042031999937113068	0.067768805410259342
0.040813989557326236	0.066908786493609512
0.039668635981731128	0.066098351914912701
0.03858931083692984	0.065320393875221316
0.037570390157094131	0.0645782936860229
0.036606614179156796	0.063884481859947176
0.035694170528189101	0.06323191627410947
0.034828245436000119	0.062633433225225951
0.034005520527094657	0.062082183436573353
0.033223283616589244	0.061566314176013437
0.032478632523186023	0.061069595280324782
0.031768360986312465	0.060621676942479268
0.031091084502563728	0.06022673375874571
0.030444922767919977	0.059866638707679727
0.029826683829825805	0.059519418804274256
0.029234702549915503	0.059181322605713113
0.028667843490316643	0.058859063809857171
0.028125419365561375	0.058554915367287304
0.027605819955481656	0.058232568202916814
0.027107600909300401	0.057895168228388187
0.026629189578803392	0.057558953079048535
0.026168926736333285	0.057205114606077155
0.025725462681071821	0.056846783737764583
0.025298274952185302	0.056494545119969576
0.024885881049445228	0.056138917393724307
0.024487086821908706	0.055783591825976211
0.024100891383311784	0.055436254078212989
0.023725873004295215	0.055072461268846164
0.023362506966954338	0.054711810723183055
0.023010835776752146	0.054368496313836105
0.022669778341869694	0.054033551923841225
0.022339287308898684	0.053702519732092301
0.022017856999619063	0.053364844029142967
0.021706948251093934	0.053053443778645272
0.021404835355655204	0.052745586223510846
0.021111805880279954	0.052446428546800185
0.020826817061892808	0.052166274585949975
0.020550302265618485	0.051886027071455482
0.020282887805713187	0.05159583838527846
0.020026014620818083	0.051350488091063289
0.019782738499174789	0.05121270605316585
0.019554087010179848	0.051227522749841492
0.019331484841606659	0.051181941551054003
0.019114060457809282	0.051117866832478508
0.018896891755377374	0.050925843639861794
0.018686883373558481	0.050758986685667987
0.018479646048936017	0.050693307278403349
0.018270567549949809	0.05046012760946926
0.018066455347633514	0.050205585522038437
0.017883045824078389	0.049335034651539114
0.017682032348136711	0.048761554046057649
0.017488084415312913	0.048338389403726464
0.01730057757788751	0.047989153141666629
0.017116869776731256	0.04766388022134737
0.016937675758686439	0.047374771265951812
0.016764859525490009	0.04712099223144902
0.016595594788974197	0.046859542143849076
0.016431184129530783	0.046617725103742243
0.01626823871020033	0.046417768377559322
0.016102297388020579	0.046124662273047339
0.015933778427147709	0.045610280816211005
0.015766744432450748	0.044851078125791262
0.015619188638269475	0.044655676101616748
0.015468996563415266	0.044283054911896845
0.01531168951468442	0.044632356220246444
0.015173594450263143	0.044139813638273365
0.015046763518594002	0.043357237568921903
0.014909077969942687	0.043302789858288233
0.014777880820186846	0.042839401002025622
0.01465670696744785	0.042423217391651877
0.014530707054947843	0.042178624795459925
0.014415101638739483	0.041140135358215382
0.014286289633160547	0.041500810689397996
0.014180718814054954	0.040451485705063898
0.014059951521039664	0.040109315582757252
0.013950510077514753	0.036861055470699247
0.01383574227255888	0.039097944067068534
0.013740409884060887	0.038501000987867399
0.013627695843237817	0.03871897628148957
0.013559882702504645	0.035342886008611983
0.013414455318332557	0.037344771257311511
0.013351348830133801	0.032086931745906676
0.013229081505256304	0.031067619421666602
0.013127634181291807	0.03498349035227321
0.013054941792722943	0.0324815042017675
0.012978844072851341	0.031344354490488974
0.012812900292095751	0.02982842984043774
0.012730988774585729	0.029851770840241692
0.012650339829304568	0.033325157268334064
0.012602506911487375	0.029949834984116207
0.01246553184570387	0.030554437898910599
0.012392780679518182	0.029808961534507523
0.012314045781446905	0.030402599978030409
0.012259288133517444	0.030615362546557438
0.012168052424136804	0.030036129687464694
0.012094923420106461	0.030995372900318736
0.012063889137725169	0.028182176429181111
0.011918352932791542	0.027513050574045662
0.011825423018047463	0.031039113343025528
0.0117718640085094	0.027964263906856583
0.011682319497586857	0.02669696579663736
0.011625935745842322	0.028821849169758485
0.011544308663896085	0.028065579282457769
0.011506176230422285	0.028145133328944066
0.011394991048276073	0.02728711320764815
0.011350334172230725	0.026597703189609669
0.01128980768731881	0.026064348649138733
0.011228942317708377	0.026744056995111617
0.011097404200223128	0.026288749574225667
0.011072242957185263	0.025890014799840076
0.01101874480967276	0.026335843139979147
0.010898749256884074	0.026457781218164743
0.010831198448384026	0.02339807313658579
0.01079848779890291	0.024334714749059783
0.010734807481102407	0.023982795350054077
0.010675193012691781	0.025318959416320012
0.010586492056974071	0.022454123716239865
0.010570643736106	0.023199350269985958
0.010484497439704954	0.024202706354434042
0.010410467449283707	0.021970776573505529
0.010322354914717875	0.022840074832973008
0.010374229269420826	0.02252525275583939
0.010235250964853119	0.021671517436499831
0.010253233341299975	0.021601055398404144
0.010196050938779243	0.023040707242676376
0.010090612418931362	0.021603060447325698
0.010032304615063435	0.020830238072214416
0.0099910305172481121	0.023748079477034389
0.0099532807329321717	0.022014208033640976
0.0098884392411902906	0.021364485393401605
0.0099000237231256106	0.020895352815189755
0.0097969489999912562	0.021724256717295012
0.0097754361337507312	0.020319060423218818
0.009708738491183741	0.020755640653176307
0.0096381520117641683	0.021059689130517107
0.0096346655638400152	0.021534131797767673
0.0095906588969527709	0.019911205199464408
0.0094857044480237285	0.020360622709622501
0.0094833034522989416	0.021124004577133558
0.0094377426834099405	0.01905511571381583
0.009366978660336504	0.019281304034369035
0.0093147820977598494	0.019636473150303237
0.0093308260235026412	0.02053797714847742
0.0092261904152655776	0.019361940775899669
0.0091776727460085965	0.019092860929962811
0.0091994778690617836	0.019841039040301399
0.0091611919115454164	0.019063262680409868
0.0090387116068527465	0.018400936725729396
0.0090456199613563448	0.019838219273886369
0.0089416441903653072	0.018089849543618329
0.0089522416738335633	0.019154957067440005
0.0088653470826745989	0.017570764201090928
0.0088872951866783585	0.017401828727419182
0.0088728707520199773	0.019070914365739568
0.0087936716136153836	0.017753366634713358
0.0088647618241106865	0.018129392502836728
0.0087570578310710162	0.017522155466590639
0.0086213516268038876	0.017165113647482817
0.0086518916199641079	0.017650646723652984
0.0086075772306640191	0.017551999999394045
0.0085908530057349428	0.017134962064711837
0.0085276354443072494	0.017100211908675989
0.0084955438110863625	0.017501847921450115
0.0084821941818955335	0.01585838407472185
0.0084134405371148382	0.017775818693990638
0.0083945324311212946	0.016848379581148498
0.0083773286830510028	0.017859592299981603
0.0083101356955458637	0.015883906075653778
0.0083043008279444254	0.018291725398372968
0.0082506325349424123	0.01620042046288998
0.0082648382796897575	0.016270025563941103
0.99740937046173439	0.097593501797789362
0.55169801708077848	0.099418834061707886
0.38129660551381128	0.1011012910336317
0.29135090164253097	0.10199855121889383
0.23584538853715514	0.10182485507073416
0.19820358075945377	0.1010576507428172
0.17101627563323032	0.099923413942800729
0.15049711024272688	0.098258140108350808
0.13447027747633589	0.096233465040751184
0.12159380515534013	0.094154137754948519
0.11102789560460684	0.091989425097280433
0.10219531671027939	0.089878296707387492
0.094696649316611717	0.08790333486150112
0.088253313109129289	0.086044831512972292
0.082658304727374898	0.084270382974877045
0.077747457697959557	0.082660533113023585
0.07340238452186662	0.081195781562352839
0.069534695206164454	0.079841135846889871
0.066072442172753487	0.078555218412091163
0.062953281747808745	0.077348147030544628
0.060127343714858526	0.076223663145971982
0.057556276449851167	0.075137499753083578
0.055206078827798918	0.07409290036451012
0.053047832839765323	0.073101499776058551
0.051059556579689046	0.072149980521646187
0.04922318406469009	0.071224479078989322
0.04752063099446846	0.070338030622303691
0.045937871803478372	0.069486550108513678
0.044462284569870121	0.068658040507046034
0.043083695134939079	0.067851119750020922
0.041792313777198546	0.067076611854332516
0.040580223085007763	0.066338324160471404
0.039439719399265216	0.06565714806276636
0.038364794609841012	0.065012225736842372
0.037349451309935118	0.06440808399658525
0.036389464172338244	0.063800669845740385
0.035480422224318971	0.063220151244084977
0.034618148008239882	0.062661147337004452
0.033799691366120169	0.062111746436198316
0.033022024787277039	0.06157679904313338
0.032282251486358285	0.061081283687812911
0.03157839134841426	0.060592230626034395
0.030906784136088199	0.06012433271532848
0.03026506010808638	0.059690050270286621
0.029651627612927448	0.059269862472802026
0.029064763675756788	0.05886621257247291
0.028502781975006705	0.058489406944475721
0.027964060864995491	0.058131153356861087
0.02744892691755281	0.057754590523604335
0.02695568376996077	0.057359800679181429
0.0264824497232314	0.056974473046655982
0.026027990612940675	0.056594048069287257
0.025590005960922299	0.056207906728866198
0.025167115603500767	0.055835006029171866
0.02475843612178159	0.055453433996911092
0.024362993161640475	0.055075719081084253
0.023981094439887236	0.0547114425632729
0.023612918649229001	0.054368720540758246
0.023258152051928674	0.054041453006182912
0.022915387685357155	0.053714928687934343
0.022586121335941328	0.053426936145580313
0.022267582836440199	0.053159940129440947
0.021958031595926665	0.052905557717283905
0.021657690799381825	0.052704299158587938
0.021365034087426519	0.052517480096523718
0.021080001363766143	0.052323738095886883
0.020801378086983593	0.052102493539405756
0.020530136899312032	0.051882617899125828
0.020264867974440302	0.051670765040292825
0.020007370837014839	0.051485715795013612
0.019757162221708247	0.051297507495702159
0.019511863251938936	0.051072724655323046
0.019269057751449058	0.050800488727780438
0.019032899387364736	0.050578497962430718
0.018801978890957801	0.050199208219552274
0.018571764370367404	0.049637797747205725
0.018353437615006549	0.049185996827498288
0.018142387692165706	0.0489319388432395
0.017938315390922058	0.048573493226055461
0.017742316778431175	0.048167310794944934
0.017543128912423663	0.047721717067471379
0.01741801845818728	0.048874264834211228
0.017235800940813201	0.048668064438984575
0.016986522115432768	0.045863925503448394
0.016816467095893205	0.045363257279347279
0.016656364636977689	0.045525561925807916
0.016487424051033244	0.045385590230483434
0.016321349081872185	0.044429265426967103
0.016171469632022484	0.04438026497836365
0.016020201201151642	0.04511012267954894
0.015867175368875112	0.043806657439881241
0.015723250232169216	0.042696700691771824
0.01557249386816262	0.042901481496539232
0.015444227195632465	0.042644771573293036
0.015275133839175612	0.041412858041708307
0.015154686605503067	0.042129627681668287
0.015012812337040445	0.039414699044042996
0.014904803268634713	0.038820407465609795
0.014764360296111376	0.038088962457400267
0.014656919789288762	0.03725490716499566
0.014543245512287655	0.037361620487838004
0.014425077297205319	0.036198370864867421
0.014296567378150989	0.037153173783558854
0.014200791788747271	0.036080357386313024
0.01409570523230194	0.036881788618913766
0.013989236241390743	0.03624285677953859
0.013844215261995137	0.03503351023609165
0.013752760719210673	0.035629682111540162
0.013646778221702429	0.035702579244596043
0.01358651726952358	0.034986040937533762
0.013445919937183307	0.035345273474062994
0.013361100979821992	0.034009990645265956
0.013264017619472778	0.033970102508458985
0.013157808145026449	0.033495459991903467
0.013085304642581086	0.033079713368077093
0.012961367186486399	0.032749755251637772
0.012849967903496717	0.032330893151045058
0.012798677049485062	0.033131342782012775
0.012685445933556487	0.032868724794713929
0.012593922974496859	0.031933735536025201
0.012527639497577452	0.032888773782553817
0.012431945045038605	0.031387435824734751
0.012277494644904095	0.03071680252362495
0.012250460071929585	0.030514080733474707
0.012181692978411415	0.03190149499322717
0.012096643749070756	0.031460012297486357
0.012016717318276133	0.031093292932315521
0.011920875088590747	0.029732711376161493
0.011880470329162797	0.030106258503860738
0.011751717342797008	0.028884574729231203
0.011710209249050372	0.029137033993198915
0.011623508780656206	0.028027600758852762
0.011534547765441829	0.02900479147514573
0.011457626592337622	0.027688662355418104
0.011357499180250844	0.028298021390613649
0.011275935122553636	0.027620471744806786
0.011264962590145974	0.028048054931101404
0.011184418749591162	0.026476385477937042
0.011130698587392067	0.02678345049468777
0.011040983923155799	0.027392864113028274
0.011006577287394783	0.027277118194982054
0.01091105131171608	0.025792626875153775
0.010862782194652917	0.027101114960478571
0.01078674697245335	0.026236971387838412
0.010754976289699555	0.025460621192168627
0.01068573225330199	0.026416080628924407
0.010603314453706521	0.025284620985268368
0.010556240393169119	0.025494377389789713
0.010465180508902343	0.025279948820051929
0.010442378357951799	0.025378475212494752
0.010426509400812424	0.02441660678731699
0.010310997006581561	0.024819625150827303
0.010291296168347796	0.024497465593627699
0.010188439511686487	0.024384096851854345
0.010105772814441746	0.024765276777449965
0.010105361548115338	0.025057966527067273
0.010022352857957269	0.023032797610402701
0.0099916354436049553	0.023189417320704311
0.009920369647194836	0.023442089411352864
0.0099218538364560845	0.0249313714091908
0.0098641215467005425	0.024021259266250462
0.009732576762770272	0.02268363632184936
0.0097541476188220729	0.022770410321000117
0.0096777815242490555	0.02229297442339526
0.0096776950274725781	0.021477776851073289
0.0095149269477804617	0.021380573276984272
0.0095711728009617112	0.022400682795408418
0.0094678965309578332	0.022749498032913821
0.0094561861844425152	0.02298648190941378
0.0094351071529884135	0.022345253113646685
0.0093479910807165011	0.02201831710764111
0.0093345235754077206	0.021833058243260078
0.0092710150450729285	0.021499174078298832
0.0092201464237547798	0.019949667959415135
0.0091836701321604437	0.020361350506757726
0.009118152541359191	0.019504231396971008
0.0091223554312990767	0.021769526224316202
0.0090307955791909394	0.019344093811178714
0.0090153761036822072	0.020557277098883886
0.0089558627783626298	0.019179804065603399
0.0089447030364766741	0.018701131823768126
0.008869658390701975	0.018904374516781765
0.0088834921946694297	0.019602346730008768
0.0088888812819252483	0.020081071835283924
0.0087344048945211545	0.018218293813538775
0.0087826849939155599	0.020045160789207987
0.0087045006318638898	0.018352337747622818
0.0086991888378658688	0.01887919880250042
0.0085826001737381221	0.017882514430184342
0.008574075987975549	0.019181481448325096
0.0085554819549873099	0.018147897378965973
0.0085302649600994297	0.018552089533831789
0.0084610908109349382	0.018518085180112168
0.0084062519197826858	0.018125608545289985
0.0083780200630310595	0.016532684874664832
0.0084018120369189694	0.017856661081712442
0.0083129503710602532	0.017975971903909094
0.0082910807305255855	0.017586466115327944
0.008268980938285533	0.017880585409008144
0.0082100926865632633	0.017025866132532434
0.0081492633758142499	0.017981105050115385
1.0010453353015618	0.097034322072593146
0.55301482125345225	0.097856242290950912
0.38200051340013363	0.098844240680219159
0.29179753580755924	0.09910604260425783
0.23607159673475042	0.099224800878987662
0.19832479544266987	0.098329340007843838
0.17109784160670463	0.096696027893790198
0.15053489901625147	0.094715973917051624
0.13446220863080141	0.092576841711090513
0.1215514197449642	0.090460770747666647
0.11094645976803058	0.08849214780637954
0.10208321372673987	0.086591814314422297
0.094567079901770656	0.084738959275776682
0.088111873926646461	0.082960469567544506
0.082504120602869713	0.081287341636816807
0.077586410121528671	0.079728674603284672
0.073238061289243067	0.078265566442166645
0.069362946374547221	0.076919792249358618
0.065890105606799268	0.07566577725544886
0.062760488748796736	0.074486945567029797
0.059925358969778526	0.073361692217801186
0.057345518008117741	0.072278612369443357
0.054986616739889499	0.07124865244742988
0.052822458982291126	0.070275724821006039
0.050829870644449493	0.06934240150904003
0.048990040060908242	0.068444293889896035
0.047285753288935896	0.067590339478250383
0.045702479601371596	0.066773846099234202
0.044227021935819053	0.065997240802127058
0.042849391984945501	0.065256139143762423
0.041558769214178136	0.064561600493557553
0.040347657361246479	0.0638981803801357
0.039210064473128546	0.063218050015853011
0.038139029581075561	0.06255928314835367
0.037127884331199026	0.061920478322894511
0.036171647542846457	0.061305552610896152
0.035266873923754966	0.060704161307204435
0.034408892657289837	0.060116236635352295
0.03359373351201593	0.059548456881704383
0.032817857863169729	0.059007540607477114
0.032079031995421566	0.058489078368437926
0.031374868484261804	0.057980686446616504
0.030702448771502227	0.057482602044768294
0.030060609844385893	0.056985308270273718
0.029446220632627047	0.056499211870687863
0.02885772330188302	0.056015275630704006
0.028293522896098381	0.055543440834927293
0.027751253932797738	0.05507926118791176
0.027229610170829786	0.054634290519384274
0.026727964232761296	0.054208850664519428
0.026244935557032251	0.053818021124061463
0.025780038210091803	0.053446320535918267
0.025332011907720407	0.053093712095527199
0.02490010383018906	0.05275051765442372
0.024485673393432474	0.052411645968046171
0.024089567209345672	0.05211135812317276
0.023710208285282371	0.05185506805607832
0.023347276730645933	0.051664333384675708
0.022998995966898712	0.05148200058524624
0.022663345928096653	0.051285788667764488
0.022339635820368332	0.05108146134078706
0.022027927494848137	0.050916953654599501
0.021723307381315889	0.05073601014370329
0.021423422599003865	0.050508946303502229
0.021130434610473394	0.050245253181448915
0.020844687942428615	0.049972029224023364
0.020568898007240349	0.049702303424577959
0.020300549949402169	0.049417797416248202
0.020039729045358522	0.049144725881813844
0.019785840024648324	0.048885002925452885
0.0195380956659356	0.048630770300036825
0.019296477435334778	0.048404672637961159
0.019061573929371235	0.04816737657382985
0.018833239020947076	0.047882675913047595
0.018611038820272086	0.047577542708105082
0.018394027663202125	0.047237691152315409
0.018174558248883685	0.046018968036240039
0.018004191224888031	0.046968040279581395
0.017783677421452884	0.046016529680756757
0.017575607713830658	0.045312259047396573
0.017387611743852747	0.044899643493438342
0.017195724235640562	0.044441020915452913
0.017027211361589394	0.04427715025324945
0.016842503211003324	0.043740782738536342
0.016669074445882046	0.043328176769284923
0.016478498607617059	0.042926638661452882
0.01631647355918743	0.042184541638216146
0.016137444701385995	0.041601948315517508
0.015976037772681563	0.041264696666946127
0.015819863008845084	0.041210440076632195
0.015661847519691921	0.041792763202287982
0.015492630857738316	0.040760637402496809
0.015357247754649488	0.040595416874850389
0.015212515765849529	0.040656408005766753
0.015074348698738535	0.04002228273339848
0.014941206069913176	0.039601772796009987
0.014807139703501847	0.039343074694550534
0.0146753289011953	0.039247728159047819
0.014537919637738973	0.03854031691989878
0.014410466729078426	0.038103017281462828
0.014311828434685607	0.037566940751826927
0.014200281159637443	0.037602455577797296
0.014090670660376716	0.037788717611684675
0.013952065896249142	0.037578420058437464
0.013836503263489303	0.036779179077892632
0.01377341966698651	0.037606946224642064
0.013651922034470972	0.035623625235926451
0.013501099514264269	0.036156571075880925
0.013415935673622911	0.035595388806333374
0.013330381023761263	0.034963137798167829
0.013225670330463433	0.03651622168011965
0.01308728880646471	0.032460099092019891
0.013013883712891782	0.034720785878659906
0.012943598907244691	0.033154270935663296
0.012816528219316999	0.035582873128307678
0.012702355823277785	0.030903369825354108
0.012645151536811259	0.031819336541440896
0.012580673511677638	0.03163783325246973
0.01245190325133389	0.032000665453119137
0.012368478098941423	0.032413871721186135
0.012266783024034719	0.032697185292892963
0.012177893808236563	0.03137008300093936
0.012092147940464031	0.030015470180631981
0.012039425986066625	0.029724467315257568
0.011950204778176151	0.030080966241762201
0.011861382763068537	0.029633761739545128
0.011784942447399234	0.030566518030667636
0.011709482814766747	0.028499461587929528
0.011612716527357785	0.027958875515876766
0.011566000162101105	0.030517273493989337
0.011505409676371731	0.02754658162957126
0.011414656916965419	0.028946276193105473
0.011332495324901814	0.029398809674513724
0.011264934426347921	0.027597950466019622
0.011202442043601692	0.029639389455838116
0.011112146040369038	0.027411216297413166
0.011025493126758667	0.02615625669952492
0.010989167962752011	0.02669750183651249
0.010900248588492435	0.024022594779690463
0.010867096307687887	0.025529549464352232
0.010796572185915895	0.026172358440616349
0.01075005480393445	0.02554240973079289
0.010665164018610862	0.024017351470828213
0.010575877858625115	0.022801263056811915
0.010559473844271349	0.025953323754970919
0.010465817849588416	0.024808560237361159
0.010428909793191951	0.024268905910441278
0.010352356985080954	0.024880273224835697
0.010384842907321758	0.025248998587495523
0.01026538344943091	0.02394702641487962
0.010203483303512492	0.023267450304897703
0.010130933227261902	0.022954508840193278
0.010063588878644864	0.022022555395812205
0.0099907030059792033	0.021304862220011822
0.0099814851363848826	0.024589791878269755
0.0099160052124455909	0.02208432352743234
0.0098608879787494032	0.02249914330390133
0.0097527931800340476	0.019229807812676348
0.0097297273968979005	0.021474623536219022
0.0096720778441062687	0.021261624505670419
0.0096543238507786518	0.021120565085194609
0.0095956881890591952	0.021639076628534093
0.0095486096189111181	0.021022352616103669
0.0095127438618851125	0.019287547629371665
0.0095289314091664325	0.022023267125295148
0.0093936818099775547	0.018454836884839662
0.0093661132808122802	0.021539701632491234
0.0093639977946604492	0.020616995850634211
0.0092676362099067162	0.019411455237647569
0.0092131415147377708	0.018574605866345659
0.0092015271318067905	0.019021463137057913
0.0091527642116518565	0.018281412996639209
0.0091229586313040373	0.019252671862091446
0.00905268851362479	0.018347192828470544
0.0090417930784700267	0.019039095217017347
0.0089591295865458775	0.019323290308237363
0.0089084493581466327	0.017881315745828911
0.0088704328541632446	0.017903253736055069
0.0088578276886711396	0.017415609288071822
0.0088177058125101099	0.018588970522835344
0.0087359874229311109	0.016621703888411641
0.0086790818335272957	0.016881251348411921
0.0086880107477923813	0.017096418074571375
0.0086591766275919604	0.017145244847125922
0.0085797639955994612	0.0165235206081818
0.008555315924794079	0.016926341346679613
0.0085348380154601847	0.016775470319896766
0.0085090870223207809	0.016407283048087359
0.0084990921776496656	0.017976359234272331
0.0084629661292708359	0.017870304746215007
0.0083454649367436726	0.015209049475343248
0.0083522554042050751	0.015930674428015972
0.0082594444935531718	0.016655724363015975
0.0082718345550496578	0.017481947714061963
0.008195678385705684	0.015278492411923403
0.0082172976745107356	0.01524543426906147
0.0081761844910795169	0.016552498698848735
0.0081311357448308995	0.015393176374496657
0.0080905701345846681	0.014108797848916397
0.008075038868248537	0.015195584383317978
0.008019194105085824	0.0155951790210379
0.99492321131928041	0.095564621197552935
0.5504614394365005	0.097820953852021164
0.3804644901116116	0.099543862763354141
0.29073178057025673	0.10016242627833702
0.23533873411444572	0.099758691532517554
0.19774887265621929	0.098989071388963346
0.17063345933141053	0.097445090923885133
0.15016014093583407	0.095455272219803475
0.13415409090365329	0.093321523185262018
0.12129743634457663	0.091164176567415503
0.11074001835041829	0.089060091041958167
0.10191956446945158	0.086964979129391065
0.094435716559380836	0.084940947444887685
0.088008243074231482	0.082938788244462797
0.082424698606724009	0.081014755642833766
0.077527843461500906	0.07919011196748249
0.073196458769900524	0.077482540664117694
0.0693370740072424	0.075854893164489429
0.065878047346974167	0.074299051201176899
0.062758372195030193	0.072821856984093242
0.059931820556079152	0.071394941001153137
0.057357534165333797	0.070037325964835376
0.055002262900209521	0.068763129697418934
0.052838841602133042	0.067570064157268184
0.050845079131429868	0.066439914455585822
0.049001541466374754	0.065373767911869538
0.04729300849285091	0.064372823820984373
0.045705207064569167	0.063441465674798317
0.044224618515548056	0.06256685136236291
0.042841024869962566	0.061742097901866883
0.041545842071460129	0.060972454461188735
0.040331525427466278	0.060241199703010194
0.039189285812464891	0.059570781503666473
0.038112953697025845	0.058938133929365109
0.037097545128793367	0.058325259895741083
0.036137936290501597	0.057755278702781562
0.03522954559767149	0.057219607478466501
0.034369171644510893	0.056725984791653472
0.033553269822946312	0.056265863642636096
0.032776927504441701	0.055824281009713199
0.032037564831536539	0.055378178435216224
0.031333613519814278	0.054922162818239653
0.030661815676115745	0.054485315015626805
0.030019170034268551	0.05406785947607802
0.029404168508141613	0.053662035290766394
0.028815533851126771	0.053261957400735839
0.028251810430325406	0.05287050009870372
0.027710869327736972	0.052472399384550276
0.027190308742561384	0.052077194869572747
0.026687769739704732	0.05168776234153203
0.026202656153639176	0.051297223769070942
0.025734127293688396	0.050899377008360995
0.02528263441245826	0.050498478740342322
0.024848574680396737	0.05011792094784942
0.024429712654175831	0.04973646583401873
0.024026604987517314	0.049389045351226152
0.023639107174875398	0.049064864003294226
0.023266175061212702	0.048729546268153699
0.022906101985153832	0.048378912762370219
0.022555595010428937	0.047982571708230184
0.022217006697115061	0.047602292332855428
0.021889999463403087	0.047228678217028433
0.021575356162931426	0.046862598239774733
0.021273603262028006	0.046528175832994553
0.020981992594478676	0.046241953863775498
0.020698238625149409	0.045981632558974778
0.020422251860747184	0.045765269637409511
0.020155375767060311	0.045569242151519355
0.01989450703006277	0.045282642882327362
0.019637375283114652	0.044773675844458891
0.019386375735894801	0.044359819451121371
0.019137325224317072	0.043821705070755466
0.018896575730955687	0.043488886360954659
0.018656176081060755	0.042912721517190867
0.018432183857260923	0.042752434300367119
0.018145268503614673	0.042544812732926721
0.017947840162617558	0.041348728334247804
0.017764526240690165	0.040693666278187414
0.017557635674244239	0.040371431116558394
0.017364896184297852	0.039735911547019782
0.01717232433783317	0.039412342344596299
0.016987686875673084	0.039240413831556804
0.016803168436309013	0.038520147941972727
0.016645655761914454	0.038200973906118173
0.016466918476237359	0.036912448073979205
0.016283860821828106	0.036977212738737879
0.016140666408039007	0.037550269716940851
0.015985547772139525	0.036874425210374227
0.015846785225445852	0.037082167222754113
0.015690109221652541	0.036201265618817161
0.015518116157653118	0.035124248148154173
0.015421374141440047	0.035748506799162583
0.015248783302690687	0.03438568393315572
0.015098202357801438	0.034064638781949125
0.014979784275575021	0.033927246246840695
0.014848452491827032	0.033497156010045999
0.01468996928878241	0.033274622884728558
0.014589855615932963	0.033373996540246975
0.014453938086757538	0.032203618008600929
0.014300497781728243	0.032221199707141851
0.014178659622745874	0.031014735115660642
0.014039660876999456	0.031368955546492945
0.013970936538652791	0.030320446150850652
0.013848263053461622	0.030495591453727083
0.013727432388342172	0.03062098962290484
0.013608673394866157	0.030581518649143661
0.013483396322463563	0.029148295410028339
0.013417697606014535	0.029848825636902939
0.013279785442189711	0.029401336044137145
0.013190085534309602	0.028385790690188418
0.013088641001311309	0.029246780735945343
0.012954464759277431	0.027814297322452896
0.012864862333458916	0.027955504544650039
0.012783011012001634	0.027219600880392637
0.012721058246708722	0.028091453252834877
0.012567902323673202	0.026598602880840413
0.012496146562479894	0.027449077810940019
0.012378328907128068	0.026260712362160096
0.012311151884697086	0.025379642311916275
0.012233507628566837	0.02675986265677861
0.012161856895617391	0.027266000862406478
0.012072524168443679	0.02497884045383239
0.011964433793519226	0.025693374159151582
0.011904446150626401	0.025268769699874554
0.011837149071958942	0.024242705467706439
0.011723102960361532	0.024944388149434241
0.01164766924404247	0.023064015000933205
0.011553713546672414	0.024637832217936792
0.011478760695328607	0.023638587710886214
0.011408289346410083	0.023764302670404806
0.011330449763399695	0.023494084102019943
0.011296246596150639	0.023047517750381011
0.01126177768094363	0.023398315044232447
0.011181447126220446	0.024054777102028576
0.011149143649799487	0.024354142260753654
0.010984970313761729	0.022131027733501382
0.010896187915237323	0.022559665053930866
0.010831995153750284	0.021800099774315306
0.010775302774064592	0.022407332093770178
0.010755564522427015	0.020597669660753534
0.010684506053257249	0.023077904097639258
0.010619060719587245	0.020741069777168952
0.010647562036124835	0.022968007905072783
0.010491224392773132	0.021279269101353686
0.010422747815878843	0.022525858605406901
0.010346241049660755	0.020568762385952885
0.010304041805340142	0.020858972165116122
0.010227572274423677	0.019397800912441962
0.010211544913808917	0.020401356186127283
0.010156062790728096	0.019677763508228783
0.010133702237163731	0.019658909337191492
0.010020056179605746	0.01905028151177101
0.0099553752477955434	0.019670338756540649
0.0099042000375610152	0.018917481472234803
0.0098393071611712329	0.01900630039783538
0.0098488725164446334	0.019322795492905165
0.0097254068805456562	0.018751044096379337
0.0096814328505268506	0.018482236268180553
0.0096346102913447695	0.019134991099673527
0.0095874032876236467	0.017462237226391855
0.0095427340834036579	0.018206978304884217
0.0094634661191568305	0.017157535010317807
0.0094482550620321563	0.018236972093964434
0.0093843310008041997	0.017594801708690343
0.0093801023065704994	0.017910728062138156
0.0093595704093020309	0.017883438646571336
0.009202982249488411	0.017530112212695723
0.0092284139153873505	0.017297187617651876
0.009144292454262487	0.016649681876838844
0.0091379251474104535	0.016787231663735962
0.0090870028117134675	0.017326657290926254
0.009110865630445027	0.017527956529686198
0.0089692138862238618	0.016378949996822115
0.0089405173189529303	0.015849782958829654
0.0089117978884327258	0.016598022491163038
0.0089634579555013978	0.017544205349302438
0.0088488528142468392	0.016401417888718222
0.0088014125614353789	0.016528216028670838
0.0087667341170744924	0.015478998620888097
0.0087310689521856166	0.015803870927741825
0.0086336504173643823	0.015527415672642828
0.0087178279435858649	0.015916615902589689
0.0086178203659078786	0.015797485900797381
0.0085398033992741523	0.015946015637127171
0.0085364926375833903	0.015875764750154512
0.0085470903751276792	0.016752836215480717
0.0084186589843485427	0.015495680671235737
0.0083871280803203344	0.014509749559370674
0.0084190583871421119	0.015151918922966773
0.0083646674619160533	0.014289440006121546
0.0083317630614216584	0.014355780863555521
0.0083659900265572844	0.015637150595973738
0.0082433031456763256	0.014731094418882183
0.0082374386023097729	0.01517210159609475
0.0081869288750361421	0.014369394052455225
0.008066377977095144	0.013364755132680121
0.0081304634323503874	0.014485215773842319
0.0081101871186105411	0.015193812652420209
0.0080012584118170534	0.013337086536334244
0.0080374423820749937	0.014406236322295532
0.0079084208726464822	0.014610037609787118
1.0022144325837823	0.10518457677026435
0.5544939915381808	0.10697141683866283
0.38328782695299957	0.10844722625596549
0.29290429423174452	0.10915180612221759
0.23713669734223425	0.10865073778186896
0.19932380821632709	0.10750633307515541
0.17204569760524954	0.10576345453222551
0.15147383489132901	0.10342929822372771
0.13538536423362854	0.10104282051027018
0.12245311336425616	0.098702971301546316
0.1118337996530902	0.096435365600338829
0.10294952663199973	0.094348263377980024
0.095411437812179339	0.092368772301569521
0.088940511802802866	0.090438584650745557
0.083320383997890907	0.088623183776528072
0.078388088476549087	0.086984149114876133
0.074025580539793023	0.085500352057509887
0.070142305102657773	0.084123264171245091
0.066662737503558736	0.082823007424339262
0.063527585706691134	0.081582835660325315
0.06068899048076281	0.080397956566944248
0.058105817483237766	0.079275044498253566
0.055747507652353707	0.078202753038406653
0.053586017119292791	0.07716509056515887
0.051597572292653257	0.076156199449033943
0.049761156554155403	0.075206468376933011
0.048059978686797837	0.07427284334485737
0.046478006740836748	0.073375550782050478
0.045002842942335836	0.072518946267751433
0.043624059702786204	0.071690515277643391
0.042332508378099917	0.070879322758982413
0.041120233060473105	0.070086251309949915
0.039980005509104077	0.069287844250925379
0.038905778230768406	0.068508074345891193
0.037891328186936878	0.067754220075499444
0.036932502023727866	0.067032614495666068
0.03602364838810606	0.066337872792422772
0.035161562858533245	0.065676964197878357
0.034342496721900387	0.065029676431243674
0.033563204229839841	0.064405923747977933
0.032819971288741784	0.063813996756309874
0.032110534459942976	0.06324618198663931
0.031432451247764635	0.062691356703462486
0.030783672158549193	0.062155867048667775
0.030162856231944743	0.061655658203819109
0.029567863194632591	0.06117148784847605
0.028997077639957729	0.060697035630604093
0.028449043687497337	0.060232017654572548
0.02792223704214181	0.059787677741891754
0.027415428849565913	0.059371936404485022
0.0269274781156832	0.058962590516843653
0.026458492145161362	0.058570129267348094
0.026006892717864664	0.058205649519631357
0.025571627396448336	0.057861650481564331
0.025151980832637675	0.057539269008266544
0.024746414328402636	0.057194917073756707
0.024353711862585378	0.056829330743016444
0.023973500910156646	0.056453140190814398
0.023606036832925611	0.056062401399510124
0.023250521626962308	0.055662610862276675
0.022905802975498497	0.055254403798968225
0.022571251004617834	0.054831607523048539
0.022249449943980724	0.054438948593972081
0.021938070225834085	0.054059065369431329
0.021635174170207258	0.053676077985751247
0.021340568466808041	0.053291440668137846
0.021054485338387576	0.052911085181987949
0.020776801114551043	0.052543421751952188
0.020507594975706908	0.052189077183547962
0.020246559843605665	0.051863995389794561
0.019994013650529576	0.051646525248363141
0.01974959764068469	0.051488897203141912
0.019513913720930157	0.051508674580970151
0.019281995213696865	0.051310114386548478
0.019058066469588263	0.051105585130528992
0.018840462831279291	0.050893889935175893
0.01862786920412187	0.050687268050149996
0.018415962083562748	0.050405940961355616
0.01820889235717019	0.050118541003239606
0.018003386240632014	0.049743639526464829
0.017802888437105181	0.049241635809672002
0.01760591803242581	0.048742789289160184
0.017413661220230414	0.048276626601012305
0.017228902932595248	0.047869338673681164
0.017056237666570041	0.048641336600400036
0.016901353843369719	0.048828334714890682
0.016736270948640233	0.048383580461307134
0.016561593143707257	0.047542407746137945
0.016396570829605089	0.046567021869279981
0.016253720835389118	0.045555561404985179
0.01611140578709851	0.045466136712604764
0.01598046567761241	0.045644442872809166
0.015826915973025744	0.045176394165913382
0.015682157141366351	0.044618743894351449
0.015539176405689203	0.044404245540797353
0.015389340546603472	0.043685162525947965
0.015250299980646207	0.042794562814386893
0.0151330337708869	0.042742325730979899
0.014990109376203545	0.042542146842215134
0.014880047698214991	0.042707771678933047
0.01474887000451044	0.04234943600271554
0.014641663827825419	0.041214459893755676
0.014505716003403094	0.041693580786248019
0.014388828463851195	0.040796883237634307
0.014278445048247754	0.04125740933325571
0.014142063497175174	0.040035435555133621
0.014057906794833461	0.039773115687445716
0.013935563495536549	0.039638414861632228
0.013804799098199719	0.039182668866480141
0.013723789606381299	0.038793409116610354
0.013626920842856098	0.036766143145006397
0.013566982036374015	0.036775270780150263
0.013440016713659199	0.035796787860977307
0.013356006484170969	0.036538494288998719
0.013223071143635667	0.035456331348281835
0.013131555538293881	0.035313618969109124
0.01306621982286919	0.035991444053518319
0.01295052079801675	0.034602840771968284
0.012878314256960914	0.034439050581895073
0.012763461804948929	0.033970533780079241
0.012623632505497943	0.034653427302474227
0.012651672595622283	0.033169664225582568
0.012580565469759383	0.032342736001516409
0.012413335742718495	0.033273629496116244
0.012368181226362806	0.032491637277481777
0.012325938548277775	0.032315266430970248
0.012202041097852091	0.030835247360623128
0.012143492170879502	0.031163310829015037
0.012066432277637172	0.03178565877877939
0.011987227125375916	0.03083220020459122
0.01185181819427799	0.029669787419398151
0.011841594436277914	0.030322155055265122
0.011825987904828403	0.03075741245089704
0.011662375686895111	0.029668558311207047
0.011639091973728512	0.030253497302254347
0.011526753404881379	0.027742950864502954
0.011454030617816104	0.028529854866949918
0.01137089701843415	0.028422348719966829
0.011315659964384566	0.02820357395125182
0.011274257529763784	0.02977488966907995
0.011131250035552508	0.027500917401540086
0.011094884869921707	0.028481942951590289
0.011126230237380356	0.027996486679239683
0.01102983792017985	0.028593221524509348
0.010866827350903425	0.026392282226791075
0.010916063534602895	0.028182390222003015
0.010863669809780674	0.025928637603267368
0.010700239028435145	0.027315067618485817
0.010746939187791238	0.026962108905632269
0.010703838539440206	0.026367815399339214
0.010597078032391056	0.025868196320075192
0.010588991377207983	0.026434638125880788
0.010512651952959107	0.028242283484057967
0.010461450076389125	0.025913341368615249
0.010335091169482962	0.024586430970568219
0.010327148192857283	0.024564596171156344
0.010225401061977397	0.024030141720600418
0.010228740201659777	0.02535633847074472
0.010223213579256464	0.024506222428889609
0.010138650463422928	0.025106711728916389
0.010063307269121191	0.024154396234349451
0.010055565947116424	0.024781581377123257
0.009928572131503003	0.022317986611295835
0.0099392637726795682	0.02364791536808172
0.0099254783101570213	0.025373287723728672
0.0098724214213124738	0.024003773460916256
0.0097552496891130606	0.022044490549020444
0.0097604643677576385	0.02375960190746277
0.0096693903738470886	0.022011930673522164
0.0096033203724889184	0.023010884043495224
0.00962065850572392	0.024152922250917738
0.0095774841056438086	0.024045243356393346
0.0094642669195452809	0.022817387469482291
0.0094563798932001796	0.023306147077149775
0.0094638165032732459	0.022815193424328129
0.009387839436425939	0.021865477907976671
0.0093124794613455141	0.022432257460587274
0.0092895314757744998	0.0197349396106484
0.0092286680504464966	0.021563422192799997
0.0092452386933635933	0.022618050664693971
0.0092104751800985221	0.021877952395842323
0.0090766727626992449	0.020386263862609111
0.0091401688643112169	0.023222446465080631
0.0090610707254801647	0.020835237163928814
0.0090209012517260007	0.020569209762800186
0.0089886010321436633	0.020921406116651237
0.0089471560791344936	0.020854919365820797
0.0088864333899321638	0.020239650660353308
0.0088626615851725224	0.02112733788463066
0.0088068808411611646	0.019942235849455477
0.0087678811269314809	0.021078880519109524
0.0087655728198188492	0.01959476005958697
0.008663164906167772	0.02018034709304567
0.0086939752803497986	0.02089548546641095
0.0086511289162906138	0.019360764619102525
0.0085856115872229109	0.018706441053469115
0.0085814560889123214	0.019144660546846281
0.0085351510125740507	0.01896831978291352
0.0085063636772022902	0.019718238049543788
0.0085519453533026597	0.020055704452782111
0.0084705615295258673	0.019334176596266395
1.001313783648401	0.099736509956710628
0.55365569887788257	0.10122227565642319
0.38262584461579957	0.10260859154460104
0.29235927949278562	0.1033262383040809
0.23660076975812314	0.10356979075760024
0.19881518351282004	0.10289562752231102
0.17155889941485239	0.10147950383656822
0.15099691425878184	0.099427170743645862
0.13492712162167023	0.097157354661086118
0.12201539380134312	0.094885324506665786
0.11140849377041247	0.092725067574641454
0.10253770904315621	0.090722886605305447
0.09501403664601793	0.088806292588274285
0.088553942412700648	0.086963286911078172
0.082940949242014061	0.085244982437823871
0.078018831681816211	0.083636112858692963
0.073670604498381184	0.082078134441942993
0.069799594090398612	0.080592953589651267
0.066332330756067162	0.07914611139659479
0.063209939447355479	0.077740161920867565
0.060382028113526547	0.07638238233845869
0.057806981673165551	0.075094202032998922
0.055450045358800645	0.07388267266634263
0.053285287718877583	0.072731936164123351
0.051291104510713281	0.071645638667505548
0.04944694462720943	0.070622215932763424
0.047736748212091264	0.069654478680189605
0.046146435226155767	0.06873078425339553
0.044663794089840371	0.067854676809498068
0.043279043044214989	0.067021948159783545
0.04198286133746508	0.066204374630162849
0.040767085269522482	0.065398294281276234
0.039623138330985026	0.064597410276958298
0.038544957306107595	0.063832280799839242
0.037527147934692334	0.0630834310362169
0.036564050249572308	0.062372684939447164
0.03565142908745577	0.061688805452400415
0.034785236852971239	0.061020663964137745
0.033962078736464021	0.060372139659676971
0.033178518086874657	0.059748801888909624
0.032432368281629105	0.059154066573965387
0.031721350291326826	0.058576878687329977
0.031043018748238824	0.05800501275919491
0.030395215397922306	0.057448622021484479
0.029776402524558102	0.056911271487213679
0.029183750535292739	0.056401096601611078
0.028615968923057632	0.055890065975242285
0.028071582645098986	0.055390441320576085
0.027549550465498947	0.054887677652899945
0.027048259696868648	0.054389715120587115
0.026566014524405913	0.053909708184795915
0.026101644520913042	0.053434389525568865
0.025654041067108144	0.052967580451488111
0.025222746413495825	0.052528078678075962
0.024806393161099883	0.052106548792528323
0.024405200648839824	0.051714808395310452
0.02401891532498189	0.051376456503307216
0.023647626574000994	0.051110810824365201
0.023294496870245155	0.050982544496698139
0.022950748769727306	0.05078961277466694
0.022615197725477956	0.050550303950468244
0.022290569046634803	0.050283555935699435
0.021978105170529439	0.050002170632932955
0.021678942562357775	0.049780526081491167
0.021390475283794425	0.049645873337266784
0.021116151354607638	0.049679292235547332
0.020866497489192792	0.049973085965984328
0.020622743091092771	0.050139557248349606
0.020381485824265768	0.050315779074726154
0.020131591059139066	0.050158449831031196
0.019882533593554606	0.049928284417188787
0.019645182846764496	0.04955932151042456
0.019427401618159337	0.049434073084510588
0.019177784733021497	0.048356206921454349
0.019025478235811227	0.049683310796210502
0.018822820965123669	0.049660532614877725
0.018614269596674612	0.049427348851231116
0.018407397959148943	0.04913807404142316
0.018203849847200245	0.048854023295478888
0.018023738727361446	0.049325317195149043
0.017828165283017897	0.049168187755122418
0.01763092730387127	0.048286249971590985
0.017359119030733935	0.043688431221344054
0.017269534760874488	0.04755313517025353
0.017021286663678203	0.043351492308335744
0.0168505573542377	0.043099542588273351
0.016609277392797141	0.047134510351786382
0.016467048475781003	0.045348755872338317
0.016405556979767422	0.044478216683691695
0.016225323142162344	0.044072095529887424
0.016059513715551053	0.042139521717900273
0.015911452244696919	0.041976605596067855
0.015814824186604255	0.043793798418240736
0.015585871934434321	0.046965478426337429
0.01553974139353413	0.042459023649621522
0.015405541881184788	0.045093408900488213
0.015218747855345495	0.042110119639386323
0.015134681186845519	0.042602280407254216
0.014968594273256997	0.041092654558083135
0.014813576795104377	0.036808367865544596
0.014713484826772951	0.038132495997760731
0.014613363574534457	0.039254554366020565
0.014476010474039633	0.039515248584402161
0.014385164036070347	0.03873632194634604
0.014236340715080781	0.038432113959614107
0.014145396910420218	0.038653106338681201
0.014055971765383628	0.03934888344220322
0.013941895217554351	0.038727982939647049
0.013882570669684924	0.039091580438009817
0.013754346298343819	0.037210814891488933
0.013627579667209332	0.036945820481409819
0.013546299926684817	0.038111718312891188
0.013321463496938897	0.033032030101090203
0.013338684903978788	0.036924396941756012
0.013266762470872218	0.036804357530996833
0.013243568488549112	0.037690751650885063
0.01312326986360153	0.037715626775565739
0.013138230022553	0.040902347875551193
0.012958363999812043	0.037921887000438713
0.012853262578682006	0.036452055705195482
0.012705530900144864	0.035317623493879943
0.01267273208270326	0.036389707288314824
0.012691704418376384	0.037346649410892899
0.012465121435080892	0.034234990046425245
0.012517285960039837	0.037581525057867896
0.012342462253453501	0.03489849555008976
0.012201499793326904	0.032522976527692149
0.01234614858605952	0.040349725870994411
0.012197240626569055	0.038049158376150978
0.012246113516718626	0.04227626468843465
0.011986621884177673	0.034127076150776606
0.011749916828409453	0.028179675419715274
0.011998690107141847	0.040176090284462902
0.011522892795492633	0.027459080252503647
0.011576613417886591	0.030203966901187523
0.011510194438588613	0.028947034314557467
0.011979345855306611	0.04845247885198465
0.011362411542982917	0.028122247419587926
0.011831694319560472	0.047976070450640999
0.011184929664133656	0.02765344109133545
0.011242676632062101	0.030795703037372096
0.011153064399533681	0.030028543331001099
0.010989664027049765	0.026360627178763543
0.011078851282654519	0.032360767148022843
0.010836391201422099	0.026441221612511095
0.010756365363585794	0.024315171530775972
0.010781638128516922	0.02680052261811864
0.010616956333376141	0.024497964510956441
0.010701677780969339	0.028122145219455941
0.010530507792997582	0.024695746519094043
0.010548514051564038	0.025260231261833122
0.010469214575870273	0.024677520349350543
0.010316813465575272	0.023255463443003308
0.010516291760434409	0.03114202342938617
0.010170008874641614	0.022724135146433483
0.010259817229746677	0.02431540356050961
0.010255212196280592	0.027421451946491669
0.010173337463146697	0.025068399155012754
0.01007565449620045	0.023486483074047753
0.010090808520531333	0.02675949012641619
0.0099412019667513719	0.021556480524558073
0.0099685277026291558	0.025317215944148146
0.0098046767377032006	0.022138606727230802
0.0098611321161242455	0.024339772579270787
0.0096803807091679472	0.020355702081638654
0.0097072219722779459	0.022640247689354142
0.009665109033498178	0.021830511148655911
0.0095326797831180761	0.020947350417321084
0.0096865249483118615	0.024705376875229945
0.0095424975868801647	0.023027497396006472
0.0095455689698530442	0.022923233156363163
0.0093836986565241035	0.019355966895301013
0.009345110451004739	0.021146554777885452
0.009371109139709741	0.02150495433093938
0.009326492270764963	0.022002043913102426
0.0093188568168066591	0.024981566163565817
0.0091622971746021936	0.021984898026309846
0.00915925126209792	0.020070078162206528
0.0090831072589941005	0.019502683025081
0.0090448695718356939	0.019446355993043792
0.0090772366666932742	0.021039826923594736
0.0089330093620709032	0.01976462858770834
0.0089359149100896994	0.019376533683136733
0.0088633605726677282	0.019009936504474835
0.008824538586528376	0.019000485318863884
0.0088065743938943609	0.018376801560524451
0.0088103603487205973	0.019095683546015638
0.0087531869798679225	0.020626501085477887
0.0087246679747657058	0.019798856913476201
0.0085932363978074751	0.017983306148322012
0.0086092304964109304	0.018480267768799474
0.0086023632314386703	0.018312782510799895
0.0085790508243554341	0.0186956465651552
0.0084742567167467291	0.017681290164946677
0.0084527004509368214	0.017977667918997381
0.0084075345430976462	0.018194746511741293
0.0083245930993295549	0.016259652977842775
0.0083566452498556546	0.017869972123666023
0.0083370984210795786	0.017760729627223734
0.0082767984962392877	0.017300414641106255
0.008209614469990174	0.01680726831960323
