weight	lyapunov	err1	err2	err3	m1	m2	m3	std1	std2	std3	null1	null2	null3	f	stdf
0.0	nan	0.74078896041980202	0.12391124338170882	0.020914198899141818	12.052894294283696	18.036381482725567	16.075395350071272	20.2847412358038	33.547685852404584	29.229846547882527	99.36999999999999	99.36999999999999	99.36999999999999	0.99841868064435801	0.10143724536434004
0.02	0.025091897826915968	0.94487282840980313	0.76524234199870622	0.2761583825279687	20.060277581132283	39.135868602069351	92.715755330387736	22.638215673228125	39.892833407215932	83.352810109488559	94.780000000000001	71.340000000000003	43.549999999999997	0.60893872462417353	0.10148088313075951
0.040000000000000001	0.036511971474292346	0.97478710850065831	0.89996714564099867	0.43720246181378941	19.87093729069089	132.31876472752191	274.89470497478197	22.358807632195909	115.73466443944164	230.94553193090087	96.140000000000001	40.75	23.560000000000002	0.43798353101879089	0.10160627892259814
0.059999999999999998	0.032137115287189592	0.98975569426819354	0.94515128151756433	0.43536527407376269	19.668734860817036	127.27466984491889	210.21164876718626	19.247943812648177	115.65429761383564	191.39684307013869	96.539999999999992	45.089999999999996	26.830000000000002	0.34193415995318016	0.10179892209040668
0.080000000000000002	0.070228291002928961	0.99536868964746328	0.94461289599168641	0.39268640345664285	19.437363182301144	107.78705428051185	185.20260094440556	18.151495543887933	100.67925615007064	196.97921823628525	96.570000000000022	53.800000000000011	30.880000000000003	0.28042328172606557	0.10190795548105214
0.10000000000000001	0.054527817146910108	0.99753207456212678	0.94082430420481378	0.37283584188806917	17.530795167049554	99.810253421559793	196.04191254640725	16.401285833025877	92.564668733924364	200.87850903405769	96.269999999999996	59.970000000000006	31.93	0.23770461428192852	0.1016342737112929
0.12	0.050644662276439552	0.99685648291242157	0.94530254471857522	0.40222883411866989	17.45444643129424	99.60338640295501	242.53698706534018	18.71802741663668	91.009033526777273	228.55721237537099	96.129999999999981	63.980000000000004	30.580000000000002	0.20634490120166263	0.10086840244719583
0.14000000000000001	0.048179477463488253	0.9960469690095245	0.94878991388415523	0.4339366921310483	17.652098992345692	103.33672574024115	297.42627718685441	19.391595319456844	94.396966985256228	270.63056825065667	96.099999999999994	67.079999999999998	31.810000000000002	0.18235928110686361	0.099787693376718056
0.16	0.062262737685713561	0.99488487137981063	0.94790162256816968	0.47220909429658314	18.866039159142797	107.84176899559694	339.12735583805045	21.117993895260792	100.10275583069867	303.89465509175596	96.22999999999999	69.409999999999997	32.679999999999993	0.16343526076948148	0.098450345710149392
0.17999999999999999	0.070452694482161571	0.9938182197285409	0.95060922040882634	0.4839385615276674	21.599527123603245	115.68719983275753	356.20685899572368	23.809223810562798	107.05598432623637	322.86454408444092	96.510000000000005	71.359999999999999	35.059999999999995	0.14812414672613083	0.096984031418117109
0.20000000000000001	0.1084263676313259	0.99281787990267856	0.95575372321013052	0.49178016413312109	23.935515497699424	123.80866593280714	356.71161613091897	25.080363548411505	113.18166924289908	323.14668252096715	96.780000000000001	73.680000000000007	36.829999999999998	0.13547987022823513	0.095466926953482106
0.22	0.15602169576975652	0.99185396140646953	0.95777085644489635	0.5011160327763291	24.236570486068388	128.33552010177306	364.76013805154145	26.797735456893179	121.31562659228692	333.81274662535395	96.859999999999999	75.230000000000004	38.549999999999997	0.12486334672059578	0.09392406648055876
0.23999999999999999	0.37379111326185477	0.99028882778962168	0.95537122505741578	0.51053671781763532	29.104995602370423	132.68799652652876	366.49179460292237	28.728519097944183	124.30986161575989	341.86099009692373	97.320000000000007	76.710000000000008	41.559999999999995	0.11582951612282348	0.092366554610234047
0.26000000000000001	0.33828282479428018	0.98998737535213355	0.95047361780220696	0.51192594556615867	30.199903278457224	135.40842961341687	372.64644230321767	31.412799847345649	127.50411776009881	346.3646984853745	97.359999999999999	78.040000000000006	43.729999999999997	0.10804717676216398	0.090825709763674059
0.28000000000000003	0.48650091592329542	0.98951440031639881	0.94579252102557754	0.51643872844798033	34.332193677194383	137.75011624517759	392.93287155783412	34.602536413377919	128.49908925750961	360.99693837846337	97.650000000000006	79.189999999999998	46.399999999999991	0.10127321184986693	0.089342707216262182
0.29999999999999999	0.33060334443866013	0.98924177356225107	0.93946757784346302	0.51747244249699664	34.345843352702204	142.86625635754862	404.71694250404136	35.956071016849229	129.35729037795375	376.49409930311242	97.640000000000001	80.349999999999994	47.039999999999999	0.095322799040182177	0.087916285456753604
0.32000000000000001	0.72212020679045297	0.98890258985939961	0.93558830808638938	0.54035048485604686	35.621549799723468	146.7117516977018	427.76933752571176	35.705934630715305	134.57530683173258	391.09261048221151	97.670000000000002	81.610000000000014	49.0	0.0900491982034623	0.086557932469343485
0.34000000000000002	0.20969527319790621	0.98808604573504422	0.93485913935156773	0.54277289629828052	34.493954850768183	147.41377192128192	449.12437164994554	36.123302868069388	139.52548278687928	403.77411041368657	97.550000000000011	82.140000000000015	50.38000000000001	0.085343330699678546	0.085265677139430632
0.35999999999999999	0.62005902041410965	0.98759283324955738	0.93482403376725787	0.55513516477884117	40.996582725134573	149.62806595608097	474.7511004205395	39.361320945877857	141.71077246639965	423.98988576302827	97.840000000000003	82.590000000000003	51.429999999999993	0.081119667771557824	0.084038467307942177
0.38	0.48435224872746702	0.98740768083554131	0.93987384179602496	0.55763156465886055	38.964686799299429	154.43511010924979	490.45092901606375	39.389656518242695	145.94172750012143	440.06510296173036	97.75	83.400000000000006	52.649999999999999	0.077307276865044877	0.082861185288843883
0.40000000000000002	0.68570953336166773	0.98733023575743939	0.94254618899618003	0.56344756813375541	40.08124709794405	159.45863670701925	503.69145971561056	38.681973582479607	151.48155920555115	452.29680565511944	97.829999999999998	84.109999999999985	53.75	0.073851808492805288	0.081731280723338975
0.41999999999999998	0.92957554681605359	0.98705055744947767	0.94366081787197797	0.57732873314214872	40.694704256354349	158.75181445559565	514.91670879024468	39.253776485210246	155.59125722242962	465.63938944960245	97.840000000000003	84.439999999999998	55.149999999999999	0.070703415961306651	0.080647125015383458
0.44	0.75091148763209292	0.98644312557026725	0.94341286601075025	0.58410600584694405	44.269556586887276	162.1668590662868	524.36602114539414	39.067419286985299	156.275697290957	474.74106440033404	97.97999999999999	84.969999999999999	56.25	0.067825188463453812	0.079603206399400245
0.46000000000000002	0.72674711149031246	0.98633969947311528	0.94294537702116799	0.58784035844471938	44.471284947729501	164.02851055538332	532.63914800718771	40.691286484253865	158.73508105558614	487.09329195956843	98.030000000000001	85.450000000000003	56.970000000000006	0.065184528104556702	0.078603541323231385
0.47999999999999998	0.68463361210929907	0.98651458269388992	0.94573725978024981	0.60313523943097203	43.24496072794183	163.89659496476699	541.17498975555816	43.437683532593852	159.73567478992041	488.55784717896495	97.969999999999999	85.710000000000008	58.180000000000007	0.062751224955790719	0.077635898145671914
0.5	0.59955482965577944	0.98633334811038331	0.94429473876226733	0.60809419236941031	45.568642225490983	168.50382073064569	565.98640089873447	45.535012834450434	163.66734895596417	511.61113757819612	98.050000000000011	86.200000000000017	59.049999999999997	0.060501113717932507	0.07670802092886983
0.52000000000000002	0.62846763758430779	0.986277364137778	0.94302569201775488	0.60608231975912308	46.620419678279092	170.42633322781026	575.68778623978585	45.563057141104096	166.57307137253355	524.55118765593102	98.070000000000007	86.420000000000002	58.890000000000001	0.058415122075286076	0.07581703077305052
0.54000000000000004	0.66734656910301715	0.98677507568737188	0.94208007426905327	0.60066261691445733	44.303092572441507	172.32034829169766	596.63209125360129	45.668645647107965	168.85844098797014	538.70547209326787	97.97999999999999	86.580000000000013	59.790000000000006	0.056477424247219167	0.074953674952637508
0.56000000000000005	0.75566732745178922	0.98692706640501537	0.9396039614879117	0.58794237324611975	45.23125370378326	171.62064206926283	597.58393855306201	46.905991420099198	170.06558501150113	532.30039001936188	98.009999999999991	86.640000000000001	60.429999999999993	0.05467141854970424	0.074112230324841072
0.57999999999999996	0.75788583233115581	0.987025214222087	0.93939589982847416	0.58608218997585959	42.725340266131788	177.73347127319067	610.23293930568002	46.908552887489407	170.72249750640486	548.36174521715884	97.870000000000005	87.29000000000002	62.299999999999997	0.052981470556948483	0.073297193188079576
0.59999999999999998	0.73020830237034695	0.98728567926243171	0.94085381188120609	0.59882418997678089	42.057769085971515	176.46308622842363	599.61640530901934	47.070289477211006	168.56583292046219	548.09659191026617	97.839999999999975	87.650000000000006	63.180000000000007	0.051397454049047074	0.072503229469436478
0.62	0.46628833209463633	0.98717073236802388	0.93922799893442421	0.60363618065815694	46.770599358994794	177.086229198241	599.13496241307882	46.749881090121178	170.18324545577028	543.34650944044267	97.97999999999999	88.009999999999991	63.910000000000004	0.04990926241977682	0.071728932336147785
0.64000000000000001	0.38691582603828145	0.9873818427318195	0.93720070069501737	0.60927352730763917	45.911449143351049	176.7936307120593	605.90688306589607	47.740954584902724	171.15051826731167	552.98043446948486	98.02000000000001	88.22999999999999	64.629999999999995	0.048508694324647411	0.070975134534082149
0.66000000000000003	0.34294972209532182	0.98734484660474719	0.93951094451558848	0.61782250709028919	44.316489816618386	178.79160636569048	618.33358925941411	46.97097755980959	171.03653726763545	560.91060032058522	97.939999999999998	88.489999999999995	65.539999999999992	0.047189353179958184	0.070249206773295644
0.68000000000000005	0.42775371398591622	0.98827025508687893	0.9392741910115957	0.62526930663930969	43.76302154337499	182.22312488931766	617.29536427370306	47.360420380421182	172.16890477849125	552.89808427214916	97.890000000000015	88.900000000000006	65.760000000000005	0.045943239512749617	0.069544157658778055
0.70000000000000007	0.19974353513794812	0.98847241122946561	0.93877385392671608	0.6218271962077575	42.955297454795058	178.7799219312615	620.55784508905174	48.040489762078273	172.75247211856006	558.11829836380446	97.900000000000006	88.909999999999997	66.47999999999999	0.044763787249337973	0.068861674163941705
0.71999999999999997	-0.02171184231982163	0.98832761980995421	0.93729015423454598	0.61714198680238819	45.572262413042708	179.7161872379038	625.4158117556542	49.805288251905566	176.81505017206132	567.83527044950483	98.02000000000001	89.109999999999985	66.680000000000007	0.043645733715852938	0.068200345118613309
0.73999999999999999	-0.024757240035203427	0.9877606468268626	0.93786864795392744	0.62016059374664778	43.180014171098037	183.05349099469589	637.51786909407463	50.358791670828019	176.25457744915246	593.3415950227884	97.929999999999978	89.349999999999994	67.719999999999999	0.042585777853336566	0.067564645344741339
0.76000000000000001	-0.035186691845740574	0.98782512893463215	0.93916991073631129	0.63435548166204359	46.220169282842932	180.0469290898663	640.05618809463272	49.569347665491321	176.11465540527988	580.46501976890863	98.090000000000003	89.36999999999999	68.469999999999999	0.041579386697551894	0.066956336540165112
0.78000000000000003	0.035721060479268728	0.98759411625454341	0.94046670657366227	0.65384554333754419	43.505236898715289	183.75177838824879	651.31120506884963	48.533702173887448	176.78273894031267	592.86389350797958	97.980000000000018	89.540000000000006	68.980000000000004	0.040621339264962135	0.066377433020204171
0.80000000000000004	-0.041421909226332598	0.98759380416906506	0.94079644648001559	0.65547518065137766	44.630997939067413	181.87501964255671	645.45366057365902	48.948656832419687	181.67253479989841	589.97370982041241	98.02000000000001	89.449999999999989	68.900000000000006	0.03970791985673295	0.065824783466223946
0.82000000000000006	-0.028773780791265774	0.98734798816739056	0.9411742004322996	0.639222765730733	43.032330058011766	178.8898653075276	656.89749349541512	49.545989632663733	181.35428198944194	595.36551563705211	97.950000000000003	89.349999999999994	69.400000000000006	0.038836786099262034	0.065301064825404848
0.83999999999999997	-0.019350801821333221	0.98720527146301174	0.94303208205153832	0.62666229953002472	39.886462058962273	186.31663466320256	652.80019058346761	47.155259103918468	185.01731524665436	596.46090183498859	97.810000000000002	90.030000000000001	70.099999999999994	0.03800638746182447	0.064797689548321824
0.85999999999999999	-0.029739712219054807	0.98735511841553281	0.94394081282431264	0.6408039018927616	39.541044453926304	187.65075377458419	653.0535273032749	48.092791407089315	186.15749815570436	581.92969848286134	97.759999999999991	90.430000000000007	70.900000000000006	0.037215602462528155	0.06431031430343577
0.88	-0.008225761354120148	0.98756572661126862	0.94100467211175476	0.62659981640299323	39.573266993346195	182.75060035616036	630.84279553143858	49.70630756542257	187.94748303322791	587.75112561256708	97.77000000000001	90.340000000000003	71.269999999999996	0.036459720206191981	0.063834699123875044
0.90000000000000002	-0.010970452843123491	0.98776062085284377	0.93988943996819752	0.62537941625033766	39.575734750650184	187.22428366050434	642.50861901649466	49.74486907615757	186.61401871858877	604.87676750294531	97.769999999999996	90.540000000000006	71.859999999999999	0.035737390500164577	0.063372920791706144
0.92000000000000004	0.011524339109912818	0.9876388623619814	0.9397736338654612	0.64046115204773779	41.831321531067438	186.80239073944307	650.54058091199988	49.765044412222565	185.04105612802334	607.15385322753605	97.879999999999995	90.409999999999997	72.030000000000001	0.035046794962994385	0.062927006913624364
0.94000000000000006	0.0020646372889660657	0.98779962943204769	0.93789298259822063	0.63748788387633337	42.738364440263304	184.60696474268988	650.95810029407073	49.443919041359358	186.26569315564768	596.74361123515564	97.939999999999998	90.36999999999999	72.47999999999999	0.034384960328022088	0.062489525085332384
0.95999999999999996	0.043582409667202976	0.98818499612422472	0.93675594455929834	0.62593205661166318	42.645833514272354	184.15899006582285	655.50318225675176	48.849659238154075	189.09074112824965	605.60236149286061	97.939999999999998	90.359999999999999	72.36999999999999	0.033749766921323809	0.062070248164358889
0.97999999999999998	0.018857107216562956	0.98827208600313854	0.93571419718456794	0.61164720559688424	42.307905652358087	187.20494784156929	677.45358592370951	48.373781541635474	190.61520528920136	608.34568989523518	97.919999999999987	90.440000000000012	73.410000000000011	0.033140026043364426	0.061670186324977692
1.0	0.027449566064507384	0.98777894438144731	0.9366874312107516	0.6130277729017396	39.289157483044761	190.52048032279831	657.84223372941176	45.330209796143819	193.34730359900942	612.86990958994966	97.760000000000005	90.609999999999999	73.070000000000007	0.032552728276019183	0.061279209362184874
1.02	0.0087384709109495536	0.9876484644479181	0.93574997614313238	0.60926862104631563	41.151902357420752	186.56480716339038	655.84975957439906	46.170390756591402	193.13072181588075	607.37533779449109	97.870000000000005	90.430000000000007	73.180000000000007	0.031987001697817832	0.060906643044973806
1.04	0.02112153952892893	0.98753268142496431	0.93615177871837219	0.60676346106333523	41.505027079972713	193.32013561252307	668.37047217711665	47.009370150304875	196.06371480043916	610.3947448578997	97.899999999999991	90.780000000000015	73.569999999999993	0.031443667957143651	0.060551268634047098
1.0600000000000001	-0.014509627673803182	0.98750770653895192	0.9374113699040475	0.57944413392918603	43.801350362367735	189.82332766449633	690.05408257496606	48.276859561520467	193.12465214744725	620.81839250513792	98.02000000000001	90.459999999999994	73.789999999999992	0.030921569598018818	0.060217544624703169
1.0800000000000001	0.065572113544423341	0.98775741292234931	0.94020302447331239	0.54981286783061289	42.469991216333291	186.61670487594728	675.95614518678917	48.201902354076232	191.30304303650013	623.37304854238266	97.949999999999989	90.389999999999986	73.86999999999999	0.03041839600659042	0.059898652928596849
1.1000000000000001	0.090214542166220907	0.98773192559304301	0.9421780228605513	0.54392160771205234	43.008336045621462	191.69736868773163	686.70171095629098	49.950922859689491	194.15914566507644	636.2327076490061	97.959999999999994	90.799999999999997	74.159999999999997	0.029929683349318347	0.059590213752426367
1.1200000000000001	0.070995960274531977	0.98806607972048499	0.94269502925833071	0.57448046887502413	44.266599315059807	186.5325225246676	687.79632062319934	48.017105937128939	188.69438395714351	635.211015038563	97.980000000000004	90.509999999999991	74.239999999999981	0.029455763239218263	0.059264110573720566
1.1400000000000001	0.071082604754547224	0.98801816357699579	0.94374481436850832	0.54703135288006488	42.050591894804398	182.14733560665326	692.8290764412593	47.878793460720551	184.16621469793122	633.370613702789	97.900000000000006	90.350000000000009	74.539999999999992	0.028997985527999946	0.058934578963296388
1.1599999999999999	0.02295652823127585	0.98787216968578728	0.9444798935470704	0.54397387903100136	44.468764176016961	182.36541442328331	696.7858390448331	47.400179490330906	184.99664337713006	638.24737906206883	98.009999999999991	90.52000000000001	75.22999999999999	0.028554497183471677	0.05860993285199334
1.1799999999999999	0.14913328055005409	0.98749636059427337	0.94280790693982597	0.53394292657053577	39.420800679248991	179.9571970103346	693.74856911861582	44.862439264411847	187.58102922321859	636.20983241930924	97.760000000000005	90.329999999999998	74.63000000000001	0.028123487911451705	0.058299589690574985
1.2	0.15839889845111133	0.98765306882653703	0.94099851455121686	0.51949889324955234	38.43113443709278	184.310901205736	675.29954032309763	44.498362086152952	190.54949196489943	629.44932279480747	97.710000000000008	90.609999999999999	75.460000000000008	0.027703754153346211	0.057995518570776783
1.22	0.12672883476121172	0.98775096112902716	0.94034395950908467	0.52357768846377561	41.09461550083924	192.22409896615602	665.59580317551058	45.848269446873864	197.88505528180639	625.66324014346208	97.870000000000005	91.090000000000003	76.109999999999999	0.027298829775748594	0.057696086601127808
1.24	0.10505282508218265	0.98777397784235743	0.93554106568694606	0.53698914439669942	38.939205401113888	190.94063595326111	678.71723514859798	45.143673872579463	199.44832625762024	632.85719819637268	97.719999999999999	91.150000000000006	76.52000000000001	0.026908106695768996	0.057394273073058513
1.26	0.16849062290414415	0.98756262093857328	0.93120559867553765	0.52925273455325972	38.536868755545115	188.77213187736686	678.03192535047788	45.268045548606096	200.0617862059398	639.97257382711791	97.719999999999999	91.289999999999992	76.63000000000001	0.026530827796360866	0.057082971020557947
1.28	0.22908909184602683	0.98844910527976926	0.92629609173986294	0.51166255962553753	40.494065175780534	186.64165589522233	663.1611987668141	45.794629017990225	196.61290507201073	610.16184128201496	97.780000000000001	91.320000000000007	77.109999999999985	0.026164952693709276	0.056764192508717962
1.3	0.17213659515556498	0.98865480248838433	0.92481243609174602	0.50541379843179668	43.008901424878793	185.59500844319308	677.96009058659035	45.713882964176669	202.5845287125936	618.53247211230359	97.879999999999981	91.309999999999988	76.980000000000004	0.025809711227812664	0.056449594847052122
1.3200000000000001	0.15720505522044076	0.98834442167351388	0.92627022020345362	0.50635748512751189	41.301272253031328	190.10198061793258	671.0512475808066	44.738363003821725	201.81089681761279	640.00932155871089	97.799999999999983	91.159999999999997	76.849999999999994	0.02546850670327077	0.056185062705740682
1.3400000000000001	0.15944868985427257	0.9884487243406157	0.92822438942091556	0.50827312131000402	41.118649400576437	190.28868708228191	657.27968922093464	45.49997286469344	204.59715482583746	626.9258909967009	97.780000000000001	91.149999999999991	77.330000000000013	0.025133025868282494	0.055914878773026658
1.3600000000000001	0.17451856230841092	0.98831222782045136	0.93164373287340685	0.54324342563118355	43.449540744924384	190.75262371393856	675.5296534253921	45.633025624551998	209.91314811032871	647.42745801015349	97.86999999999999	91.129999999999995	77.660000000000011	0.024810039970053058	0.055653386044432748
1.3800000000000001	0.22121766500978518	0.98755621598999888	0.93024069345587657	0.58197223218314287	42.090777500336344	190.02450991383782	690.23140267641975	44.852917375748213	213.52280248544781	651.79412361613254	97.870000000000005	91.210000000000008	77.660000000000011	0.024491568428535462	0.055381641679357774
1.4000000000000001	0.27567455805134344	0.98775079171728852	0.93002251747058062	0.57178527543254321	38.936076665150033	187.82275516913728	695.88654224803156	45.126191808194918	209.19874439688516	660.14191886246454	97.739999999999995	91.140000000000001	77.810000000000002	0.024180474643091792	0.055116582153264461
1.4199999999999999	0.29274829117176365	0.98767670823406239	0.93602825980757931	0.55985882343567783	40.769421543674483	184.21194928765709	713.49750413329605	48.127072026772865	200.77720316384514	675.66115692666085	97.890000000000001	90.789999999999992	77.510000000000005	0.023875669392752145	0.054868376208388928
1.4399999999999999	0.31772894872455959	0.98703399450678275	0.93350124258256262	0.5522234107032955	37.577208532347306	180.34402950357517	683.29121732764406	45.98029299814732	196.07896304632996	634.45925065512404	97.739999999999995	90.450000000000017	77.609999999999999	0.02357884942876327	0.054602310872023573
1.46	0.41877995645176375	0.98676292500022134	0.93644650058605128	0.51626804072492016	39.327799168914638	183.18910446189716	694.95607028029997	44.961050768849411	198.82328044388595	622.34122959087654	97.789999999999992	90.799999999999983	77.63000000000001	0.023295063936423874	0.054392017486859755
1.48	0.37626482454606996	0.98654291583673337	0.94002116088181464	0.524274369774969	38.102812982608505	177.79905033103663	691.35609948876413	44.285846848218164	200.90447302643292	632.96765341963533	97.719999999999999	90.049999999999997	77.210000000000008	0.02302866345910741	0.054208846251002182
1.5	0.27904947096173072	0.98750240858724092	0.94010148112234515	0.53054641375635703	35.343215406183404	176.59897825669182	678.74860607339508	39.833871830183014	196.08383001496466	628.90785042426035	97.530000000000001	89.840000000000003	77.159999999999997	0.022772858753637028	0.05402241274885837
1.52	0.39516986920457525	0.98818699982889979	0.93357469569386742	0.51219535292399798	32.84897442478843	174.69236713929479	680.4151663055369	38.605794512328167	194.63912139017742	629.49422799264823	97.149999999999991	88.950000000000003	76.22999999999999	0.02251630800784207	0.053743829046028015
1.54	0.63088376415335712	0.98838233519858465	0.93347467219529423	0.50550783143552436	32.925192104744156	167.61987352594576	632.71332905828422	39.04350096437247	187.45246935444646	607.35784381455937	97.019999999999996	88.309999999999988	76.939999999999998	0.022270669772506219	0.053431665889932575
1.5600000000000001	0.33959794952621031	0.9887691197187799	0.94155593489868306	0.53600642095590845	31.356795673033993	173.25359491904197	635.0919399718988	38.160558577543455	194.58384200111877	605.43022808835042	96.859999999999999	88.339999999999989	76.900000000000006	0.022029015544109624	0.053213886524745957
1.5800000000000001	1.0340707154195283	0.98887384687540936	0.93639092744313623	0.45120798204010193	32.900705368672533	165.39133692021258	615.65713748713665	38.519060514083925	190.53715182948901	576.58379401223658	97.069999999999993	87.930000000000007	76.390000000000001	0.021792522654808171	0.053020747687269311
1.6000000000000001	0.78058603801437942	0.98752017738510334	0.91819688535500554	0.48728329937945131	29.620989435276574	160.2784216927065	640.1679980195521	37.238228645067437	189.45545549140292	606.88492048095884	96.779999999999987	87.719999999999999	76.299999999999997	0.021601045663399817	0.052991853652241329
1.6200000000000001	0.79085773015309879	0.98806182358620198	0.93383673887403451	0.50007084426937398	28.690753785451243	158.54613649961431	625.03306511813344	36.701190866732318	185.5700652895799	583.4975596498756	96.590000000000003	87.280000000000001	75.850000000000009	0.021378879235434665	0.052843086586383571
1.6400000000000001	0.71437928102542259	0.98737763077965357	0.9252978750316998	0.44693699635019407	31.027547938550139	157.80482682216123	625.55160725739518	36.021115179706236	181.72208894904651	593.13778808138602	96.719999999999999	86.949999999999989	76.219999999999999	0.021162419043366822	0.05263928575882508
1.6600000000000001	0.87107576257958019	0.9859584601470438	0.91909762444094378	0.45586116660476372	28.441454900812346	157.93151939299949	546.88867785331547	33.626699837037776	175.76036480801119	515.9410812205424	96.399999999999991	86.850000000000009	76.370000000000019	0.02094437953294517	0.052420172994812456
1.6799999999999999	0.80568767185007051	0.98600866565031464	0.90149527949415142	0.4533705319610461	28.003780962221612	154.96496215910344	582.67637843831187	33.708046387435026	174.4350077974957	531.4786754297636	96.370000000000005	86.560000000000002	76.27000000000001	0.020734804317379906	0.052237877867902981
1.7	0.91686726354866754	0.98373133532747248	0.8998075651660985	0.44213237134135797	28.41123281442831	157.32790502288282	566.11976545261359	33.478410581571069	171.16145356985822	509.44422709568778	96.310000000000002	86.609999999999999	76.13000000000001	0.020525516958719653	0.052022103541073693
1.72	0.85345788331564476	0.98480921826552326	0.90930815917519447	0.45467093411677367	27.675715109352986	157.8178502346961	612.67035535475179	35.32463599131296	168.37591618596443	553.66143059129899	96.330000000000013	85.919999999999987	75.789999999999992	0.020320452090106102	0.051717233891247751
1.74	0.8535466141199074	0.98230765569261747	0.87630194664368	0.35956558818846096	26.994625660113961	154.70737861284724	650.10582671565714	33.387508635051162	171.2677016523601	586.14788744556859	96.010000000000019	85.22999999999999	75.75	0.020120669009739529	0.051445155031341595
1.76	0.95884968991362451	0.98291158076701612	0.88376412111059255	0.39064646893773058	26.7830022807075	154.33021360273139	605.87536393887683	33.725027910376369	168.82441319115563	550.41390063001074	95.819999999999979	85.47999999999999	75.669999999999987	0.019928524045111688	0.051222261100774893
1.78	0.93187608114709775	0.98272720820358683	0.89251882488890466	0.34153904547028147	27.029656345301184	152.62802790515116	630.28370131925624	32.200530977210526	168.84948779385348	563.99947619100089	95.789999999999978	84.920000000000002	75.420000000000002	0.019741537632622944	0.051063932979635906
1.8	1.2632552559609254	0.98452646031560798	0.87982662873048179	0.35995423767792778	25.107883301067982	147.1311613555377	647.88834335440731	31.965325130311918	167.64375151812592	596.78496955862045	95.420000000000002	84.929999999999993	75.609999999999985	0.019555378331170041	0.05085833355499101
1.8200000000000001	1.2399942440650702	0.98137173083559737	0.87748347739055621	0.42830808220454097	25.478718795276073	149.54256221272172	607.86120496664932	31.808683170211999	165.22542961684977	564.84643701502125	95.269999999999996	84.939999999999998	76.069999999999993	0.019372952086084354	0.050656742650795318
1.8400000000000001	1.6349376386611185	0.97797010884692237	0.84268904562532221	0.33838234587285743	24.160810513711915	145.16133378493339	578.99785147217858	30.997724734232481	161.00339249623428	526.53737103215144	95.109999999999985	84.409999999999997	76.019999999999996	0.019190826099104424	0.050392729490784993
1.8600000000000001	1.2195407327325265	0.97936375526418507	0.84233651072453097	0.33562059541084721	23.552778410889882	143.58414974022165	557.04641816949083	29.536985767399027	162.17877634408981	511.13855247735438	94.539999999999992	83.920000000000002	75.459999999999994	0.019012720831643452	0.050068315827232202
1.8800000000000001	1.3494011246674809	0.97172140424110043	0.80809364316864052	0.30835463290079435	21.240516709688574	142.25192378466494	570.18768136860797	29.391058188386211	161.2291014296064	527.31344029809338	94.409999999999997	83.909999999999997	75.27000000000001	0.018842834722339052	0.049856237993245546
1.9000000000000001	1.4365652970901917	0.94043015099613014	0.70993118389260002	0.24836823121186918	20.476582438939054	133.93842518249667	528.81378673262202	25.104919508613484	148.97531517506121	481.27562628891258	93.359999999999985	81.370000000000005	73.640000000000015	0.018690184098919257	0.0492416229842439
1.9199999999999999	1.5123939500050112	0.96908757373806631	0.7060268782058654	0.24213622002258717	19.673531137031322	133.39702812121624	506.41138051596147	26.277929788421879	145.23324055871811	459.75065363626982	92.780000000000001	80.47999999999999	73.409999999999997	0.01853002603718874	0.048887182877670583
1.9399999999999999	1.117803504063694	0.89464042903597019	0.58981812062145766	0.19970015997122095	19.289178081446554	130.23285242914341	457.32179681321958	24.682274836052436	136.59767200550004	418.70574158408965	92.500000000000014	79.969999999999999	72.820000000000007	0.018375944194240115	0.048559290942686496
1.96	1.3411576689524474	0.95727010685140979	0.5794914913402115	0.2106761222408377	19.028181945652612	122.9914021791808	435.18729456029234	23.211446752212638	130.12875619046207	390.30926017475906	92.040000000000006	79.159999999999997	72.980000000000004	0.018261422878206063	0.048671068219219363
1.98	1.8372395946708451	0.91944516274900345	0.52033117887254687	0.18230954707875149	18.574290426817601	117.51577569128085	426.38595837941011	21.340109944245942	124.43215988375792	378.06537775676179	90.489999999999995	77.390000000000001	71.090000000000003	0.018103830950049214	0.047796708698654315
2.0	1.5081974926661061	0.90265429660541296	0.58282130809348254	0.27448782993210574	19.223445464750739	121.23760303214456	431.93091289964315	21.182853594435493	124.78396212444295	386.54258777594117	90.52000000000001	78.810000000000002	72.109999999999999	0.017978393073523231	0.047738704366309705
2.02	1.5422226630228515	0.86007535094407073	0.43304320142785074	0.18200346263060588	16.784611760211895	111.10229624480124	366.30321245504308	18.988964812320546	111.70215700061499	344.41609542301654	89.629999999999995	76.72999999999999	70.5	0.017808276992421056	0.047525496640365511
2.04	1.3972707906346582	0.76486192919716856	0.46186306008375577	0.19067539717781565	17.37252110610671	118.55937924464054	404.16317796893065	19.290963627935007	117.4697607116977	379.24744056205327	88.469999999999999	76.450000000000017	70.040000000000006	0.01767997024915868	0.046790231598447335
2.0600000000000001	1.4590650288237281	0.82807355023605922	0.49725564332723077	0.21708741677319127	17.440403754026146	115.09542987670018	395.19890725714379	19.272764705939114	116.68285669489114	363.89608525118797	88.549999999999997	76.419999999999987	70.299999999999997	0.01756560518124458	0.046443891143196553
2.0800000000000001	2.5033921140950839	0.75426641900392988	0.42818628596502462	0.16553722513546029	16.089893235119867	104.56210024832983	374.6396313118816	18.646847832406024	103.29782887347487	336.36485573239497	87.970000000000013	75.120000000000005	69.639999999999986	0.017397360964092966	0.046012785954786493
2.1000000000000001	2.655752138120536	0.80898574107794263	0.40670498093402818	0.17832701296908512	15.687823891355649	103.82511740800207	328.33347149091082	18.62405397319511	103.16779922239034	300.54108960480642	87.36999999999999	74.86999999999999	69.689999999999998	0.017273104373088859	0.045822845619709666
2.1200000000000001	2.2543568636062576	0.78458277234201279	0.37058579419453175	0.13623586954342076	16.102382382357344	104.0471529175004	346.79743035029639	17.759106383082983	104.06381905183862	317.3344655843527	86.989999999999995	74.429999999999993	68.77000000000001	0.017139104036976723	0.045308926325494409
2.1400000000000001	2.0351982183708164	0.70765459797059393	0.33376410318652477	0.11524963824672434	16.762348373427333	109.32558543256161	351.45130571312222	18.838351807011112	111.52497877474052	333.11527863479103	87.469999999999999	74.249999999999986	69.310000000000002	0.016956139248585331	0.044565080524013923
2.1600000000000001	2.3544576208151446	0.72267897069237563	0.3215629564757494	0.14800880521817095	16.479519600859746	106.31995618113811	318.74101295245077	18.243337907552554	104.38019113585854	301.62155106785372	86.109999999999985	73.540000000000006	68.350000000000009	0.016901575360909797	0.0441992564339602
2.1800000000000002	2.1765378593925586	0.69485379961349258	0.33263356274729328	0.15166919795399877	15.666516469808148	101.81650867821914	327.62409346837768	18.158703727194325	99.155991513039268	308.48723306904265	86.189999999999998	73.870000000000005	68.97999999999999	0.016752421630415699	0.043935924588753339
2.2000000000000002	2.2608354924466219	0.69507995595985228	0.3430591027969625	0.14067765107162497	15.988363447311539	97.828562115465274	319.57116426952291	18.014821172037969	96.420042380062455	285.11764700951625	85.590000000000003	72.500000000000014	67.969999999999999	0.016642963262209258	0.043662633776072976
2.2200000000000002	1.9039151006177977	0.68167729755703554	0.3766529256688787	0.14269788863913829	16.025601216787198	107.82858917690078	354.26655269318456	17.410416601112438	109.75835150653015	323.45075709172772	86.079999999999998	72.920000000000002	67.560000000000016	0.016535864175306808	0.043349995946166807
2.2400000000000002	2.4422035351036269	0.69947490677195057	0.34575565424960886	0.1327694332775454	14.473686763130397	97.3000763764949	320.60821214398396	16.02429313176328	95.79341440012989	296.15445393635275	85.200000000000003	72.180000000000007	67.250000000000014	0.016421688337657454	0.044121599659970749
2.2600000000000002	1.9909425512331209	0.66326118429328251	0.32505261673792119	0.090044078082366544	14.594437794538658	89.583446180734398	279.06399928396104	15.79106387046998	89.824490191460114	256.25404065951204	84.040000000000006	72.169999999999987	67.769999999999996	0.016273722921952873	0.043030118119784938
2.2800000000000002	1.6306321824699037	0.6527883322819924	0.33870174400603326	0.088132025726374963	14.498289571254299	85.939991619071122	257.99751385426896	16.386215242979688	88.034076457329348	235.64934308575047	84.519999999999996	72.060000000000002	68.590000000000003	0.016191585274329463	0.04336969100553343
2.3000000000000003	1.9859744528182151	0.68359896229595241	0.28818178732780259	0.088847323073481851	14.602120822739611	90.731090889413551	283.5590077164523	16.252530176384305	88.33518551754517	264.26540562804786	83.689999999999998	71.349999999999994	66.790000000000006	0.016039891114760209	0.042578632190861401
2.3199999999999998	2.0713480803294533	0.51979538760805022	0.23876226072000298	0.035867832628821553	13.730208977203086	82.057905801091067	248.37746635113427	15.388982821922037	81.223003484623888	230.32647783935585	83.939999999999998	71.230000000000004	67.109999999999999	0.015960855580050122	0.043234031920383768
2.3399999999999999	2.123827869910778	0.47222874793854908	0.24900492245603195	0.10914234071871191	14.495607045095927	100.93288569170538	347.28359551204215	17.398778108540103	103.57949521974963	331.67617332543506	85.900000000000006	73.289999999999992	69.13000000000001	0.015852108827193484	0.042491071016452039
2.3599999999999999	2.0097658280726387	0.56209693305376862	0.25879588836957113	0.045958136335377819	14.012623489570334	89.082303840734852	273.20016184377448	16.515238498706395	90.726340237373151	263.17903080352914	83.879999999999995	71.890000000000015	67.569999999999993	0.015760778029322374	0.043311777928184095
2.3799999999999999	2.5528325362471382	0.49636930482763109	0.24213276026854919	0.047068381541123382	13.278897191342159	82.557158781625091	241.25257649065651	15.210307891973486	80.546845987848315	215.94051625029897	83.819999999999993	71.650000000000006	67.819999999999993	0.015644056956043987	0.041751718590020255
2.3999999999999999	3.5454332428373392	0.42463737402157931	0.22209082697441448	0.078569384171855522	13.36140122255147	78.400702668330055	219.98005766982379	15.849771528165309	77.884889654706527	200.14562838892675	82.900000000000006	70.38000000000001	66.090000000000003	0.015520900944923002	0.041917829777745483
2.4199999999999999	2.8702056252881127	0.39329277355535219	0.081540782757859004	0.029869275179448356	12.997215119908983	81.754186101426214	210.45215546632795	15.188391783406198	81.455969266876707	202.20337444323053	82.510000000000005	71.359999999999999	67.849999999999994	0.01536049878778022	0.03965360888633538
2.4399999999999999	3.2370261632309822	0.51246642498262773	0.22044968347234678	0.083045875530922547	13.542978079070101	78.814616143967811	228.13144577276529	14.929694399953044	77.594417002811753	212.99125210141369	82.419999999999987	70.500000000000014	66.840000000000003	0.015290355685182866	0.040996722744612926
2.46	2.4458289154393218	0.33035496386349122	0.11394409684325155	0.041931206260483148	13.353073293535548	74.234844332680836	188.63767023880877	15.000276998234435	73.64520389522086	179.08951445506932	81.170000000000002	69.829999999999998	65.909999999999997	0.015134395251426666	0.038416332943940742
2.48	3.519129219531004	0.44413602380725087	0.19503145548813727	0.040562999851303592	13.767377803694311	74.394290304982661	168.78851935987515	14.466301625635571	71.491453021107617	158.02652812382513	80.759999999999991	69.13000000000001	66.0	0.015071976155043774	0.039490303916688438
2.5	2.3064011130181443	0.29301189437580033	0.018999341996382403	0.012640198677519695	12.625421144661807	69.471423312269422	183.4970884032019	14.451358754978163	69.1805319070953	174.10141023662888	79.719999999999999	68.439999999999998	65.280000000000001	0.014991615096134966	0.039280634241575976
2.52	2.3648628857862226	0.40853489843156038	0.11493831788346964	0.049498634003641524	12.739076294849692	70.65943744920483	161.0841165031587	13.585548237451345	68.719895817457555	152.98095056805406	78.719999999999999	67.390000000000001	64.079999999999998	0.014958755166403728	0.039655748835057861
2.54	3.1373756302549376	0.18539118610206856	0.030642309018739732	0.008535599729989591	12.473475239172453	67.986989503204455	143.07999479306142	12.807806791876924	64.071628094137822	141.25830366069229	77.939999999999998	66.060000000000002	62.220000000000006	0.014752120641243783	0.036752080022784281
2.5600000000000001	2.8040567793058155	0.30538380874000326	0.065098001501733727	0.036355772611566833	13.715242775604228	73.549909928762844	175.11656439176286	15.194517429262302	72.522422742646285	173.09589162424561	79.280000000000001	68.399999999999991	64.009999999999991	0.014690491989033602	0.0379892119435144
2.5800000000000001	3.0096211401448136	0.29867652157300983	0.088152834573747646	0.04081939483192866	12.61048992640243	62.169274536577312	136.12388520850214	13.145100386184762	61.22574162837693	132.09440941413621	78.590000000000003	67.359999999999999	63.419999999999995	0.014626192101579723	0.038656221660436793
2.6000000000000001	3.6395225963428546	0.26219263485191713	0.087212872642810552	0.021176778955356655	12.661374334240371	58.771883567408338	137.51821747094604	13.156586923561449	57.351257723661732	127.59881434819927	76.859999999999999	66.480000000000004	63.220000000000006	0.014488309439710318	0.038474074346942652
2.6200000000000001	3.5625620091253452	0.42959483641435703	0.10390873047468288	0.02816594403048614	12.652664479633824	69.07371506250503	156.32984424351253	13.68600933911603	66.571946140135822	147.8297679658636	78.210000000000008	67.659999999999997	64.349999999999994	0.014427351016433457	0.037861375690970381
2.6400000000000001	3.0219581074107298	0.25457039214045002	0.043838555945006165	0.020880059260210131	13.206245559622207	63.683135255889987	158.73202027813653	13.694635744803724	63.065695876005201	152.17305017534349	77.739999999999995	66.679999999999993	62.979999999999997	0.014305827121715556	0.036707905217489178
2.6600000000000001	3.4334823410694426	0.31982448785020512	0.099127419147449117	0.028615991118752664	12.744249852488952	60.909597201711996	126.98220898331371	12.679327112119887	57.957830471890247	128.75966962369668	76.780000000000001	66.320000000000007	63.190000000000012	0.014265233923285773	0.03785694539423487
2.6800000000000002	3.1834725988359782	0.27976329591904364	0.065682533439869475	0.025711821015961402	12.607217573384229	51.771292386347625	97.71788466896183	12.736713217802532	51.123958562829145	98.198198769985439	75.219999999999985	65.019999999999996	61.29999999999999	0.014176760089236465	0.036659974362808011
2.7000000000000002	4.197501755770686	0.22574924347211561	0.070758981321801667	0.019097510350259882	12.557344296378162	62.477279710424895	128.55230793994204	12.777135697788657	58.605662931342728	121.14358399709633	77.600000000000009	67.580000000000013	63.600000000000001	0.014024775424640049	0.035529903455369452
2.7200000000000002	3.7287827389623365	0.25372520899941814	0.1006238860970958	0.04504841359446278	12.770960157064476	60.126664538317165	122.52589334036725	12.493125834846737	55.833546603352247	116.92271121241762	75.77000000000001	65.570000000000022	62.329999999999998	0.013994200243963872	0.035930656119959013
2.7400000000000002	4.5791967296980225	0.2757814722604589	0.090225224725447209	0.02119098307910439	12.666271032836853	61.247171890346578	139.93309288379749	12.66319736240705	57.855313864693379	140.67307064148707	76.379999999999981	66.890000000000015	63.61999999999999	0.0138453925694273	0.035152960979147566
2.7600000000000002	3.6819875190045623	0.24697200707461753	0.034607352632224593	0.020695983144598779	12.750843194713593	57.723871035724088	116.14811664057922	12.556257934630791	52.353764653513068	110.87494101511496	75.009999999999991	64.989999999999995	61.379999999999995	0.013808479970723226	0.035830329086547347
2.7800000000000002	2.9342762856833167	0.18243608180063162	0.030692948224908267	0.027006222219398773	12.972988463637639	49.953287563345498	84.951871485921316	12.158600207072322	46.016107474284048	81.788454677183097	74.27000000000001	64.659999999999997	60.450000000000003	0.013737388141911319	0.035415888696133109
2.8000000000000003	3.7188857594748375	0.21225536113009791	0.060662968477551614	0.037048860605834233	13.347099125677051	58.844153617794674	132.62370132779398	12.769325620702462	55.961995335087522	129.54625332481422	75.650000000000006	65.070000000000022	61.710000000000001	0.013662696864537577	0.035274143513509083
2.8199999999999998	3.5722289921204311	0.17623847679205204	0.06639723535146555	0.0067513046062726723	12.803718017680314	49.358479647772242	103.46333667009083	12.231242715480532	47.3647117325945	105.35477900192575	72.359999999999999	63.570000000000007	60.079999999999998	0.013558559802723394	0.034809152097811769
2.8399999999999999	3.9753861921703066	0.087112072525771383	0.0079255817294111679	0.0088330319464608262	12.316171658390237	48.066222103312754	88.274324184718537	12.005332789914149	45.425603899308165	83.061669939829898	72.980000000000004	63.209999999999994	59.879999999999995	0.013464260154282658	0.03300233769062122
2.8599999999999999	3.9529551573755355	0.18175146242045365	0.017416297375884862	0.025658805895337235	13.024911843422814	41.302079594511895	66.554459319900687	11.915464916747959	41.602826455949987	66.646110196027067	73.120000000000005	64.02000000000001	60.759999999999991	0.013365764180555484	0.033288603255278493
2.8799999999999999	4.1375249963638048	0.098194491641811738	0.019448683467623795	0.034718066539625871	12.877561912872981	45.951051957081539	87.804853719658269	12.245715121526512	44.423197544988447	88.439639728227604	72.250000000000014	62.910000000000004	59.600000000000001	0.013285026101507854	0.03230267771962652
2.8999999999999999	3.9080192693370828	0.10755881754165939	0.016728120551440486	0.017447753498469769	12.869108567313726	45.663670309889334	82.27912029803872	12.013199385108599	43.751638884870275	83.852444260503717	72.239999999999995	63.229999999999997	59.739999999999988	0.013165321119319978	0.031125891925884663
2.9199999999999999	3.6366579817403979	0.051616985651732186	0.01200035417267965	0.0068923724444618969	13.180343509002762	45.998261627438985	77.178302466418657	12.454884306306933	42.844811683114187	72.58590369622631	71.97999999999999	62.590000000000011	59.799999999999997	0.013123089018882267	0.03059906530506178
2.9399999999999999	4.4486950298307253	0.12415953124097259	0.015580845809544882	0.018387167852419298	12.929429582145335	45.151504539889523	84.921657632157903	12.215105612477348	43.562924252247981	87.762312199229456	71.719999999999999	62.420000000000002	58.509999999999991	0.013007891649223882	0.03046708079790917
2.96	3.8826202804711616	0.10387666604358772	0.038071661619300264	0.015660636607072495	12.77169247128327	41.574624072749344	75.542418842234895	11.997640291939067	40.313199069234237	75.852086886116624	71.309999999999974	62.289999999999999	58.140000000000001	0.01291458462280486	0.029866807862653794
2.98	4.4116442451153546	0.095117958267422906	0.019726654098587527	0.017825626157351778	13.009345845946672	39.676934126066463	77.078720120101394	11.976027030970313	39.710165841840968	86.96096214318483	71.310000000000002	63.239999999999995	59.590000000000011	0.012913119385491445	0.030003515171636779
3.0	4.4359281470225751	0.048321927397211681	0.011445274568941477	0.019700900775027182	12.97412581349646	41.782357883042238	78.68704720480136	11.939159455723233	39.462787579239389	73.036173400394063	71.879999999999995	64.129999999999995	60.979999999999997	0.012824650194799735	0.031433390500189666
3.02	3.7779019908000615	0.098455891870168635	0.013009563635611168	0.015114944125850516	13.231166200247509	40.954266982194483	73.351438870834073	12.250126059901834	39.061868465491536	73.462458321740797	71.25	63.399999999999999	59.649999999999991	0.012718762511255005	0.029674119928482338
3.04	3.8552749984488992	0.062114108707136628	0.010759535194853882	0.0040943452703147013	13.053182516604153	38.318796897739716	68.675271972049771	12.16179318231632	37.875980057898396	69.222934912654793	70.599999999999994	62.219999999999992	57.939999999999998	0.0126624125007686	0.029788087851615776
3.0600000000000001	4.1035359488228735	0.10116347225470199	0.014534066566405237	0.032086452526263423	12.506386119979954	37.668574106608723	70.200086105498812	11.611318559103006	36.584758631259959	69.234770067975305	70.780000000000001	62.220000000000006	59.190000000000012	0.01263658703467491	0.029434935146468423
3.0800000000000001	4.5662215197466871	0.036190414392730172	0.020471559852357771	0.021078141854590216	12.938291605524867	40.890177147664964	82.189003372901325	12.177122153143735	38.841083822834968	83.210728376709881	71.030000000000001	63.360000000000014	59.959999999999994	0.012512552527521972	0.028669201502673845
3.1000000000000001	3.8746630831993896	0.12617578979236993	0.036180474877801752	0.022454801143914419	12.718290562882135	41.495441150588647	85.308952059160632	11.756167861253358	37.446658159147816	90.791004149839097	71.25	63.680000000000007	60.679999999999993	0.012485666009371349	0.030511514599340001
3.1200000000000001	4.8493591658594912	0.08783233035161879	0.017106876528495536	0.012050151074422651	12.86470900344386	34.706541997125683	61.336625502072778	12.142573293325485	33.182929864374792	63.036804766992034	70.159999999999997	62.63000000000001	59.030000000000008	0.012374477068242035	0.028589062842810275
3.1400000000000001	4.5579767534706477	0.032294279840146593	0.014923263758478897	0.024617067275983753	13.384597384815521	35.881669093769318	59.072669402565737	11.943712149245645	33.939618315860777	53.917384491813493	70.689999999999998	62.990000000000009	59.939999999999998	0.012313225375602492	0.027827701590127298
3.1600000000000001	4.7610574714232854	0.11372307771297692	0.030349383656207485	0.051361500528787386	13.567481504161275	38.028392249124508	71.901944576170877	12.904270213464155	37.98114695249636	73.302178553325319	69.86999999999999	62.990000000000009	59.469999999999992	0.012292903562717668	0.029864045495540302
3.1800000000000002	4.553889726794794	0.13561620568000815	0.031450726676471454	0.0098578419605667867	12.724474718568473	43.658535258304376	88.788575155894165	12.336088097337024	40.989215142456814	92.591106315526616	71.310000000000002	63.479999999999997	59.439999999999998	0.012256188048505059	0.029281414085191249
3.2000000000000002	4.3470901124214709	0.12825281867135649	0.038947246290699192	0.025812256727104004	12.828279359807629	36.335190653757806	79.003329297328463	12.201975640336169	34.019577754291376	76.750028874986569	69.830000000000013	63.230000000000004	59.329999999999998	0.012194637623687579	0.028781279247937351
3.2200000000000002	5.0896227413253605	0.11163387182499018	0.033320164035491359	0.021682535745806652	13.326281082684257	39.713202718165192	71.188167491069933	12.123286936838619	37.074658082760592	67.993995901672221	71.0	63.359999999999999	60.120000000000005	0.01208175257794802	0.02756334759800259
3.2400000000000002	5.0207386988189775	0.11277204563504853	0.022029440654629619	0.012185925175896437	12.50275377580661	37.671545542215654	77.601885444024248	11.879699545363234	36.797298102431625	76.534418922417458	69.320000000000007	62.819999999999993	59.5	0.01203639992173604	0.028954266649242128
3.2600000000000002	5.1270942451705475	0.10846489753075424	0.02565942661975832	0.011484583811882217	13.024709738304884	39.69445113515539	83.125033786290146	12.181338448132671	37.603404311933559	77.344299216760191	70.469999999999999	63.640000000000001	60.199999999999989	0.012010710034622084	0.027519170280711942
3.2800000000000002	4.5896386976944079	0.023350993816637262	0.019706028769025306	0.027430064872610276	12.926394433895535	35.111691114781813	65.728594491317139	12.372653527574972	33.665776524853982	62.747787685121146	69.310000000000002	62.75	58.829999999999998	0.01191142128525496	0.026189685859801314
3.3000000000000003	5.3730058769639983	0.034068544619609842	0.0069285007328466954	0.008977839553173151	12.960572883491054	37.891124490851233	74.248794941440622	11.941464119974535	37.0450567444271	75.645164410980357	68.990000000000009	62.269999999999996	58.359999999999992	0.011885063374494916	0.026995447840609199
3.3200000000000003	5.1841352241752281	0.094061796378510948	0.011301437139288547	0.025105156533371937	13.538664303225051	30.842804709540228	52.931876533072298	12.50437175194666	28.583514275742335	51.784472525248738	68.310000000000002	61.350000000000001	57.929999999999993	0.011791200584941038	0.027268655320022827
3.3399999999999999	5.4480055198207102	0.11211945864182785	0.034662639871225101	0.017374863797465615	12.590684298519161	36.479701982486105	70.520453864208918	11.940072628969109	35.313239445830533	70.159292317526891	69.030000000000001	61.419999999999995	58.119999999999983	0.011757969413593892	0.02723310022685051
3.3599999999999999	4.9555006800670656	0.098006176871642509	0.02014621925047104	0.0042723899596432916	13.181168445505616	35.795088890314126	76.32151537871232	12.55961892977111	35.237245928322359	78.17263168648509	68.800000000000011	62.390000000000001	59.390000000000008	0.011704977559290794	0.026781871085947768
3.3799999999999999	5.0931354922329186	0.10888151373309926	0.017533638411607121	0.0066236524408054762	13.338027953292515	37.927968906316536	72.689827334158537	12.302352532132398	35.354975558497436	68.479892055954778	68.890000000000001	62.759999999999991	59.489999999999995	0.011666444867756375	0.026824404151778974
3.3999999999999999	4.9953605364727691	0.089138103732028851	0.01686014982594582	0.013719545582040246	12.772606555530414	34.647112267135476	72.36421607229201	11.7693015194229	33.14603906862947	71.189732362260585	68.790000000000006	62.399999999999999	58.5	0.011619485367280375	0.027134296330205004
3.4199999999999999	4.7065224045951997	0.10363253255825895	0.021573693782988963	0.011050532337453395	12.712176520003057	37.976604615546009	74.811622545897166	11.953685093542559	36.847955203646997	74.932277860894715	68.820000000000007	62.679999999999993	58.929999999999993	0.011565092814080176	0.026075075736203955
3.4399999999999999	5.0734383323903591	0.023107239309567575	0.011670038811910999	0.032651722671370786	13.000537106308386	33.950109404353086	61.769582443998971	12.411612013657839	31.855569106937459	58.683468798672337	68.659999999999997	61.999999999999986	58.479999999999997	0.011479266805677991	0.025677954896894773
3.46	5.0910911143008937	0.20082068989748292	0.11071869208330287	0.029951745079475407	13.104780224748826	46.678042632256179	110.99017517402676	12.493857114445206	44.175527087276677	95.419813950875309	71.379999999999995	64.239999999999995	60.309999999999988	0.011524606703734543	0.028723806798409211
3.48	4.9651787938976923	0.091852263179165061	0.01093448628938192	0.0068511667826036907	13.218155868447122	33.554443758481881	57.324494032206324	12.188038655911116	33.855506647200137	58.946992501273975	68.040000000000006	62.430000000000007	58.840000000000011	0.011384479127767947	0.02557280369728342
3.5	4.7223027721185771	0.11197522773934727	0.031978224043216139	0.02746338971347461	13.119793099857324	27.327729834572438	38.479300384849402	12.447875642780984	26.985278090481053	37.412590052454789	67.969999999999999	62.170000000000002	59.170000000000002	0.011387458147315049	0.028505260114069796
3.52	5.1223555068226254	0.083085855118780208	0.0055624512543493015	0.023279450918704626	13.154571333440149	33.106621130990476	62.208352641647821	12.865701093585622	31.225304300074516	61.516408142076386	68.140000000000001	61.410000000000004	57.549999999999997	0.011290976523885086	0.026307241172031499
3.54	5.9686883386465874	0.04757658074704324	0.028180658549479355	0.037476288619186726	13.251624236846117	26.326181095401218	37.214794421253224	12.178692560446558	25.30088719417995	35.466824961017508	66.849999999999994	60.759999999999991	57.010000000000005	0.011296654511078535	0.027754185051862845
3.5600000000000001	5.7555598781963893	0.091906408169815296	0.009915145485024552	0.0077612765032758369	12.960325211230558	32.727510095842455	61.302737860978525	11.90036952533014	30.639918582151278	63.194039238276176	68.010000000000005	61.730000000000004	58.919999999999995	0.011207275824591354	0.025193648031223696
3.5800000000000001	6.2502827048495142	0.073398608760143896	0.020767362493147971	0.027561783722916212	13.20709926981019	34.584887204555969	60.23669515544232	12.39658959045032	31.627733494303765	60.215534876172356	66.359999999999999	60.920000000000002	57.439999999999998	0.011138599191257552	0.024801421001925457
3.6000000000000001	5.0949432625524711	0.023397402950772701	0.0053296894682125819	0.0049697178612440442	13.548900475384917	31.778711041636875	49.82936135949199	12.401425687163966	29.991428656398522	47.721302519892582	67.320000000000007	61.569999999999993	56.840000000000011	0.011096713889638871	0.024667472782394013
3.6200000000000001	5.4766553928054327	0.027641620993983002	0.012206625911728042	0.0091648791164231341	13.093116466910038	30.628816175482381	57.891610626222416	12.339139263556877	29.696228981727529	58.487038062066802	67.530000000000001	61.359999999999992	57.910000000000004	0.01105774188183716	0.023957673760499367
3.6400000000000001	5.3546917552556161	0.044675280752433662	0.012244204630702393	0.014339021352602812	13.10154371428753	27.310423215220048	43.021624861142399	12.152036602514542	26.423704305555571	41.136090091259852	67.039999999999992	60.910000000000004	57.210000000000001	0.010980344640076471	0.023958905439056426
3.6600000000000001	4.9876936220926069	0.014530181965177977	0.0031128146227137649	0.013415772834321538	12.933898180555236	28.428425586661621	47.323274352321512	11.912297547597806	27.946376402754151	45.878940513619156	66.290000000000006	59.970000000000006	56.100000000000001	0.010930882213622619	0.023172838395002185
3.6800000000000002	6.8217181683331036	0.020854261499179794	0.015809415511050383	0.028366913980370851	13.378178605282198	34.88009189301836	59.719673731241798	12.58407033421922	33.763147618381524	60.099021018520716	67.430000000000007	60.149999999999999	56.339999999999996	0.0108483140311014	0.022283063018630089
3.7000000000000002	5.096531210977628	0.021940815808299638	0.0091408334879464481	0.013312493113874332	13.502200019718222	26.021563950594082	36.367342176280815	12.580055066817911	25.35652578925621	34.684974225308721	65.230000000000004	59.720000000000006	55.989999999999995	0.010860978196562687	0.023230106683631964
3.7200000000000002	5.687775787564469	0.025115760926348714	0.015029786462506949	0.025322242406182898	13.561045906108706	26.050435607668202	36.543475183385489	12.837817579850519	24.843628809803398	34.204346615009982	66.109999999999999	60.429999999999993	56.789999999999999	0.010805965338246517	0.022929572441013003
3.7400000000000002	5.8981015746287015	0.016085590629686345	0.019301661578749799	0.010866978094447241	13.866916764118352	24.360173683159243	37.875658910180398	12.992670264997319	25.088197406356315	38.24598424967791	65.539999999999992	59.739999999999995	56.710000000000001	0.010735317311128303	0.021721369257052401
3.7600000000000002	6.3444743198281479	0.013001727738850369	0.0094027647514420779	0.014268408320303811	13.645518249858593	27.680973866503063	50.08413949301066	12.985707110889678	26.758389755054225	48.21591352855787	66.230000000000004	60.819999999999993	56.929999999999993	0.010673118345927209	0.022911460650590968
3.7800000000000002	6.2765753540811247	0.018782723400206987	0.0094139087605592288	0.013591733912501907	13.692751068635399	32.215322182321138	57.489053503834342	13.400589668386214	30.827991275184427	54.238730867558409	66.019999999999996	59.819999999999993	55.640000000000001	0.010632611567242167	0.022234503002954965
3.8000000000000003	6.1439437051140713	0.031737407913595063	0.014890754680696444	0.022391545254084193	13.201024165162465	27.047028953302753	41.221666151795517	12.345490892366385	26.406620372927016	40.234040258559482	65.359999999999999	59.629999999999995	55.279999999999994	0.010619716276315019	0.023613546172065059
3.8200000000000003	5.5236260627948317	0.015914284163944463	0.010907992397074805	0.033074091085893854	13.317061346369162	30.354940304312997	52.962821941966695	12.467084950672449	29.673244299977579	52.074828543649815	66.13000000000001	60.579999999999998	56.329999999999998	0.010569133377658831	0.022863382337393039
3.8399999999999999	7.1934081216812604	0.0079997582214879071	0.018519961884515771	0.024247245753690697	13.483286900772356	23.971372125898707	35.20352997108278	12.612560231633246	23.026859150027391	33.559970577718815	65.299999999999997	59.450000000000003	55.780000000000008	0.010495377749562825	0.022259328631656791
3.8599999999999999	5.7351065763078184	0.011599269594234626	0.0044858869089807792	0.019276329831199885	13.861620064781643	25.593205175451999	36.312262035422577	12.869285968062878	24.5575460635865	34.550514682114091	64.939999999999998	59.539999999999999	56.129999999999995	0.010461431923822071	0.021894759811036162
3.8799999999999999	6.4286680850476197	0.0093137138677643859	0.010892583972156486	0.032054298586049093	13.543042399703367	31.590809272042144	58.023560584794794	12.541236853787966	30.288012156951787	58.557619835443823	66.359999999999999	60.800000000000011	57.789999999999999	0.010440920167148338	0.021970691741770708
3.8999999999999999	5.5224512231560912	0.016885713585242351	0.011542190512928327	0.0097369952097624505	13.319332354202819	22.880489121933092	30.52359769349091	12.359676895918886	22.595145660359037	29.495919386026468	64.570000000000007	59.670000000000002	55.640000000000008	0.010341813391809528	0.021833392218372372
3.9199999999999999	5.6564721362391213	0.026774155923884831	0.017839787643389147	0.013962496033758593	13.32409937181122	24.521786977340593	36.015758498475257	12.710255560065372	23.147934789996381	34.067128557307505	64.950000000000017	59.469999999999992	55.450000000000003	0.010382806446665355	0.022328948558042495
3.9399999999999999	5.5099186054880374	0.012398052534934752	0.010031009615347688	0.012981596765571918	13.466094323762189	26.258998799541008	41.30611090395638	12.580600489896113	25.689032770153524	39.57316602971617	65.359999999999999	59.670000000000002	56.0	0.010308981488301578	0.021116552477547984
3.96	6.1240472402241988	0.038582912296763527	0.01313296761181224	0.020295602252014475	13.266349925198472	27.884524775577518	42.862717523501104	12.710386349392914	27.625879682413178	42.01944001558995	65.320000000000007	59.009999999999991	55.309999999999988	0.010320512603387361	0.022730110305176719
3.98	6.1020455809097065	0.015529785141895815	0.029259422503207837	0.026238916370307612	13.270174314705613	27.402474554217228	44.890889868330945	12.356510438007662	28.064371902524602	44.962043586630877	65.470000000000013	59.010000000000005	54.579999999999998	0.01020317275569544	0.020969982145247593
4.0	5.7622642961424448	0.019895159005240602	0.0093823172980030661	0.018199152216754784	13.363620435152887	24.305035876371914	35.955979039906346	12.345581076936853	22.631610066955314	34.200110870048391	65.150000000000006	59.29999999999999	55.910000000000004	0.010167092213414667	0.021618592356977426
