weight	lyapunov	err1	err2	err3	m1	m2	m3	std1	std2	std3	null1	null2	null3	f	stdf
0.0	nan	0.74078896041980202	0.12391124338170882	0.020914198899141818	12.052894294283696	18.036381482725567	16.075395350071272	20.2847412358038	33.547685852404584	29.229846547882527	99.36999999999999	99.36999999999999	99.36999999999999	0.99841868064435801	0.10143724536434004
0.02	-1.4813552171900812	0.96988299359053598	0.96796153183981504	0.50777601146250051	21.589260582461268	41.180150061381099	105.46002812735676	22.496213330089997	40.586936634446474	98.067357371608637	93.109999999999999	72.989999999999995	34.000000000000007	0.75515379618417811	0.15042610830017689
0.040000000000000001	-0.86308747727961377	0.98264001199778739	0.95018170434813654	0.57930101662520095	19.71231849751333	47.692608557460979	176.39147572729593	20.318761317070482	48.371316015740355	161.03857303662542	95.209999999999994	71.040000000000006	24.710000000000001	0.60719544413247128	0.20600092605725989
0.059999999999999998	-0.77509171906621666	0.98997187308509105	0.93748063870789977	0.57827921459190734	18.853713918132591	59.329981636531116	183.86468923271784	20.254566780377495	58.340781961529068	176.40246182612239	95.949999999999989	66.920000000000002	24.699999999999999	0.50835602966331117	0.24405861028775983
0.080000000000000002	-0.23969433754391531	0.99370766515968556	0.94199855257158993	0.58279080374677905	18.168833765588317	73.815532649323671	234.58785006937961	21.236860858934445	70.725184145291124	212.67738949224417	96.199999999999989	60.470000000000006	24.879999999999999	0.43917795759271466	0.26585074831034811
0.10000000000000001	0.28417392868817326	0.99586237887324847	0.95432255747794448	0.59394425155557506	17.607724300113581	87.887900303731953	271.17076492657628	20.409244162026788	81.440982158899786	247.19623010478298	96.349999999999994	59.75	27.98	0.38879709125739914	0.27728662290296308
0.12	0.086862986812563422	0.99685334118652613	0.96069793466867337	0.59298522611420124	18.374513605344276	96.689521891707471	288.66265198225972	21.070828696289134	92.171840815947306	263.21663092566985	96.659999999999997	61.090000000000011	31.399999999999995	0.35062942798103824	0.28256173938410972
0.14000000000000001	0.022948382197762518	0.99765412267725362	0.96810980891123199	0.60443054299333188	17.738685534239657	104.43024053448252	301.28819581513898	21.198571501177437	96.758168872149625	274.92170257937505	96.609999999999985	62.719999999999992	34.390000000000001	0.3205675666436647	0.28461661806530741
0.16	-0.049817282656949735	0.9979683976482876	0.96717084487768124	0.58695450451769915	19.26607001154127	106.53243084110663	304.21222874924365	21.936736529490634	104.2060838089084	280.54162238970918	96.909999999999997	64.969999999999999	37.679999999999993	0.29611397850844157	0.28508538407688827
0.17999999999999999	0.0051670089423746825	0.99815387978063852	0.97445892296776238	0.60513696819355445	18.740732533744776	112.00653979747358	313.7698428317633	22.385413221061381	108.8791418018083	293.17488344627486	96.890000000000001	67.440000000000012	41.119999999999997	0.2758086925305977	0.28471536741405007
0.20000000000000001	0.39211695252559786	0.99815213879038911	0.97662374986417255	0.61510388689079476	20.089151092037035	112.48792399522969	324.63145497030581	23.767789066955491	108.50571720532658	302.43479764326992	97.150000000000006	68.230000000000004	42.799999999999997	0.25869320348656821	0.28376300939761007
0.22	0.20438152897016593	0.99807926137701575	0.97656331850439915	0.61468171074319078	20.077940319514823	113.019789987799	332.3994718762853	23.908029019383815	108.5036896790306	306.36682805990938	97.159999999999997	69.920000000000002	45.860000000000007	0.24407076667971445	0.28243002110236698
0.23999999999999999	0.0008261987902360309	0.99778105267206707	0.97883903527629634	0.6215728046577369	20.040597298482393	114.72483501626736	338.34661966275348	23.621698576061043	111.61280644345398	316.50321901890641	97.179999999999993	72.030000000000001	48.530000000000001	0.23143989110104385	0.28087223304665926
0.26000000000000001	0.093795742023668555	0.99741989987511936	0.98018948727508026	0.61964314118295571	19.981825249281098	114.76434545313631	343.39160633541667	24.027678939631834	113.98981488447707	329.80105541053848	97.25	73.550000000000011	50.540000000000006	0.22044318885984154	0.27906824353227738
0.28000000000000003	-0.13689460858404445	0.99770581127060554	0.97987797581350244	0.62192339669393504	20.576152794708413	116.86038458036867	355.28679910110185	24.24868306592656	111.17147425208221	329.17392871673871	97.310000000000002	74.719999999999999	51.989999999999995	0.2107701048057628	0.27709870787724256
0.29999999999999999	-0.12359854071812905	0.99788988202407025	0.98039384025102172	0.61879165783312939	20.220560404905918	115.71309067796506	362.96320259314035	24.322466565614938	114.62246957146765	337.64049060824186	97.280000000000001	75.660000000000011	53.990000000000009	0.20220165139186341	0.27503490121112212
0.32000000000000001	-0.15736360827718138	0.9977563668571483	0.98050744028988213	0.62986711818684582	21.454698515022049	116.26597265147032	381.84770434009545	24.388849953812958	118.29105277372287	351.71003304910363	97.470000000000013	75.859999999999999	56.470000000000006	0.1945557341763921	0.27289040596522296
0.34000000000000002	0.32643249814683079	0.99774475842788157	0.97727628964490643	0.63684164921093978	20.746299532911486	118.40445023068764	390.28361106406817	24.18449981680957	125.4131004498015	365.77415438244464	97.390000000000001	76.789999999999992	57.600000000000001	0.18767381002161668	0.27069218594900379
0.35999999999999999	-0.060341760858399242	0.9974601536488098	0.97563165758954773	0.63715727514252873	21.708754340335648	123.20508044046494	395.6811677005453	23.275130417772164	126.34437620155165	379.39450308743659	97.5	78.13000000000001	58.850000000000001	0.18142050002909829	0.26848192967681694
0.38	-0.11509620301743197	0.99722996128378227	0.97185441881560308	0.63650840352453841	21.708823438516315	123.61649605915791	404.56900113709935	23.42077850529331	127.58890990797372	383.15499463787518	97.47999999999999	78.970000000000013	60.63000000000001	0.17569759072633229	0.26630446091371729
0.40000000000000002	0.12402439313483916	0.99762378940810659	0.9785072689081904	0.63822898628715841	20.962415249189576	122.32595942727569	401.64260359028515	23.114197117453223	124.49264739443387	387.53178013752643	97.390000000000015	79.420000000000002	61.540000000000006	0.17042264433253759	0.26419213720421564
0.41999999999999998	-0.043029306676519531	0.9976022390109176	0.97912547700921204	0.64171254531328437	21.624056881739392	125.39557935535531	406.64506938856056	22.845096553368883	124.14667335914933	382.06440273102663	97.469999999999999	80.330000000000013	62.469999999999992	0.16553706723375705	0.26215549658334086
0.44	-0.014436432572970935	0.99746015398582577	0.97703354207986215	0.64716518030464087	21.104286218846507	125.8321410655055	417.96073709614359	22.64206539849841	124.9200848174913	389.67998283776564	97.440000000000012	80.77000000000001	63.609999999999992	0.16098624204118045	0.26022082612483233
0.46000000000000002	-0.1337775169388345	0.99738258824142245	0.97965726497734473	0.65215733525660236	22.054664053520423	125.88640829773367	419.98906813370905	23.208616109728553	124.73205004052815	392.03993009547037	97.559999999999988	81.359999999999999	64.219999999999999	0.15673499975682262	0.25837065737506648
0.47999999999999998	-0.036700918749661214	0.99724308789165694	0.97887114360455685	0.65687433343533896	21.702968780833935	127.80040017340143	429.36551169546317	22.30480523127958	123.05555152679865	388.92610804483985	97.519999999999996	82.189999999999984	65.210000000000008	0.15275247701905634	0.2566104200440717
0.5	-0.13005910919210562	0.99716999173652376	0.97857130832971984	0.65040373553427877	22.655236615205961	125.75253382131662	438.05183380677192	22.1250110713294	124.0666529744514	404.63021869943509	97.629999999999995	82.419999999999987	65.850000000000009	0.1490138752075803	0.25494986173853756
0.52000000000000002	-0.082019490249454485	0.99712470827048727	0.98060788390544895	0.64929249044442217	22.013782845661304	123.92015181841847	440.93801435058413	22.680895972913497	125.7270274588938	406.91646292710323	97.599999999999994	82.549999999999997	66.469999999999999	0.14549805421099885	0.25337511618449637
0.54000000000000004	-0.20402909199375169	0.99702404180339188	0.97965686803191565	0.64320200738574973	22.070829756790733	124.89730555467183	443.57785358850441	22.423824814720078	126.62554986771715	411.0851689457142	97.569999999999993	83.150000000000006	66.920000000000002	0.14218339988224998	0.25188577443663435
0.56000000000000005	-0.20502442728093898	0.99692197028104645	0.97462187053926486	0.63801844541025643	22.138850386435021	126.01712049081827	451.33552240232257	22.104263143213053	127.96752253911509	414.78425080450705	97.599999999999994	83.719999999999999	67.590000000000003	0.13905260218238372	0.25048109573121635
0.57999999999999996	-0.20335622248794391	0.99687602820583421	0.96790042241591401	0.63774992916820017	22.070087053554566	123.62039342087159	453.76293471606442	21.479791881522363	125.78298227263247	421.17133116378216	97.589999999999989	83.670000000000002	68.049999999999997	0.13609096311189314	0.24915650428453265
0.59999999999999998	-0.19380698285622344	0.9969256975172609	0.97288792018750847	0.64799806028950013	21.3881469732925	125.76859950247353	456.52469652284208	20.606701368373926	125.24772694206709	417.29024234753962	97.489999999999995	84.169999999999987	68.769999999999982	0.13328430167605604	0.24790313097633451
0.62	-0.17111844121898526	0.99684637711718571	0.97859490169265739	0.65235822599945725	21.846432157930828	124.46758989551037	463.76769830049534	20.633290228749448	124.4376899893401	430.37191408227471	97.519999999999996	84.179999999999993	69.539999999999992	0.1306254632663667	0.24671729454354732
0.64000000000000001	-0.18218526632664117	0.99666569746833944	0.98081921736446653	0.65854531992225129	20.933436985778826	122.01746742056771	472.04133714779255	21.022507424830373	127.48298858050107	442.72910409094419	97.429999999999993	84.039999999999992	69.980000000000018	0.12810271720914734	0.24558672137377444
0.66000000000000003	-0.20535839827914634	0.99645113608304547	0.97990417061283108	0.66204819123483094	20.455483134671159	124.76212755641518	467.51808515826161	20.392161306927861	128.67270433541887	436.34403872161613	97.349999999999994	84.710000000000008	70.179999999999978	0.12570486376637061	0.24450262633563974
0.68000000000000005	-0.17798848693278557	0.99656628172472672	0.97959197089130134	0.65399155541208054	20.724674364219631	124.09225396242655	468.21906803040565	20.234632930188695	130.99966130115121	440.15700897637936	97.36999999999999	84.890000000000015	70.779999999999987	0.12342543789091528	0.24346442026334197
0.70000000000000007	-0.20824124681093736	0.9965335430131802	0.9786128425640328	0.65491088287522614	21.044802134998072	126.13889899406988	472.15686179257807	20.455136174051034	133.3870006029743	439.80110863040744	97.430000000000007	85.260000000000005	71.050000000000011	0.12125441225108988	0.24246895365955701
0.71999999999999997	-0.16750204480058284	0.99643315736455729	0.9772993352287106	0.66202374978013734	20.592868102014062	128.31777654714477	477.65506697560807	21.019783282360702	133.79390707555689	443.60223869426648	97.349999999999994	85.63000000000001	71.690000000000012	0.11918981179736847	0.24150242118169171
0.73999999999999999	-0.16580278048791611	0.99638194851118878	0.97838629032738944	0.68032761698184985	21.568770265096497	125.01954799743302	477.707023609494	21.626148001167465	133.99487118268286	447.46401607429505	97.439999999999984	85.450000000000003	71.849999999999994	0.11721972393174622	0.24056405354918345
0.76000000000000001	-0.18843263763335386	0.9963261740788768	0.97858660466632108	0.68633743103939016	21.268098059488654	126.78449949939196	482.31178224702398	22.306706966757837	133.62321672519187	451.02681807206579	97.389999999999986	85.890000000000001	72.440000000000012	0.1153391860550613	0.23965677179193373
0.78000000000000003	-0.17430617446105406	0.99623527965334824	0.98153360315746385	0.68828569530991968	21.703522916025214	126.06955318085848	484.79861390432279	22.862206020951941	132.64618121054176	451.11839019902953	97.480000000000004	86.060000000000002	72.900000000000006	0.11354232582879761	0.23877657594744556
0.80000000000000004	-0.18812292379548168	0.99612592054333504	0.98334667674074261	0.68557737701456001	21.242061353251426	124.96477419688827	484.94265674229911	23.102470927226619	132.80442492487137	454.94884060218328	97.420000000000002	86.330000000000013	73.22999999999999	0.11182250061901466	0.23792293174915119
0.82000000000000006	-0.18745218829685437	0.99614067522096816	0.98383381392830205	0.6789276083331921	21.552611661444637	124.82135812645895	495.5104869586001	23.15908462485033	136.90237820362049	468.64611925963038	97.420000000000002	86.560000000000016	73.590000000000003	0.11017586427681343	0.23709598937379156
0.83999999999999997	-0.14891285957040215	0.99616738297325735	0.98460309625672626	0.69121794560165473	21.52380561265991	125.96080064350618	501.91618362894559	23.355558464694816	138.68624616776157	469.08316505893146	97.440000000000012	86.960000000000008	74.330000000000013	0.10859927677547672	0.23629048936756453
0.85999999999999999	-0.16029722632642707	0.99612836573120345	0.98483528081412874	0.69487673720697418	21.289506493628281	127.33762847347926	509.80581251396552	23.878121083030777	137.28513158963787	473.83823844804209	97.440000000000012	87.469999999999999	74.759999999999991	0.10709027768223725	0.23550713124037945
0.88	-0.14116146098982194	0.99610896030454954	0.98373063242712411	0.69736901194795853	21.806622344580447	127.70441697625127	515.40097152924216	24.669210643707164	136.65462610663536	477.90579588270049	97.490000000000009	87.780000000000001	75.189999999999984	0.10564343266351939	0.2347432672259972
0.90000000000000002	-0.16191719325663467	0.99618497102286929	0.981420121808392	0.69720440011698037	21.572447213341299	127.8487862724608	505.88852985435943	25.630565914760318	137.1633584977229	476.56059581396801	97.519999999999996	88.040000000000006	75.25	0.10425573389842516	0.23399699501657129
0.92000000000000004	-0.12215519444322225	0.99615065006878112	0.97867932497024535	0.69847494365472351	22.239997025769352	126.08797750447107	501.64664536297852	26.393994299765019	138.90201027356073	477.14971315049695	97.61999999999999	88.070000000000007	75.340000000000003	0.10292386763038812	0.23326895309757673
0.94000000000000006	-0.14719134235865947	0.99616002738264497	0.97800893454640681	0.69664839715914106	21.959050845835399	124.87484762913959	512.42048436251412	26.456983857816027	135.61456386463203	476.9221014460378	97.640000000000001	88.080000000000013	76.179999999999993	0.1016431311239296	0.23256054712442023
0.95999999999999996	-0.14946822157887343	0.99623745381873319	0.97862727121162918	0.69377659917802459	21.261552575357928	124.77362024347644	513.96042014624379	25.69209581982156	132.59316956433594	477.25881183473268	97.600000000000009	88.139999999999986	76.580000000000013	0.10041221211968669	0.23187038808426266
0.97999999999999998	-0.14936310027757166	0.99624309037795711	0.97854908100736959	0.68690519866317323	22.26133732940573	127.0101203172583	515.67035364184289	25.432806310805375	131.77779407695246	479.11772142359769	97.690000000000012	88.400000000000006	76.719999999999999	0.099228665552561976	0.23119571902336303
1.0	-0.13057123934060208	0.99616371599900544	0.97852804629884582	0.68734085538203182	22.592532679274122	128.45615360747263	527.9214633740653	25.206889952592284	132.94722679628342	481.64173385199575	97.75	88.650000000000006	77.159999999999997	0.098090997148931686	0.23053284107148517
1.02	-0.13713798169014702	0.99613114215685561	0.97844760062145075	0.6924838268246265	22.037539715257182	126.41723788139859	530.32783697671243	24.976807700182736	133.74445225600942	491.17006186686092	97.709999999999994	88.670000000000002	77.25	0.096994092766127707	0.22988108515112654
1.04	-0.15189910106768062	0.99615529878655684	0.97873213534804882	0.69494970384085197	22.413228055503122	124.37646260879085	532.2073201447314	25.124816850531353	133.30432412405304	486.44747210805252	97.759999999999991	88.650000000000006	77.590000000000003	0.095936023756690608	0.22923938299313332
1.0600000000000001	-0.18311891387558266	0.99611523852269612	0.97834760755725403	0.69668089051688231	21.751383618210099	124.87427816658276	535.11275219121455	24.926177778095841	135.05682747074758	486.45913351272213	97.689999999999998	88.799999999999983	78.109999999999985	0.094914037654178898	0.22861333205711848
1.0800000000000001	-0.12603498447343531	0.99613225726578458	0.97648580122461692	0.70032611313030213	21.650406964465038	125.22599059903341	537.32616134700538	24.828760902016722	136.65121678438334	496.80941205202561	97.690000000000012	88.929999999999993	78.569999999999993	0.093925689028317313	0.22800708022468652
1.1000000000000001	-0.16843219254090319	0.99628704703514293	0.97631188742587371	0.70162050375949414	22.659523784633134	127.92376169941777	536.16895468257985	25.147962505882422	135.13161994319719	504.26269502368012	97.809999999999988	89.169999999999987	78.569999999999993	0.092970691374600095	0.22741477591625672
1.1200000000000001	-0.1302844317669187	0.99633679460079061	0.97573671898326331	0.7027659687818939	22.670515592332247	129.90227197346911	550.32933363791074	24.932443429505561	135.09814725389674	504.23477934050379	97.809999999999988	89.390000000000001	78.72999999999999	0.092046353622041943	0.2268329532556709
1.1400000000000001	-0.13371396638129943	0.99633958576616677	0.97445279765520298	0.70141885577443897	22.569849409367201	130.5630432528574	559.39000483682617	25.181778997467561	137.10687100541452	506.65506323729579	97.810000000000002	89.419999999999987	79.189999999999998	0.091152460014019568	0.22625966428498284
1.1599999999999999	-0.14907932864120324	0.99635664271489011	0.97241887001770522	0.71130662347599771	21.964531003809533	129.62646067155157	561.90626723513174	25.138218834315165	138.20380956814802	513.18803817272942	97.72999999999999	89.419999999999987	79.469999999999999	0.090287249208354708	0.22569845018030454
1.1799999999999999	-0.1348248124966559	0.99625178516433466	0.96945756107299208	0.71241555977558646	21.925613273307551	128.72915921748302	558.26092670915546	24.629818994385911	137.06466467797827	511.01831946449954	97.730000000000004	89.460000000000008	79.460000000000008	0.089449216127888545	0.22514914540763398
1.2	-0.12360616918724843	0.99603007968758239	0.96691710050614987	0.70902337426690409	21.430449321958875	131.98646350981036	558.49376619062002	23.912793618737862	136.29187705146381	512.03401860591021	97.659999999999997	89.680000000000007	79.680000000000007	0.088639148133410617	0.22461020212860122
1.22	-0.14535511666355619	0.9959366279638866	0.96908503710032756	0.71290873188337822	21.226027855792751	134.47955937752431	568.16462327826662	22.993183312501408	136.08479953277936	515.35746870473224	97.590000000000003	89.830000000000013	80.190000000000012	0.087854136070834032	0.22407909714049074
1.24	-0.14721021153120245	0.99585644845490928	0.97240543465333862	0.72045949443128754	22.297996843587121	131.14456973161765	564.63506748591658	22.651471417633843	135.16054062034672	517.06730809450778	97.719999999999999	89.599999999999994	80.280000000000001	0.087093825193001975	0.22355646497882037
1.26	-0.13587526798012886	0.99581546454244463	0.97245031862448328	0.72465357583232692	21.565961144033089	128.37353968720919	565.15908181103362	21.74198449220615	134.65637248255533	522.09516844266398	97.620000000000005	89.420000000000016	80.579999999999998	0.086356222418306816	0.22304112322399855
1.28	-0.091443800741699402	0.99581933244345977	0.97171138839923787	0.7255529378400899	21.566544305583857	129.25317262713446	562.22197234532155	21.594101241307207	133.97116038532511	524.97769576309054	97.629999999999995	89.61999999999999	80.730000000000004	0.085640241526794086	0.22253195639575313
1.3	-0.12694069261270385	0.99585673739941494	0.97302809543238611	0.7257225864618404	21.142216797845624	127.7097717685904	565.39775222674723	22.106537642518031	134.9748634226498	521.58621263117607	97.580000000000013	89.620000000000005	81.030000000000001	0.084945960482573996	0.22202912674309516
1.3200000000000001	-0.15011871139117611	0.99587326145323707	0.97433223372827826	0.72670368858430279	22.106572816050718	130.07573167027195	571.99484344657185	22.653104250779649	137.52027334510029	521.15092164630187	97.659999999999997	89.880000000000024	81.409999999999997	0.084271497900722456	0.22153246260353487
1.3400000000000001	-0.16785171324931755	0.99588569834650598	0.97598091189532976	0.73037896131692404	21.374135458664693	129.20216275439464	578.90841151806057	23.251536852693032	137.64571852284436	527.28817555360229	97.599999999999994	89.759999999999991	81.620000000000005	0.083615436878515165	0.22104543769157331
1.3600000000000001	-0.12066884595383864	0.99581328428250371	0.97857068463089047	0.73391336841661714	21.527552063177787	130.26763852471828	574.16339693768191	23.267436286097151	137.65963255818278	537.78787757773239	97.61999999999999	89.940000000000012	81.829999999999984	0.082976414026735029	0.2205715849444983
1.3800000000000001	-0.15468737776165861	0.99581166242344954	0.98116261588495468	0.73823442797104422	21.839471120640077	132.58809349944596	573.31591478739119	23.864063972335607	138.14585433828137	546.29067347116393	97.659999999999997	90.13000000000001	82.009999999999991	0.082354472295416564	0.22010607653348441
1.4000000000000001	-0.10606525831236882	0.99580013944509227	0.98161358073261606	0.7400975961951155	22.265183408008532	132.24862062504482	572.16656646225999	24.017993077394653	140.31946621715895	549.71183985823302	97.679999999999993	90.120000000000019	82.199999999999989	0.081750870653132385	0.21964401863204208
1.4199999999999999	-0.13019051814145438	0.99569998537179727	0.98232480175562531	0.74106834776129793	22.819806675549529	132.23624002820074	576.11206169087222	24.512538071298213	142.35680946539824	542.86105226589871	97.710000000000008	90.230000000000004	82.489999999999995	0.081164217100755193	0.21918728967133147
1.4399999999999999	-0.13802191041965042	0.99564186712596159	0.98319903350065518	0.73788713931037164	22.353359927077772	134.61904226714586	577.98302765133792	24.518521714781041	145.33000909475376	546.35456290508102	97.669999999999987	90.5	82.689999999999998	0.080593728180746546	0.21873265677554227
1.46	-0.14022096395452494	0.99559492785373815	0.98307456694652262	0.7369627615282357	22.038402472911052	134.9259429289354	577.25458959614639	24.440317783717973	145.84358758157458	541.78434945796084	97.659999999999997	90.460000000000008	82.719999999999985	0.080038601186637665	0.21828093515792388
1.48	-0.086602191897921857	0.99553580653936291	0.98245730319673064	0.73573086570812996	22.251130314972116	135.81217151869282	596.36683575407278	24.259112419449345	146.30460030230992	540.70776451732513	97.679999999999978	90.519999999999996	83.259999999999991	0.079498842656781837	0.21782939138521801
1.5	-0.13284013722057986	0.99539142284226523	0.98125046949008099	0.73806614462819631	22.164224803604743	132.48237310043316	589.68491872436846	24.207194651588928	146.96821018182854	535.57039460170802	97.669999999999987	90.240000000000009	83.280000000000001	0.078974265023433216	0.21737952154468965
1.52	-0.10081141730499393	0.9952113326480253	0.98024470251998397	0.73773790287283192	22.059402955892452	138.91644296854261	589.59131821184235	24.626543615150716	150.48932871638104	551.04264264007463	97.649999999999991	90.599999999999994	83.390000000000015	0.078462611602577545	0.21693167341448688
1.54	-0.11423187787184308	0.99504214945591429	0.97976263568922484	0.7392887975780944	21.885429786008235	144.43884722343697	598.82760604096404	25.522272120941064	153.45836523894644	551.03474825017736	97.669999999999987	90.790000000000006	83.789999999999992	0.077963798281567021	0.21648286973787792
1.5600000000000001	-0.13999017259655624	0.99505599243769893	0.98007406835893196	0.7401110311137018	22.088098473405669	144.15262372280796	594.75450071725959	26.17133682161391	153.88683575130386	555.22771852076789	97.689999999999998	90.730000000000004	83.789999999999992	0.077477527607606247	0.21603663681639546
1.5800000000000001	-0.12827495910352474	0.99509649048285631	0.97972592907208311	0.74311706189220428	22.411026645495035	142.13416033609869	589.99802034326717	26.452584656257919	152.17703953200024	557.00420698134587	97.739999999999995	90.549999999999997	83.929999999999993	0.077002472148052586	0.21559504228571366
1.6000000000000001	-0.073713810998831411	0.99508454275919311	0.97965743272981665	0.74461090142115693	22.035727011286831	143.43977160652562	588.68559247608232	26.168089383506981	149.63971212925708	553.60791066363436	97.689999999999969	90.640000000000015	84.019999999999982	0.076538242367999942	0.21515330554846956
1.6200000000000001	-0.044487675209466115	0.99507244316287591	0.98039043506071299	0.74559411791395314	22.477088619225015	146.58052116394009	589.7496562380004	25.690556198990173	147.41802689649936	546.69304307453342	97.719999999999999	90.829999999999998	84.159999999999997	0.076083671979080739	0.21471318305952036
1.6400000000000001	-0.1243254311719236	0.99519198478050952	0.98088508688864329	0.74942980736027176	21.734514327752844	143.09203892200881	591.36807244616398	24.466444926362982	147.63284849936221	542.98835866898526	97.640000000000015	90.590000000000003	84.210000000000008	0.075638491035837752	0.21427767606616421
1.6600000000000001	-0.042854255338703441	0.99525643397556141	0.98113903275708636	0.75154969186703235	21.833781553572297	146.58463500431463	594.51777553214856	23.860279257084848	148.46223857597104	544.16647868961422	97.650000000000006	90.769999999999996	84.429999999999993	0.075203993186694199	0.2138461731531443
1.6799999999999999	-0.11966691155934368	0.99531547039541868	0.98130467430876622	0.74891720408992435	21.86856089932602	147.79371688132699	591.50937278360391	23.542865345884529	148.03866416803612	543.75679627595002	97.639999999999986	90.830000000000013	84.679999999999978	0.074780171445995997	0.21342029530336482
1.7	-0.10192203513749229	0.99532353549839314	0.98107910669497933	0.74944342322753188	21.877170105878129	149.14101794053565	579.42065085956392	23.420581692524696	145.91707650161999	539.08056080438223	97.650000000000006	90.929999999999993	84.640000000000015	0.074365837413884917	0.21300003209334478
1.72	-0.11870782218996394	0.99535108018448804	0.98036044898591557	0.75313625133870032	22.635773084913893	147.55767944961673	581.66576675377132	23.430901611316695	145.52538678905188	533.99111143049356	97.740000000000009	90.910000000000011	84.810000000000002	0.073960568085298342	0.21258456399853412
1.74	-0.051418414882123037	0.99535336400811347	0.97886870917154523	0.75368778970932881	23.202913518186939	146.75750972942484	585.38690295247079	23.082033309004196	147.87952852116373	542.04343909830754	97.780000000000001	90.890000000000001	84.960000000000008	0.073565462651435723	0.2121724562839859
1.76	-0.10141648106381368	0.99531747562929684	0.97643868339760564	0.75328223576779929	24.147161448802258	147.65391507018958	585.00598450985228	22.830314591800249	149.15838222308133	552.22740708917081	97.879999999999981	90.970000000000013	84.890000000000001	0.073179313953439268	0.2117656282929537
1.78	-0.05845680792853971	0.99528061606031071	0.97475523238828043	0.75367493289185317	24.465338723368159	148.20661741664171	590.96641251233007	22.704115222107156	150.59874023246735	559.15980413447664	97.899999999999991	91.010000000000019	85.000000000000014	0.072801594126872218	0.21136486140061531
1.8	-0.078726310257692042	0.99523571759855733	0.97311396205355349	0.75098232732811132	23.155350853639852	148.0671008839094	597.41837433354385	22.634966597917792	152.4211029577846	561.6326407711432	97.759999999999977	91.030000000000001	85.260000000000005	0.072431852032039362	0.21096689840429991
1.8200000000000001	-0.087220191608304243	0.99521968902709435	0.97139262930960635	0.7508179524069003	22.486079012711166	146.57191006091927	596.30058371336634	22.477244940047147	152.14032352355889	563.46605651533912	97.689999999999998	90.909999999999997	85.45999999999998	0.072070078116241401	0.21057095868587386
1.8400000000000001	-0.078770894651104359	0.99515648407052804	0.9712845775283121	0.75206654948017171	22.004572459044287	148.15813843930567	593.56757144541677	22.574939908571931	152.92411186240935	562.98723893088697	97.639999999999986	91.070000000000022	85.549999999999997	0.07171543390335304	0.21018026816554336
1.8600000000000001	-0.061522922587254392	0.99516195858781042	0.97306730008165909	0.75743469468752567	22.052516771444765	150.9855282381254	594.0067940789155	22.526595879702445	154.87573468615247	574.01975577688415	97.629999999999995	91.329999999999998	85.670000000000002	0.071368577363425362	0.20979249493488075
1.8800000000000001	-0.098949101815072923	0.99510596689440445	0.97476301424017431	0.76219289711102367	21.712376568778911	154.01854017443085	598.53281717286859	22.419217346412104	156.532115861596	579.8712003203924	97.590000000000003	91.530000000000001	85.79000000000002	0.071029136987279071	0.20940791443492118
1.9000000000000001	-0.060262499276786695	0.99507643402071932	0.97514626156608075	0.76827199424263293	21.963331530918783	152.06937500983665	603.58393076163372	22.351549533837531	157.26266919302242	580.40322279869588	97.609999999999999	91.390000000000001	85.939999999999998	0.070696935075396636	0.2090263874661587
1.9199999999999999	-0.051414566201634759	0.9949789182041604	0.97461965537885009	0.7726840429016516	21.905097095816892	152.69361174135094	611.78308947352969	22.177295108332395	158.18486802532033	582.43319669037464	97.599999999999994	91.490000000000009	86.129999999999995	0.070370263786939211	0.20864739705689664
1.9399999999999999	-0.052081468985399004	0.99499535114831184	0.97356360073699089	0.77755694381254914	21.817178207991887	151.72629066604233	614.37130682275722	22.496367013474718	159.02337582405045	579.25821553867604	97.609999999999985	91.429999999999993	86.219999999999985	0.070049036156297317	0.20827177826893167
1.96	-0.039518136583395196	0.99508337381237677	0.97287375173825197	0.77722247939437739	22.736311058477177	153.7252207971371	619.23070953974252	22.526367766090697	157.91531870202982	580.5344931825108	97.710000000000008	91.539999999999992	86.269999999999996	0.069734124559089478	0.2078980773938793
1.98	-0.099741410495538446	0.99512998534740826	0.97265755199490156	0.78012967854870396	22.152751093498676	154.33833839706185	625.95398951735137	22.61559206266703	155.75727233374232	581.31505929119339	97.65000000000002	91.530000000000001	86.38000000000001	0.069424218914845695	0.20752705735057156
2.0	-0.12328107384951277	0.99519915378645885	0.97234931078216214	0.78192797925960078	22.09672488821527	156.66492917046955	631.79473346019768	22.503970423889971	155.11180203539212	586.72886813294338	97.640000000000001	91.579999999999998	86.38000000000001	0.069118890587958712	0.20715850610539582
2.02	-0.092775789266825781	0.99518171765683694	0.9723632847974496	0.78271379105715522	21.913057451477858	160.12483931321952	642.59433602220747	22.215647517598505	155.8529624568888	587.29471889191814	97.640000000000015	91.689999999999998	86.650000000000006	0.068818995853086859	0.20679181197926053
2.04	-0.087170236842406157	0.99519075834196014	0.97337261471759162	0.78258247956181637	22.515735239881344	157.40247868218924	634.27163548340718	22.313276913707789	157.68939735042821	581.29426002652349	97.689999999999998	91.549999999999983	86.590000000000003	0.068523945283246651	0.20642745755792641
2.0600000000000001	-0.09915558150212346	0.99513664272061741	0.97386596563997885	0.78259600147982789	22.386587643980995	160.08501936256695	630.53203317308703	22.382968677263808	159.49283879969764	574.04232745782485	97.659999999999997	91.739999999999995	86.63000000000001	0.068233722143627287	0.20606589248584212
2.0800000000000001	-0.069906287777310908	0.99500207298888355	0.97443803210811331	0.7886676420612807	22.449154100963145	160.57056527098877	638.68450296604772	22.467788385801363	160.34359307173094	581.10623769290839	97.650000000000006	91.730000000000004	86.769999999999996	0.067947338056384768	0.20570748713399839
2.1000000000000001	-0.071859260406188175	0.99488148549191124	0.97571194446601583	0.79516448736942014	22.360539320520772	161.1572694701303	649.82254104686183	22.528439974593788	161.18319216862929	591.5687308934472	97.659999999999997	91.690000000000012	86.859999999999985	0.067665113294854223	0.2053508080643327
2.1200000000000001	-0.059620166870983551	0.99479453188599631	0.97642059903031397	0.79868101914400058	22.492244701670391	162.51704075380235	656.9514222023131	22.715765085557649	163.96090658244034	597.51758376658427	97.659999999999997	91.730000000000004	87.049999999999983	0.067387080892473264	0.20499772707077982
2.1400000000000001	0.0086473189991680671	0.99476771179757184	0.9766908322259098	0.79883100626480208	22.461755902890882	164.27802385726406	657.10895591127792	22.858908526888925	166.51012304092376	597.61995365727171	97.689999999999998	91.780000000000001	87.109999999999999	0.067112820974113252	0.20464613152643843
2.1600000000000001	-0.042551016015614417	0.99479702306448881	0.97678222408605142	0.80008506847595728	23.055792648604587	165.87022368893142	657.21230140451871	22.722358904208043	169.2497721371129	602.52136428503866	97.749999999999986	91.859999999999999	87.230000000000004	0.066842811376595465	0.20429722386110472
2.1800000000000002	-0.056616346167334096	0.99486212220139048	0.97659381397488176	0.79772271299481434	22.466870817756405	165.04338993486203	649.26223727136721	22.498382844295726	170.9692853345301	607.31896118977659	97.679999999999993	91.900000000000006	87.170000000000002	0.066576940467163462	0.20395150986467558
2.2000000000000002	-0.0553858010492446	0.99488349284421851	0.97604606416235096	0.79398298603636952	22.360083967336209	167.58631290330794	650.75767689744339	22.330726077015989	172.14189683177287	613.48869023350255	97.669999999999987	92.04000000000002	87.280000000000001	0.066315023831493305	0.20360953456148803
2.2200000000000002	-0.029080565505225416	0.99484054670239674	0.97549331539197071	0.79200067986783851	22.477169410030452	166.71980645618493	645.39770988665919	22.133304824795061	172.05535864561764	617.21384244226044	97.669999999999987	91.950000000000017	87.419999999999987	0.066057048953875208	0.20327131586445196
2.2400000000000002	-0.052915269324490262	0.99482005176951716	0.97496912285702186	0.79170465161270642	22.330250338200074	170.9696380602845	644.17719732032424	21.856877499951629	172.5572314671067	620.91827806895287	97.640000000000001	92.13000000000001	87.469999999999999	0.065802730692076178	0.20293707204062894
2.2600000000000002	-0.047534240811820318	0.99476985414820296	0.97434914415413887	0.79045661643290599	21.620501176089626	171.56769936450965	649.07942979940549	21.564318580784992	172.90200188983471	624.41356083975711	97.560000000000002	92.140000000000015	87.539999999999992	0.065551926472651512	0.20260576833943636
2.2800000000000002	-0.048052391798900362	0.99466784803875008	0.973602815416173	0.78999147964299077	21.862091096947609	170.36193603638486	647.2777480670436	21.495330798173228	171.55635711238898	630.09093154650577	97.579999999999998	92.170000000000016	87.640000000000015	0.065304481452390151	0.20227610825630959
2.3000000000000003	-0.039308776951002287	0.99460302917963561	0.97292754667566927	0.78845898217461741	21.851280465271365	169.5113405014967	641.15943173262758	21.499090029983584	170.84812836307202	629.13853292985959	97.579999999999998	92.239999999999981	87.700000000000017	0.065060426360747381	0.20194716882453853
2.3199999999999998	-0.021352476285321737	0.99453803512133265	0.97231830595517565	0.78428662048184106	21.107794065814112	169.09879985369972	641.75816533509737	21.342920472716372	170.44780545592178	628.74233877132315	97.489999999999981	92.200000000000003	87.849999999999994	0.064819944816509656	0.20162073614332959
2.3399999999999999	-0.048873181500029908	0.99451288480165889	0.9716294735982286	0.78153983192575005	20.88861451428517	169.20499995115546	646.66142757894022	21.249928414386979	170.19430420163673	628.89548428579656	97.459999999999994	92.25	87.969999999999999	0.06458334138493721	0.20129702935910454
2.3599999999999999	0.017431233847653153	0.99452247210056743	0.9704804686339481	0.77900747478639343	22.139357692061232	165.50678683632947	645.84886361471604	21.250012152755541	169.28266536284249	631.97935610816126	97.600000000000009	92.140000000000001	88.000000000000014	0.064350137034031779	0.20097540690075394
2.3799999999999999	-0.023141056076010608	0.99450379626779772	0.96907769655534826	0.77726800014473973	22.571449763539096	167.17177442708723	640.10578398875657	21.674491932036148	168.48764842129157	632.30308868318741	97.640000000000001	92.230000000000004	88.059999999999988	0.064120645322490025	0.20065394558780722
2.3999999999999999	0.0046313984076333621	0.9944853522816457	0.96774582680724885	0.7788685697434985	22.334855704543642	169.12964171882928	639.63460301472855	21.586769869851523	168.50843858850018	632.08917799498283	97.609999999999985	92.280000000000001	88.180000000000007	0.063894036333884338	0.20033476990219184
2.4199999999999999	-0.029331439502367974	0.99447215056452942	0.96621021595637191	0.77807361024068744	22.336406225607707	168.63871415846762	637.76734318186914	21.412950603714684	170.1733751968072	629.60292304645031	97.590000000000003	92.289999999999992	88.290000000000006	0.063670251816979551	0.2000166580704251
2.4399999999999999	-0.090125295728621643	0.99438661549848162	0.96465395155638112	0.77370194774009315	22.271689348139414	168.14794966684121	630.67343352415867	21.551582529451643	170.01658453373551	624.83412533546868	97.570000000000007	92.219999999999999	88.310000000000002	0.063449387985664712	0.19970014036146538
2.46	-0.021113125901442965	0.99430062276236786	0.96280131871894259	0.77147584426359939	22.565459425955861	168.55553145108115	633.0602478215892	21.812094523510957	170.16057021377577	624.12653416069554	97.590000000000003	92.180000000000007	88.469999999999999	0.063231466467146141	0.19938421425153385
2.48	-0.012866166308521445	0.99422823017321882	0.96116431986649498	0.77174393222665283	23.297297334749015	171.33927943812205	625.22390321292573	22.003476228900116	171.05237458526827	622.28892652412605	97.680000000000021	92.27000000000001	88.36999999999999	0.0630168392800428	0.19906656839981257
2.5	-0.0092690938862707122	0.9941985578194199	0.95996693533382516	0.7715441090399997	22.275449888868724	172.13827216134644	631.6981096987123	21.844499259223557	172.47148225207206	617.85511792983687	97.549999999999997	92.29000000000002	88.549999999999997	0.062804457684148357	0.19874886614939197
2.52	-0.016789038539120268	0.99420619855814807	0.95854382415395933	0.77129355395288057	22.743752685511076	174.57110102304438	632.51544291109587	21.826801077257734	173.2669355831809	611.28247218379238	97.589999999999975	92.359999999999985	88.63000000000001	0.06259406032960306	0.19843201122697557
2.54	0.0030501800259645447	0.99413951484366303	0.95709100585792473	0.77066932269035315	22.131795115821472	177.40515186178521	635.95039287926329	21.598979655565024	173.07312029518928	604.07472525819492	97.5	92.489999999999995	88.640000000000001	0.062386260856637996	0.1981166388438122
2.5600000000000001	-0.0091412616254870765	0.99409238725071847	0.95552646291743171	0.76885477793340939	22.311411578935314	178.38718199337103	637.4967006649207	21.384039865580455	173.14853657524438	600.19864978501005	97.510000000000005	92.489999999999995	88.649999999999991	0.062180998559181064	0.1978029602628413
2.5800000000000001	-0.004514676392124068	0.99410395851915856	0.95460405005544702	0.76532228195324081	22.347491235324519	174.72386883726426	630.97753885174984	21.257226198213871	173.46016269565467	598.24330689602016	97.52000000000001	92.320000000000022	88.560000000000002	0.061978602154812691	0.19748999920205021
2.6000000000000001	-0.011585566776834158	0.9940980222539324	0.95413047661105477	0.76212283335470132	22.84547708224779	180.10323718471923	630.90795342013894	21.279719555092932	173.29806478555682	598.7105293956098	97.570000000000007	92.440000000000012	88.549999999999983	0.061778556376861839	0.19717822871041976
2.6200000000000001	0.023084103589354504	0.99402958001988861	0.95322438311312419	0.75819060227498158	22.946454166736764	182.45514672950782	645.65629212681802	21.494749112623037	174.47709395274694	597.979862486775	97.599999999999994	92.439999999999998	88.710000000000008	0.061581128756899764	0.19686752927042775
2.6400000000000001	0.034089652446276285	0.99392858950522878	0.95211832555804476	0.75507397512351182	23.032634751790479	182.23746439444392	654.94565372556508	21.764616146428153	176.81888853866081	600.5757360297456	97.609999999999999	92.350000000000009	88.809999999999988	0.061386218765810449	0.19655792980111847
2.6600000000000001	-0.021848772999416254	0.99377626432792143	0.95070342495045068	0.75194714894836567	24.073447163010176	184.8522554843706	662.6884240594876	21.71374606077482	179.93737068899412	607.21573996384791	97.709999999999994	92.399999999999991	88.930000000000007	0.061193667084774986	0.19624977181718437
2.6800000000000002	0.024380818170344192	0.99356540570258112	0.94909395603304014	0.75021143083878827	23.875969358300534	189.74825379990835	673.2400680736913	22.084032300016521	183.43486005201572	615.48076309243572	97.689999999999998	92.540000000000006	89.060000000000002	0.061003802739249567	0.19594302589461196
2.7000000000000002	-0.039556767987247297	0.99334248142286585	0.94720070095484066	0.75001177459956925	23.947004107298753	189.01583106447464	671.87273604266818	22.368568496391152	185.8692522033013	614.76487540178573	97.689999999999984	92.480000000000004	88.969999999999999	0.060816275060645152	0.19563721144726415
2.7200000000000002	0.024620732736927713	0.99308486299703858	0.94536605408548413	0.74898343638956477	24.03985496197647	189.40005870862274	677.74921444449296	22.542907682262104	186.84428504482622	611.35159538508856	97.709999999999994	92.460000000000008	89.11999999999999	0.060631390472209071	0.19533264657619612
2.7400000000000002	0.0032762020552672784	0.99285722246632613	0.94377019975639287	0.7465306488131882	23.485924876535513	187.5341920993541	677.61818865889768	22.737497288630369	185.24593804227305	610.97812125369342	97.640000000000001	92.319999999999993	89.090000000000003	0.060448922065521292	0.19502932115932481
2.7600000000000002	0.035588616397492639	0.99263648774364266	0.94270838191259121	0.74370465406600994	23.886245025697598	189.88431117191618	681.84711442499099	22.670094345999157	184.16768464596265	614.81843812188356	97.699999999999989	92.359999999999985	89.129999999999981	0.060268719493359255	0.19472756943223804
2.7800000000000002	0.034919180449220974	0.99258326461053237	0.94209241301777047	0.74143798362897317	23.663667581290959	195.66464897467407	691.74789151944299	22.371374175577721	183.17292638803195	623.11136410702693	97.659999999999997	92.539999999999992	89.209999999999994	0.060090324060387279	0.19442721759318776
2.8000000000000003	0.023583541462531374	0.99257117698330311	0.94134298823961848	0.74018332298264677	23.603549113957104	198.53139910163196	698.24333401136028	22.171611314121499	183.33155905239667	630.25549798427869	97.629999999999995	92.560000000000002	89.200000000000017	0.059914138929085814	0.19412863117332513
2.8199999999999998	0.043525967217737889	0.99254720052784362	0.94057285398241819	0.73761867329992414	24.470723207099393	197.900237686357	706.00629405172879	22.190835562528584	185.01063541378679	634.37333206748315	97.719999999999999	92.510000000000005	89.280000000000001	0.059740131710295685	0.19383154363891469
2.8399999999999999	0.059822311541449374	0.99250406906741195	0.93993905103802722	0.73420576687225192	24.619182267214022	201.25904184705988	706.97244344827504	22.026757229799184	188.06763986348659	641.09917023332184	97.710000000000008	92.640000000000001	89.320000000000007	0.059568035056087508	0.19353642224611162
2.8599999999999999	0.049702688669004284	0.99237917962288835	0.93923952337999861	0.73172608604331235	25.301566710633804	205.59054950332234	711.00940477679603	21.804131950765729	192.30392521551525	644.54190380734474	97.760000000000005	92.790000000000006	89.430000000000007	0.059398381999517434	0.19324325853221513
2.8799999999999999	0.095560126882658011	0.99219748683616693	0.93864146871744614	0.72802919433391244	25.072675845313295	209.15675769149607	705.24266117582908	21.845319970024171	196.34385777702113	643.83962638325579	97.719999999999999	92.839999999999989	89.38000000000001	0.059230935288457097	0.19295183814120798
2.8999999999999999	0.068789162682599395	0.99198769993973213	0.93816266015908689	0.72581503987671359	25.096122509489835	207.67073437791296	710.47930602251836	22.216471457296155	200.18149075061478	643.39370901035841	97.709999999999994	92.72999999999999	89.469999999999999	0.059065042554268213	0.1926619712913252
2.9199999999999999	0.026828952281526725	0.9917457149164276	0.93772398923792166	0.7281030108509966	24.630902808356431	209.08829935945715	707.3081695166768	22.645218721516315	203.93280890004797	643.86469851144079	97.669999999999987	92.679999999999993	89.439999999999998	0.058900726933556094	0.19237337984067349
2.9399999999999999	0.090744034357060188	0.99149914321080668	0.93695025656410902	0.72862141165116756	24.31517765888281	209.58730544727095	707.81941528728635	22.80120235964716	206.82838054659001	641.55185807442683	97.629999999999995	92.619999999999976	89.570000000000022	0.058738499534843391	0.192086168899263
2.96	0.047013639059344269	0.99129801507552373	0.93565846898860783	0.72995692659643474	24.028830284252827	209.91187257107472	711.53559248986187	22.24417990169993	207.10608924516936	640.94781165340839	97.599999999999994	92.579999999999998	89.690000000000012	0.058577910325623803	0.19180015462805367
2.98	0.017713341008704996	0.99117724073165836	0.93413567909119233	0.73166812488206767	24.138278671414092	211.44734182652468	710.53666839732341	21.499630518390539	208.67496804704538	646.21241638529057	97.599999999999994	92.569999999999993	89.670000000000002	0.058418744243917742	0.19151548662521314
3.0	0.093292742669434617	0.99114435648148458	0.93277991368790014	0.73204084170892381	24.046758854681812	210.59790978498535	713.45667938322629	20.966818007599219	211.16781434606455	650.67177288063863	97.579999999999998	92.499999999999972	89.72999999999999	0.058261311552772074	0.19123192823880042
3.02	0.091727467303118551	0.99107613441321141	0.93125531482958235	0.7305625315770985	24.645921213363522	211.24851521286615	718.19966463548303	20.666532293184012	214.03695935058877	654.82265326458423	97.640000000000001	92.469999999999999	89.810000000000016	0.058105354747045444	0.19094882980483896
3.04	0.026643737791764557	0.9909768060038372	0.92951604727141623	0.72945184542255803	24.009626699789756	210.30861998701985	721.80222120076701	20.652232520138519	218.10002983532769	657.82632290870538	97.559999999999988	92.319999999999993	89.760000000000019	0.057951240876441344	0.19066713245694505
3.0600000000000001	0.043390202087062825	0.99080590689597658	0.92794554065675039	0.72905972717991652	24.837735499182791	214.40422465182593	726.36040243494381	20.431355676733013	224.04311842854455	659.69352876461835	97.629999999999981	92.390000000000015	89.850000000000009	0.057798604564853383	0.19038605400138028
3.0800000000000001	0.064731280581946188	0.99065374389538619	0.92645301984624218	0.7260633669227412	25.588840846362547	221.38863155882467	721.02775360085047	20.56639133033379	229.64040302924815	661.36595831802038	97.700000000000003	92.560000000000016	89.719999999999999	0.057647537683286919	0.19010617982022684
3.1000000000000001	0.078939956334926731	0.99052680891564537	0.92469691549045585	0.72145088938790003	25.451064864363683	226.34138029054711	731.97260004558166	20.977268260596716	233.39317460014931	662.03287369222767	97.699999999999989	92.610000000000014	89.780000000000001	0.05749810301114594	0.18982767497898717
3.1200000000000001	0.095258127207360516	0.99042429100785845	0.92259757494367245	0.7162099112676702	24.70013219154788	227.48677521558517	741.49179175222093	21.363114730303213	235.84911244560081	666.97159784136318	97.629999999999981	92.560000000000016	89.859999999999999	0.057350254972081724	0.18955041530657829
3.1400000000000001	0.13713656535085034	0.99027992775452867	0.920163841990011	0.7101032764744557	24.673469797818388	225.71515285013788	752.15415070507856	21.629589309428393	236.764799140972	678.57115787947839	97.61999999999999	92.419999999999987	89.989999999999995	0.057203674700001796	0.18927433096121771
3.1600000000000001	0.14663098592595061	0.99019299011851791	0.91750277350301634	0.70276814258380749	24.857646132529133	229.29692935971457	761.44564130076651	22.066602785511073	237.19855771742996	687.38934663666691	97.650000000000006	92.439999999999998	90.039999999999992	0.057058567690765984	0.18899906413147666
3.1800000000000002	0.16129229436912579	0.99013042740905421	0.91496547811475826	0.69572493704229754	24.632055221983958	230.92044284330237	769.5763517993953	22.551208836937864	238.30187638375915	698.89750154442743	97.649999999999991	92.460000000000008	90.100000000000009	0.056914794572528224	0.18872454749786344
3.2000000000000002	0.15217604230966278	0.99008907380135613	0.912472072072959	0.68890867391503396	24.381376978307809	237.52427503375378	775.70980562752197	22.904579193014207	238.97123133365682	701.98049508707732	97.609999999999985	92.560000000000002	90.210000000000008	0.056772205836513531	0.18845024439415184
3.2200000000000002	0.12246912607099439	0.98995685357135754	0.9101220822627536	0.68260565489663361	24.910221157809506	237.64568924472533	769.51481342847967	23.567261999311729	239.12953723635542	707.41693514353688	97.659999999999997	92.450000000000003	90.080000000000013	0.056630922752325993	0.18817666404285979
3.2400000000000002	0.14017513876700058	0.98982359390234576	0.90766141419984492	0.6802659409521401	25.025171059458295	239.05594075516336	773.43380117637184	24.206228627464515	239.20682730911193	714.48514939999222	97.660000000000011	92.38000000000001	90.109999999999999	0.056490775703655974	0.18790392859319491
3.2600000000000002	0.1270161589115108	0.98972573615921289	0.90622215255520955	0.67875761039253535	25.328677457856372	243.93985643207367	783.2396653073331	24.434641646291233	240.06100626274088	722.07382338249056	97.680000000000007	92.419999999999987	90.109999999999999	0.056351937467184213	0.18763214150610838
3.2800000000000002	0.1400740912705844	0.98960358611600885	0.90472416773490139	0.67689555349358299	24.809590152677178	244.41628165876759	793.87191784204708	24.61873143264123	240.04872400230084	727.03103805959063	97.61999999999999	92.300000000000011	90.180000000000007	0.056214387508264629	0.18736070000411573
3.3000000000000003	0.12892571239135189	0.98952772596247951	0.90253690604289871	0.67419009667348229	24.724662601498807	248.93137196995366	790.93666392267266	24.317991444280331	241.17919902268309	732.46029384555607	97.600000000000009	92.349999999999994	90.140000000000015	0.056077843022189343	0.18708988694239412
3.3200000000000003	0.14826792434115277	0.98944332491192477	0.89981385003863523	0.66922537640502355	25.151895668098639	254.394755626586	794.26784641868119	24.000229772446076	244.77494803724704	737.83686595931431	97.640000000000001	92.429999999999993	90.120000000000005	0.055942386361694664	0.18681915779407693
3.3399999999999999	0.11061072594123447	0.98937266727801398	0.89730375052619815	0.66643135939995024	25.855297393389911	252.15110669083856	803.85239077555639	23.831987853111606	249.25105558212636	737.13516000005507	97.710000000000008	92.370000000000019	90.189999999999998	0.055807853195339908	0.18654935273527046
3.3599999999999999	0.18408132764978619	0.98927687804080178	0.89477927541729196	0.66547726187877521	25.972411938389513	251.77469534579646	807.28546362413999	23.679682623298447	252.37986041218232	740.85476566800151	97.730000000000004	92.27000000000001	90.22999999999999	0.055674225848292368	0.18628034146650321
3.3799999999999999	0.14086595262056831	0.98920031989247936	0.89281492502781712	0.6643108144873231	25.553123922229542	253.73722285724585	811.63887165910887	23.314023700971688	254.62537700406966	743.72294022352651	97.689999999999998	92.27000000000001	90.350000000000009	0.055541524528407979	0.18601250866744251
3.3999999999999999	0.13609461893453628	0.98913647111739744	0.89085801056074243	0.66361210590772668	25.979182222901034	257.31627642500951	809.79738007338619	22.796881156048897	255.46812860992895	746.64165989019159	97.72999999999999	92.349999999999994	90.429999999999993	0.055409781204977984	0.1857457576738947
3.4199999999999999	0.19633638943010709	0.98913234999592703	0.88952215809614033	0.66418762684380395	25.041564625371187	260.93642787622946	803.44520955406074	22.53085613126413	256.00663427989122	751.27661803894432	97.650000000000006	92.489999999999995	90.38000000000001	0.055279132065298643	0.18547983992519321
3.4399999999999999	0.16492601749633429	0.98911098008700882	0.8887948386644805	0.66601195696851012	24.640186113618089	258.42214968473229	805.83204057594639	22.327616238690837	256.13738211226604	755.59564227998885	97.609999999999985	92.419999999999987	90.460000000000008	0.05514965732305542	0.18521508323669578
3.46	0.20103441019413351	0.98906777211684305	0.88830434811861747	0.66749727649246893	25.195547578828776	258.73745869595484	804.32480635030402	22.142927382686448	256.65294143149077	753.33290163117545	97.649999999999991	92.409999999999997	90.490000000000009	0.05502129160039957	0.18495140921874745
3.48	0.076722649459210382	0.98905975749757646	0.8880333663301776	0.668655236097081	25.119749357235765	264.61496019653885	808.50471743847834	21.851492092656393	257.25016601553347	752.33787513683251	97.640000000000001	92.590000000000003	90.550000000000011	0.054894072433780972	0.18468872768519723
3.5	0.19359283200308583	0.9890577071991945	0.8878782283379042	0.66880707064148981	25.218083389842736	262.90976175765746	806.91941638705123	21.424374537160983	257.95406026027223	751.08167462234258	97.640000000000001	92.560000000000002	90.590000000000003	0.054768174998369071	0.18442679414664714
3.52	0.14786958690580168	0.98906647106178891	0.88792323309723842	0.66861753853791495	24.813535442689197	263.64896409279618	802.38726617011491	21.198609244010822	257.96263796349729	751.78544166328561	97.599999999999994	92.580000000000013	90.620000000000019	0.05464336892441244	0.18416612068119015
3.54	0.25232365325948169	0.98910710267236701	0.88794326597440154	0.6684537391806028	24.756728777446096	264.25550241348708	812.4616282251194	21.032119052571772	257.10237198574401	751.86629650639907	97.590000000000003	92.560000000000002	90.670000000000002	0.054519525823889615	0.18390667108579178
3.5600000000000001	0.25394593500851642	0.98916757994940185	0.88750030937430435	0.66715938420572063	24.301159305110254	264.70116854988675	818.9441433473155	20.981397311494423	256.11245329559591	752.99528757984831	97.539999999999992	92.549999999999983	90.680000000000021	0.054396829039160745	0.18364825468360269
3.5800000000000001	0.15724340030311568	0.9892364613996566	0.88672556676010772	0.66607906699627772	24.038616886392177	265.75866785012693	829.82185387701315	20.831776633699693	255.47186217155817	755.89726092620458	97.5	92.590000000000003	90.760000000000005	0.05427521471809009	0.1833909164017567
3.6000000000000001	0.21327046870457217	0.98930292763501604	0.88597920575345535	0.66600798868487832	24.155855382796954	267.58457206967779	831.66359820374714	20.546300049612455	254.65619497487666	757.14201903684773	97.499999999999986	92.610000000000014	90.739999999999981	0.054154481438690907	0.18313459278706917
3.6200000000000001	0.21459257649319602	0.98934372599740283	0.88567476553701618	0.66626292298034895	24.119560178675403	267.63003917199495	832.4268109740691	20.360307275625949	254.60173507409621	754.25503300194373	97.500000000000014	92.590000000000003	90.700000000000003	0.054034717981742753	0.18287907914153301
3.6400000000000001	0.13919030782850983	0.98937265950072584	0.88559472493764235	0.66576783983735854	23.895203503474342	269.84990776597652	832.93724974689667	20.332296488770091	255.14555615434966	755.35231075319439	97.480000000000004	92.589999999999989	90.679999999999978	0.053915970905559898	0.18262389905473095
3.6600000000000001	0.17438549072856507	0.98939257146222948	0.88525734996145411	0.66534385125120665	23.273698262453529	267.60514795690534	830.8948465022147	20.511310074100503	256.20064471162323	753.13401855384654	97.430000000000007	92.52000000000001	90.690000000000012	0.053797999550929509	0.18236940095277085
3.6800000000000002	0.23800872587278674	0.98944710690709314	0.88489041050810857	0.66480618232752453	23.083515795443635	264.20311909466102	829.13861877695615	20.719279008540784	256.69129092655675	748.41023478617296	97.390000000000001	92.430000000000007	90.670000000000002	0.053680739222076203	0.18211577526715345
3.7000000000000002	0.20474711356769185	0.98943971121547958	0.88427772062016463	0.66552954692218091	23.435222077133044	266.41219473190779	823.34037753495136	20.966814414365778	255.93247856321491	745.62022853269696	97.419999999999987	92.530000000000001	90.610000000000014	0.053564040726853432	0.18186310787891533
3.7200000000000002	0.18546711785391712	0.98940616859012298	0.88407621991873808	0.66649170760670251	23.461306318648081	265.88996473734761	816.3516177049936	21.218818568114564	255.43903822657813	745.87460875997044	97.419999999999987	92.509999999999991	90.539999999999992	0.053447821163425079	0.18161133157776149
3.7400000000000002	0.32624787802687572	0.98930397021719185	0.88451355239152496	0.66676241471679099	23.43646575246391	265.25833488388491	823.13706885858483	21.259728806666999	254.76277436125883	747.19224611953393	97.409999999999997	92.5	90.629999999999995	0.053332171321657726	0.18136018398350748
3.7600000000000002	0.17829373702937912	0.98911109919257389	0.88509305940157579	0.66670054331757034	23.660988553634276	264.84359506770681	818.58137135276058	21.275495426828194	254.11548759492652	748.49808235757848	97.429999999999993	92.460000000000008	90.680000000000007	0.053217199682693062	0.18110963783588993
3.7800000000000002	0.27669515543817902	0.98893197842945679	0.8852587282477129	0.66585742232851719	23.082811324556566	270.06390835917682	816.40282633021866	21.309573486484254	252.96014389268606	753.73377297454022	97.359999999999999	92.549999999999997	90.710000000000008	0.053103087710971039	0.18085914032877506
3.8000000000000003	0.42866821857685145	0.988795950817004	0.8851544213204221	0.66412602778853191	23.802455747404185	270.25589024046013	822.5459558914979	21.232799523173071	253.87768725705934	759.24240241192456	97.429999999999993	92.559999999999988	90.870000000000005	0.052989679826667649	0.1806087344190152
3.8200000000000003	0.25055958044434545	0.98865842900356904	0.88419503595409954	0.66269133549218495	24.151186813510243	272.09854027469015	818.78134705264074	21.329337226491376	255.68299939473604	763.80984536644576	97.47999999999999	92.640000000000015	90.840000000000003	0.052876788246426921	0.18035873290557478
3.8399999999999999	0.38753872903935721	0.98845733362290145	0.88326152116083567	0.66126360718011834	24.082731980087605	271.99254959251385	814.20253633779612	21.471102242623218	256.88866487841608	765.81362021270638	97.460000000000008	92.590000000000003	90.829999999999998	0.052764130126449107	0.18010846163763544
3.8599999999999999	0.29813397286202514	0.98830279235319163	0.88306442836082744	0.65982801091662202	24.331127393248511	273.56968559268017	812.89906324868321	21.445099771465401	257.64037451743042	763.20080589715883	97.480000000000004	92.619999999999976	90.800000000000011	0.052651920400295336	0.17985853891171211
3.8799999999999999	0.35509998013967126	0.98812609812608687	0.88331467466736291	0.65866171830501874	24.682240600186585	270.80559977266392	815.02906126394066	21.479225371614604	260.28805646681843	759.52000911505866	97.530000000000001	92.509999999999991	90.810000000000016	0.052540092348745848	0.17960880670604312
3.8999999999999999	0.48709109651406507	0.98808657871499683	0.8825421972852503	0.65703600156007236	24.043648754191942	270.09690855468881	815.27234858315819	21.502638737482663	261.44791347564524	758.89911682338004	97.450000000000017	92.449999999999989	90.820000000000007	0.052428471506823372	0.17935859637862842
3.9199999999999999	0.43223513560749571	0.9879751729037467	0.88065314814632634	0.65468478407626773	24.202521118619611	270.81435481966361	826.53329221061301	21.342740854534906	261.93193393892682	756.26764793744383	97.420000000000002	92.490000000000009	90.929999999999993	0.052316924556029265	0.17910721458077355
3.9399999999999999	0.34598695836374882	0.98782975573550724	0.87851655429062769	0.65247526334951145	23.31650998518726	270.07743822117516	828.24893890764201	21.396418664263301	263.23033405723356	754.60035685556488	97.299999999999997	92.450000000000017	90.939999999999998	0.052205468792437634	0.17885479404709964
3.96	0.56934770014375335	0.98746611494367209	0.87586385037283443	0.64986082895907404	23.358370719851386	267.88151901561685	825.69836656888879	21.393557768433972	264.81568615274898	755.78420126498281	97.299999999999997	92.429999999999993	90.940000000000026	0.052094051267061625	0.1786015865338024
3.98	0.6804557519165898	0.9869760476821513	0.87313529091355202	0.64646915088970491	22.86245626422696	273.28962510148074	829.36148406285815	21.472747993901756	266.28961052853458	757.15047729561616	97.219999999999999	92.629999999999995	91.010000000000019	0.051982487934065694	0.17834700577665355
4.0	0.72059666064168659	0.98664448336750987	0.87198548908638818	0.64446736749435529	23.370209501030846	270.59814697070806	830.53582135967918	21.571471914976485	267.02761733735315	760.58239777764356	97.279999999999987	92.509999999999991	91.039999999999992	0.051869656900171167	0.17808659610132166
