weight	lyapunov	err1	err2	err3	m1	m2	m3	std1	std2	std3	null1	null2	null3	f	stdf
0.0	nan	0.71358888405009635	0.067387316892195487	0.0032089410832744749	0.27630261987214333	1.8166604569429883	4.0152135219796001	0.21250145883958452	1.3771303095440393	3.044316006445003	9.379999999999999	1.5599999999999998	0.80999999999999994	0.99999526930594895	0.10001314740855713
0.02	-1.0	0.72920578809069048	0.13158468554310215	0.016763217866858429	0.32801216872748745	2.2921013899379559	4.4437439013144342	0.25143405729862306	1.7278083009112997	3.3486464125588946	8.3000000000000007	1.1799999999999999	0.67000000000000004	0.55292929390483048	0.10172666953563998
0.040000000000000001	-0.33316543840684687	0.76061796980779584	0.26723646352469094	0.057699056991590461	0.3838036719093641	2.7678538828545185	4.9201275117934831	0.29630891925833153	2.1012144287019119	3.7358638271058178	6.9199999999999999	0.89000000000000001	0.53999999999999992	0.38211178277733687	0.103180991402454
0.059999999999999998	-0.21874870246659683	0.79034476577662538	0.40623887180943169	0.10582639359389971	0.40761323325356014	2.9506796380921729	5.1927481935517479	0.31635597802716264	2.2739975607102374	4.2473344006489846	7.0499999999999998	0.99999999999999978	0.51000000000000001	0.29200538679966959	0.10359522131897433
0.080000000000000002	-0.19781047581235212	0.8123024089536468	0.51371678302609747	0.14276972381030284	0.41045534867992134	2.9665595669010916	5.3806163978994048	0.32510819254713458	2.5292420787936014	6.6662840163836226	7.3800000000000008	1.02	0.51000000000000001	0.23645307763504303	0.10274731116421672
0.10000000000000001	-0.21951624754513324	0.82678855730094836	0.58995913649063014	0.16953802786011313	0.40627923838047125	2.9448760954727442	5.4737010565979869	0.32864989290639829	2.5343093275942055	5.7227021002308005	7.4300000000000015	1.3300000000000001	0.72999999999999987	0.19884919342571733	0.1009330429603025
0.12	-0.23006217374453061	0.83597849263699597	0.64435513384208909	0.19059581790060418	0.40780397014778258	2.9706224982378027	5.7780042182422822	0.33477340503095643	2.9708883102437356	7.496072349613641	8.4799999999999986	1.4799999999999998	0.66000000000000003	0.17173284864531072	0.098565663874507714
0.14000000000000001	-0.23976383213017763	0.84219543637926331	0.6840712218744025	0.2069620466213668	0.41545049448225796	3.0117635733318258	6.3334056754759445	0.35010382589480937	3.177341421684245	10.931811625509008	9.8599999999999994	1.9300000000000002	0.89000000000000001	0.15125964401004618	0.095958199826083071
0.16	-0.23069173748350524	0.84675793578596248	0.71355058387939641	0.21957451885708851	0.42357176150023079	3.101307681492814	6.8944122465058939	0.36620704143932264	3.6929797595334461	14.098773755181185	11.23	2.3899999999999997	1.2799999999999998	0.13525290602809412	0.093305266355337646
0.17999999999999999	-0.23398549933566429	0.85007271744978774	0.73653317349017289	0.23042962738561398	0.43734710112790731	3.1887382963574411	7.6401940902609393	0.38993015010351761	4.1302856495621381	17.720394804000552	13.1	3.02	1.4999999999999998	0.1223912942598923	0.090711655758997464
0.20000000000000001	-0.24962600428608628	0.85290747524872368	0.75499714072027424	0.24038557028028723	0.44701529092433095	3.2538168425417595	8.3904654497365794	0.41467513818297813	4.1874775243121238	19.346073794434556	14.15	3.5299999999999998	1.8500000000000001	0.11182721768792732	0.088230401687071386
0.22	-0.24118211800121961	0.85563483760698933	0.77019644793123732	0.24983826214717345	0.46143393128364074	3.3503545176968772	9.3098986872382365	0.44319107865400592	4.4275756964353921	24.090507387532444	15.660000000000002	4.5999999999999996	2.2499999999999996	0.10299261978850012	0.085884554577101785
0.23999999999999999	-0.25784279839861485	0.85820799211301091	0.78311267349660962	0.25871690428363103	0.47321016496771967	3.435217570857128	10.127965023635985	0.46417726102780732	4.4992148671639409	27.321374290395681	16.349999999999998	5.169999999999999	2.4699999999999993	0.095492644976073709	0.083680384591646603
0.26000000000000001	-0.24561663289970789	0.8603450443401961	0.79429000710693665	0.26705930177552373	0.49145734518924644	3.5100517357035357	10.72144060591816	0.48237788908414958	4.6312726464139953	27.268199078597224	17.970000000000002	6.0200000000000005	2.98	0.089044362985276432	0.081615174634038654
0.28000000000000003	-0.25099020867066779	0.86228458256122242	0.80418163774361417	0.27490816903592169	0.50409167951876155	3.5818241289193926	11.300925385024964	0.49443875750430866	4.7132776539847292	26.762240732230243	18.759999999999998	6.6799999999999997	3.3899999999999997	0.083439704969353629	0.079682374031615835
0.29999999999999999	-0.2399284046883329	0.86416703224382574	0.81283671643844357	0.28272141259216765	0.51940878091603415	3.6769001453059134	12.015977138810056	0.50563856018571063	4.8585909323761252	29.335638674614721	20.040000000000003	7.7900000000000009	4.1900000000000004	0.078522235386558198	0.077873513263800667
0.32000000000000001	-0.25544185790214052	0.86579004257178005	0.82062023262709438	0.29098369809713953	0.53730094507310944	3.7647965895724873	12.829682915955482	0.52201640760071999	4.9482927597484903	30.140224576911095	21.660000000000004	8.8399999999999999	4.8300000000000001	0.074172046778413839	0.076179390779645237
0.34000000000000002	-0.2430122974564406	0.86716425834173694	0.82766342997387654	0.29917821723566373	0.5498452338421459	3.801434599502227	13.484606909621395	0.5470934289545214	4.9546878159758858	30.914364620671439	22.210000000000001	9.4100000000000001	5.2900000000000009	0.070295661115567079	0.074591114382504445
0.35999999999999999	-0.24718444042869578	0.86844845391911429	0.83395594021332298	0.30712556413476821	0.56581340970414873	3.852127217166923	14.376440768680592	0.57499425492214784	4.9775872211078678	33.425043248417012	23.490000000000002	10.610000000000001	6.0699999999999994	0.066819173342580945	0.073099681864473548
0.38	-0.24704102478587789	0.86962485805054879	0.83951169749724974	0.314603353761094	0.58052193755222969	3.9105652731734275	15.186647965536682	0.59042091034391786	5.0145303004877064	35.550773837906647	24.789999999999999	11.860000000000001	6.6500000000000004	0.063683325685084072	0.071696864091167462
0.40000000000000002	-0.23894648493617013	0.87075533566166885	0.84458259984931616	0.32164306702423123	0.59121124240413025	3.9663797135054013	16.05531563336611	0.59296556247186971	5.0708316097018464	36.741980802904074	25.649999999999999	12.570000000000002	7.330000000000001	0.060840066559445904	0.070375168512099434
0.41999999999999998	-0.25494236423228794	0.87193170702052947	0.84930858898580863	0.32872966949938742	0.60574354630140059	4.0374836944470855	16.676666410061792	0.59274127546023103	5.1152488886053886	37.096744468092233	27.030000000000001	13.74	7.6399999999999988	0.05824998676328378	0.069127852681388324
0.44	-0.24923309412805317	0.87306009653617844	0.85369306802723133	0.33574174029632198	0.61886297544399782	4.0821350475076574	17.227625593245421	0.59942098172031366	5.1583478249362757	38.148247618012036	28.119999999999997	14.430000000000001	8.3000000000000007	0.055880501295628729	0.067948669137688794
0.46000000000000002	-0.25491407943995165	0.87398880143475477	0.85769709242829584	0.34269505917385662	0.6374631955635004	4.1419933445688608	17.857854991715378	0.60984395190634033	5.1772528654004146	40.155096517154881	29.489999999999998	15.49	9.0099999999999998	0.053704393233622895	0.066832162194756919
0.47999999999999998	-0.24255732247804895	0.87486610146447086	0.86138150966509952	0.34935371251340741	0.65017334427001672	4.1905549776231137	18.522259794553424	0.61452402264089268	5.2041394513815558	41.751051427590525	30.350000000000005	16.219999999999999	9.6900000000000013	0.051698760507236777	0.065773474986543373
0.5	-0.24380075130266288	0.87578360860994342	0.86479008834026916	0.35590298074198534	0.65725287390305565	4.2728806522742939	18.89162360680033	0.62383585381781737	5.2528769789886329	41.505601714115578	30.889999999999997	17.52	10.32	0.049844183143681317	0.064768130833876475
0.52000000000000002	-0.24286843797351873	0.87656917812916624	0.86795766310324685	0.36241114649156547	0.67177866660482488	4.3219509791936135	19.238953058878707	0.6387254900700835	5.2776567903458735	41.119686830649812	32.200000000000003	18.350000000000001	10.91	0.048124097747681623	0.063812249926265191
0.54000000000000004	-0.25104694837754743	0.87725404791184869	0.87088276792547692	0.36868958844408589	0.68667847132354454	4.3686493952519729	19.754071895566831	0.65184468991264111	5.3190297814070489	42.285608676180516	33.340000000000003	19.259999999999998	11.709999999999999	0.046524279698972361	0.062902251375270626
0.56000000000000005	-0.25144794095662343	0.8778550535992995	0.87356687564755053	0.37472107440912611	0.69954411359166468	4.4067245468917831	20.351067162795765	0.66263331204007958	5.3959959845129823	44.069229424194731	34.25	20.149999999999999	12.510000000000002	0.045032453521498192	0.062034940045664157
0.57999999999999996	-0.24753251509843596	0.87842010452288366	0.87605252279496693	0.38057896699475735	0.7112811612748704	4.4552114041206643	20.805766055247993	0.67556192984528651	5.4695703153786255	45.122453000365695	35.07	21.109999999999999	12.869999999999999	0.043637962047093762	0.061207453323127034
0.59999999999999998	-0.24157833045601432	0.87897081714674152	0.87845310225982653	0.3864894473725905	0.72681706585525663	4.4996417634694241	21.210918617194118	0.69198049901717384	5.5254699465295776	43.861344975639426	36.070000000000007	21.909999999999997	13.84	0.042331508536585634	0.060417097260350237
0.62	-0.24035856146861601	0.8794759093554585	0.88081316072645088	0.39260025314435515	0.73270957471652132	4.547288969156364	21.43047088408488	0.70736020232150598	5.5279413803236608	43.728074661176684	36.259999999999998	22.82	14.580000000000002	0.041104955813103292	0.059661414357374876
0.64000000000000001	-0.25650226123848352	0.87995662944937225	0.88306896223792941	0.39880667651722518	0.75006962031304003	4.583889239920774	21.880200026009827	0.72198822899466486	5.5265732751102368	44.399226802899946	37.539999999999999	23.620000000000001	15.199999999999999	0.039951142249060087	0.058938179698291425
0.66000000000000003	-0.24105502197671461	0.88037960487645661	0.88521911676520715	0.40490642550639305	0.76230667530465956	4.6072819604630535	22.223053488992758	0.73718697952014955	5.5296164775157051	43.973481558829192	38.380000000000003	24.309999999999995	15.98	0.038863732274282747	0.058245380933037362
0.68000000000000005	-0.23391713682837445	0.88080729444289396	0.8872172184756808	0.41095295330624981	0.77775112333725049	4.6398777705333769	22.374802580855356	0.74831266505446137	5.5480564499764622	43.038235903686179	39.420000000000002	25.080000000000005	16.650000000000002	0.037837123005091983	0.057581109180780687
0.70000000000000007	-0.23498446476519799	0.88125130991676492	0.88907505745496829	0.41690994979770801	0.78380964294822353	4.6795524010234839	22.806405367099671	0.75935947813995386	5.5507330351820254	43.581207524776197	39.890000000000001	25.880000000000003	17.41	0.03686631826628918	0.056943614260367134
0.71999999999999997	-0.24008113412356008	0.88168957022651928	0.8908309883586133	0.42278546891380736	0.79545830260517281	4.7021705319976119	23.285063186583439	0.77441467443062739	5.6011878704377613	43.896756604978322	40.849999999999987	26.659999999999997	18.059999999999999	0.035946856355149895	0.056331549797522404
0.73999999999999999	-0.2307476599255486	0.88211199133231055	0.89251101776819097	0.42869165665284414	0.80250159701428669	4.7397476607897584	23.798042077050788	0.79110245182403405	5.676238390470723	44.929660533853223	41.420000000000002	27.619999999999997	18.780000000000001	0.035074744718868879	0.055743357222596532
0.76000000000000001	-0.24602178557490476	0.88251442441870398	0.89412808688110046	0.43464476128512014	0.81461135890348879	4.7787539465250912	24.190785736182765	0.80494143110657779	5.7577381515960644	45.632740892574255	42.259999999999998	28.569999999999993	19.199999999999996	0.034246391771303661	0.055177602621062846
0.78000000000000003	-0.23187939615195435	0.88282318342520827	0.89569751142423792	0.44057414444462484	0.82482022620189288	4.804971643168102	24.413083561158999	0.81691349015589976	5.829022684271755	45.405909802217664	42.970000000000006	29.220000000000006	19.940000000000001	0.033458562523205046	0.054633109508622303
0.80000000000000004	-0.24368924659942845	0.88305252391297451	0.89723933899937214	0.44650881275419474	0.83596094921946751	4.8364866959788442	24.596204119072134	0.83063101074434376	5.8867876295516179	45.562129612697177	43.670000000000002	29.949999999999999	20.550000000000001	0.032708339966145243	0.054108673513743252
0.82000000000000006	-0.23897880993834375	0.88328837041637109	0.89874761192410291	0.45243958030324133	0.84509195330437359	4.8439256885966433	24.840641095596318	0.8422780640933597	5.9278638406370883	45.41209620745682	44.160000000000004	30.580000000000005	21.039999999999999	0.031993077773054109	0.053603146329851928
0.83999999999999997	-0.23908516873175623	0.88349862873068596	0.90019297763779327	0.45833531224050567	0.86292931725348754	4.8647509292650479	24.984543232577558	0.85283751326366242	5.9727172862188223	44.663022783178505	45.289999999999999	31.389999999999997	21.879999999999995	0.031310375349128852	0.053115424867258752
0.85999999999999999	-0.25152338719370243	0.88374447023391267	0.90160973073901418	0.46425605354595662	0.86836242071618341	4.9163302022165398	25.107704033466394	0.85860098326268519	6.020569355470502	44.26268889154413	45.600000000000001	32.560000000000002	22.660000000000004	0.030658045581743114	0.052644617113954205
0.88	-0.22402183296064823	0.88401198367650324	0.90294158505116473	0.47034808851273524	0.87574100154249179	4.9348565504903839	25.361682249504142	0.86203165237047175	6.0558295810982745	44.364413041893918	46.119999999999997	33.289999999999999	23.460000000000001	0.030034091631569709	0.052189822492041446
0.90000000000000002	-0.24612358254234212	0.88432361412540605	0.90417445049158085	0.47651839948273267	0.88473479954656198	4.9784111924178891	25.434166016906818	0.86607571534580052	6.0864815938840104	44.450263697493668	46.760000000000005	34.269999999999996	24.029999999999998	0.029436689621857397	0.051750215457581662
0.92000000000000004	-0.22835564169350303	0.88465236256310487	0.90532047958601258	0.48273869427605176	0.88995402440399507	5.000910582171187	25.776459144983431	0.87110090092263215	6.0765692225965058	45.075437026688753	47.210000000000001	35.059999999999995	24.870000000000005	0.02886416973866986	0.051324883664815371
0.94000000000000006	-0.23073874758813973	0.8849333581903901	0.90640081162226838	0.48898104211287829	0.90388230537717007	5.0116441676207311	26.018499271505767	0.88324487254755302	6.0605001000808754	45.445423765590299	48.170000000000002	35.770000000000003	25.390000000000001	0.028315001967343201	0.050912986870256416
0.95999999999999996	-0.22810385123125071	0.88517175468860998	0.90741370996737092	0.49500031892365887	0.91226782747004032	4.9912899524782093	26.136973366163794	0.89699130696310436	6.0535479014564206	45.562794347220226	48.809999999999995	36.119999999999997	25.919999999999998	0.027787771805032675	0.050513719263982584
0.97999999999999998	-0.22589103899142424	0.885340918105195	0.90838823889611375	0.50096362903467173	0.91931184485368811	5.0056166366364296	26.155320113108541	0.90853799427240189	6.0768921990065623	45.274461338692646	49.329999999999998	36.950000000000003	26.639999999999997	0.027281183389854767	0.050126437502826457
1.0	-0.22273049379076215	0.88546963377755183	0.90936230959803732	0.50692415612431185	0.92234698269135151	5.0328880432347782	26.158566284849144	0.91723668256385904	6.1132327617879962	44.661289581190452	49.609999999999999	37.659999999999997	27.57	0.02679404002144601	0.049750451458934412
1.02	-0.24238078141205063	0.88560387338911928	0.9103061215485182	0.51285598574381441	0.93510872857912608	5.0755249819990391	26.014419128018837	0.92350449679483559	6.1428334287718442	43.619376153976077	50.390000000000001	38.479999999999997	28.070000000000004	0.02632523627079586	0.049385102164850134
1.04	-0.2396332735475579	0.88578490752042993	0.91122233025226951	0.51878453495711629	0.94539697041495097	5.1028706353839315	25.876175039993239	0.92700077797376768	6.167541223099799	42.536924968400385	51.010000000000005	39.11999999999999	28.609999999999996	0.025873748232416165	0.049029708863533299
1.0600000000000001	-0.22855282616892958	0.88601048648859759	0.91209223839222364	0.52475814309575697	0.95257348833350086	5.0985116120867495	25.808002999111334	0.93088689997273444	6.1726377453313397	41.702422093691872	51.439999999999998	39.410000000000004	29.399999999999995	0.025438623507137402	0.048683659165100569
1.0800000000000001	-0.21809041492853198	0.88625612923574726	0.91289810219951339	0.5306072140027942	0.96329515096188056	5.1162617655757971	25.876852234572919	0.93619747668683362	6.1844835642562277	41.465990886912088	51.979999999999997	40.039999999999999	29.950000000000006	0.025018981216839081	0.04834647980671241
1.1000000000000001	-0.22210109085324567	0.88649733407840825	0.9136442327098655	0.53637989877252967	0.96532420688133969	5.1363591257097028	25.927970869001609	0.94594476317919773	6.2187607284974042	41.192400108553791	52.129999999999995	40.709999999999994	30.440000000000005	0.024614008850044555	0.048017677580238491
1.1200000000000001	-0.218973502574249	0.88671708080546652	0.91433756400974642	0.54205681302284148	0.97724689724392833	5.1568449015687419	26.014337063154688	0.96164458269194097	6.2518867028222749	41.129531323093772	52.740000000000009	41.230000000000004	31.119999999999997	0.024222944563914255	0.047696799562859188
1.1400000000000001	-0.21482435657819474	0.88688522416250704	0.91500079731388639	0.54765560283396397	0.98664854537459978	5.1674855658208116	25.997292443072432	0.97583824514930551	6.2722243708877592	41.293095817820358	53.25	41.610000000000007	31.610000000000003	0.023845076681457272	0.047383452552166749
1.1599999999999999	-0.21739213989148998	0.88699704338486673	0.91564585281162092	0.55313951969244823	0.99800909506301871	5.188369633364398	26.078515438061732	0.98881206500781893	6.2893995376006178	41.387359229105428	53.789999999999999	42.200000000000003	32.100000000000001	0.023479742574877258	0.047077237935773134
1.1799999999999999	-0.20642904885514468	0.88709362606584408	0.91626901408181338	0.55851015670234083	1.0075628759258619	5.2024124266560854	26.169203372868044	1.0000587173361546	6.2960648035235511	41.304244086168509	54.239999999999995	42.739999999999995	32.560000000000009	0.023126328404904251	0.046777968901378128
1.2	-0.22463326914866855	0.88719833281948068	0.91688897173999595	0.56383489253896846	1.0143492945391464	5.2271484280403628	26.179036730028304	1.0088386462256884	6.2804812245072528	40.948875620249325	54.600000000000001	43.420000000000002	33.149999999999999	0.022784256156095327	0.046485366132254076
1.22	-0.19809588294105271	0.88733121090212153	0.91746982422329049	0.56897238423654284	1.0269480266863418	5.2399101743240388	26.240134337821424	1.0165867781658631	6.2545070043144566	40.826004765820912	55.229999999999997	43.999999999999986	33.859999999999999	0.022452987580915358	0.046199199810030053
1.24	-0.20898432389966357	0.88751733558366808	0.91800933663007489	0.57398805395252117	1.0365115968200422	5.2334395107214799	26.368397167833756	1.0253064336562343	6.250329491288567	40.842079319884029	55.680000000000007	44.450000000000003	34.420000000000002	0.022132017204574733	0.045919242054733307
1.26	-0.20124005312455401	0.88770226356226201	0.91852393891453821	0.57899635034808183	1.047298318136773	5.2395830758531829	26.449013821448773	1.0346776649934704	6.2563026725746393	40.829316777503472	56.170000000000002	44.890000000000001	34.850000000000001	0.021820874810473737	0.045645435843913083
1.28	-0.20393237391336289	0.88784696104372851	0.91902158248858434	0.58401237894354741	1.0541981203758033	5.2729422668996486	26.476564861603265	1.0447712744637214	6.2442492483059873	40.756195339905652	56.489999999999995	45.589999999999996	35.32	0.021519118260316585	0.04537765183964345
1.3	-0.204178362892346	0.88794636788205916	0.91949941340873664	0.58890912707640408	1.0601401156713108	5.2881435455187624	26.56688261883312	1.0556476655021658	6.2216111443530142	40.686309545679833	56.799999999999997	46.099999999999994	35.950000000000003	0.0212263314436715	0.045115718423380781
1.3200000000000001	-0.19489409141103126	0.88801589863354591	0.91994352912763921	0.59365370632632586	1.0684926369823107	5.3074235490782851	26.569969876132724	1.0658724434691802	6.2012188958886547	40.515680462092462	57.189999999999998	46.670000000000002	36.420000000000002	0.020942129893797991	0.044859592557072434
1.3400000000000001	-0.19068020985903167	0.88808271305818209	0.92035402183335824	0.59824357210479984	1.0741624477284604	5.3144223926701795	26.462821735494828	1.07434986866906	6.1948979488449352	40.049787137173027	57.489999999999995	47.090000000000011	36.88000000000001	0.020666144263748031	0.044609101522246015
1.3600000000000001	-0.18894745825241804	0.88814892599600859	0.92073436615018189	0.60272666278460796	1.0802395537339409	5.3272806201415372	26.414587497803808	1.0801574733155352	6.2009258523320039	39.969458044907391	57.820000000000007	47.509999999999998	37.329999999999998	0.020398030948879958	0.044364144234523929
1.3800000000000001	-0.18859818464908035	0.88820455977728086	0.92109406055997733	0.60704465184014222	1.0893805746855478	5.3207151340878074	26.529959496091067	1.084973143064244	6.2099708725514571	40.083546986141251	58.229999999999997	47.710000000000001	37.859999999999999	0.020137464102383453	0.044124561520949609
1.4000000000000001	-0.17543268506636395	0.88825977005447965	0.92142945626094763	0.61125914739960918	1.0962788360758433	5.3242989297554031	26.663080482599291	1.0909663124563915	6.2240740162584398	40.165612282058127	58.579999999999998	48.049999999999997	38.210000000000008	0.019884140385062678	0.043890155900885915
1.4199999999999999	-0.1944022864178698	0.8883138671663986	0.92172895687570244	0.61535148222624181	1.1105050081983427	5.3323668620826963	26.772913132815894	1.0995046650479192	6.2450723848437617	40.235307287041529	59.179999999999993	48.480000000000004	38.520000000000003	0.01963777353542194	0.043660641025464755
1.4399999999999999	-0.18302631669367894	0.88836866635101308	0.92198137740740993	0.61933593379542162	1.1193743570535539	5.338870864825644	26.889384528799866	1.1104333069707786	6.2745240085213343	40.371173745923286	59.550000000000011	48.850000000000001	38.850000000000009	0.01939808800222044	0.043435741345973396
1.46	-0.17659737473540671	0.88841737665983322	0.92220701044602593	0.62300491013933357	1.1285117930867179	5.3697354250559695	27.007341853655277	1.1232093590272132	6.306348782545582	40.429759439231262	59.890000000000008	49.359999999999999	39.230000000000004	0.019164822108020244	0.043215180991806906
1.48	-0.18315988467887975	0.88846212879127739	0.92240482501080723	0.62658297331637325	1.1314777962737808	5.3948530870859202	27.087992230336585	1.13569455513433	6.3294560963867896	40.671155131887197	60.039999999999999	49.840000000000003	39.649999999999999	0.018937722585571519	0.042998529628320278
1.5	-0.17600308194362177	0.8884915610708799	0.92256910944346993	0.6299467106332306	1.1371725581752254	5.419807024644216	27.24259665049977	1.1489088543242305	6.3611079280755662	40.756249917468963	60.289999999999999	50.290000000000006	40.13000000000001	0.018716545479200399	0.04278528228644296
1.52	-0.17472513469936324	0.88851091191007736	0.92269557319828288	0.63319708837914612	1.1426367648793982	5.4539784266766693	27.403605215040823	1.1635319837134555	6.3992248410555614	40.710099879877227	60.520000000000003	50.82	40.470000000000006	0.018501055682037078	0.042575107320760544
1.54	-0.17707833321688146	0.88852641848945024	0.92280172613315581	0.63630631294315942	1.1509570809943439	5.4706512333123891	27.461777336246342	1.1772780980353932	6.4260036228529653	40.628191344671087	60.799999999999997	51.140000000000001	40.799999999999997	0.018291023692817605	0.042367473195187154
1.5600000000000001	-0.171186274765213	0.88853197997972555	0.92289199471444117	0.63924252747365817	1.1563352384339691	5.5112077254445841	27.526959904921501	1.1905728004659981	6.547448807919781	40.660893647016259	60.970000000000006	51.549999999999997	41.189999999999998	0.018086232386119928	0.042162021205705204
1.5800000000000001	-0.15872223982333028	0.88852337224921085	0.92294292356114072	0.64199973927236698	1.1667251016054414	5.5452288150259701	27.431448639321637	1.2037674030558094	6.6782396156047863	40.447426695619889	61.310000000000002	51.960000000000001	41.420000000000002	0.017886474591261137	0.041958339188386609
1.6000000000000001	-0.16145708418354363	0.8885012873935294	0.92291951279881501	0.64450717201095897	1.1762297561356863	5.5869616456250322	27.41636185615392	1.2176837804865102	6.7972688958800944	40.124629377677429	61.640000000000001	52.379999999999995	41.859999999999999	0.01769154644742614	0.041755880226769557
1.6200000000000001	-0.12974850992953013	0.88846152398772327	0.92283469635088822	0.64677887312288185	1.1823646423168264	5.645137948669622	27.352598094070373	1.2321897862367754	6.8170530064199797	39.740386403959938	61.839999999999996	52.899999999999999	42.200000000000003	0.017501263654812214	0.04155432452656508
1.6400000000000001	-0.14577224554609239	0.88840110458465971	0.92266081599512528	0.64858749616589684	1.1952045464647483	5.6850306986340255	27.280933465609518	1.2434105552160273	6.7616791430320848	39.584030044996148	62.25	53.270000000000003	42.540000000000006	0.017315472555463153	0.041353760798966521
1.6600000000000001	-0.14174499138016458	0.888302147499062	0.92239052043330716	0.64958061479153506	1.2006223258531272	5.6712699320081814	27.351894312665486	1.2503218455314535	6.668868299823794	39.425972129739066	62.469999999999992	53.210000000000001	43.120000000000005	0.017134044138670815	0.041154641413214087
1.6799999999999999	-0.15033550314654726	0.88816883864779173	0.92203349754439468	0.64954212201890338	1.2021558027189301	5.7055421143855707	27.27388474795227	1.2558122525957334	6.6918397369543765	39.110941602067633	62.600000000000001	53.479999999999997	43.429999999999993	0.016956786497788721	0.040956785360287719
1.7	-0.12696955888615488	0.88803227525300488	0.92170265018276998	0.64854225789232856	1.2030673258898603	5.7456838071752419	27.498051710621006	1.259196610580241	6.8354411959536305	39.186567476743846	62.760000000000005	53.730000000000004	44.020000000000003	0.016783599242944602	0.040760871844980916
1.72	-0.12034089514089268	0.88790932265105393	0.92140389575896064	0.64690668909228355	1.209884377307038	5.7669332699052358	27.508430961793728	1.2604963991260298	6.9328135994450317	39.251441175970839	63.100000000000001	53.890000000000001	44.079999999999998	0.016614328738050375	0.040566571281104954
1.74	-0.10235096647217087	0.88778970441967131	0.9211295075990884	0.64557205252317185	1.2184746296484548	5.7815641430850331	27.583198266061906	1.2584166561161763	6.9944077421394697	39.38818574366686	63.45000000000001	54.020000000000003	44.310000000000002	0.016448784037622281	0.0403724433437734
1.76	-0.095122818218341801	0.88763382825095594	0.92090974047263519	0.64560189314644312	1.2223265022171101	5.8445240833938836	27.676309195580501	1.2576928064486368	7.0398369668653302	39.378556373959796	63.689999999999998	54.470000000000006	44.649999999999999	0.016286659950793182	0.040172861261955697
1.78	-0.062890806180086176	0.88738531688543421	0.92061194710711836	0.64604671684705928	1.2289622136886968	5.8749726616363773	27.746934301183352	1.2664164020422986	7.0550990121861163	39.115562773166651	64.039999999999992	54.669999999999995	44.950000000000003	0.016127608175160353	0.039958927475037306
1.8	-0.072194745064049146	0.88724191591506363	0.92036959057575118	0.64794546764015193	1.230164722546049	5.8754087562176203	27.700184868246879	1.2799385924043736	7.0409350770856305	39.117921402372168	64.140000000000001	54.739999999999995	45.269999999999996	0.015971808383042158	0.039750073567647544
1.8200000000000001	-0.063454145083057495	0.88697293877053485	0.92000245219926546	0.65216255999316242	1.2399200593611241	5.9092251705017604	27.549896741716271	1.2927000976055258	7.036973278894874	39.116083797313408	64.509999999999991	55.140000000000001	45.490000000000002	0.015818903243076186	0.039530943308753577
1.8400000000000001	-0.043706107719352766	0.88664141148458664	0.91936792541469425	0.65344497838646354	1.2446314475331257	5.8970540395908326	27.469702126447846	1.302354782330261	7.0093167734879929	38.822496309792449	64.680000000000007	55.029999999999994	45.740000000000002	0.015669380195745954	0.039312534925560444
1.8600000000000001	-0.025555323658202941	0.88628870486843181	0.91856223917656321	0.65303079343183668	1.2517009302667521	5.9193635684338908	27.579956929840598	1.313780566008717	6.9970282114655022	38.980129547063378	64.920000000000002	55.280000000000008	46.149999999999999	0.015523276822023192	0.03910119216511173
1.8800000000000001	0.072388610596483813	0.88605040966337612	0.91756648702490973	0.6503172966452565	1.2586364912147323	5.9582868352495186	27.523687731604308	1.3284752163740166	6.964545805838843	39.00432776404238	65.200000000000017	55.679999999999993	46.280000000000001	0.01538060190754891	0.038910036701019467
1.9000000000000001	0.036506527843723061	0.88577558481791596	0.91685387465370261	0.65433357535097603	1.2607273333512032	5.9457622119311662	27.550148085219679	1.3308130295149425	6.9446904075817653	38.328009454604327	65.269999999999996	55.689999999999998	46.530000000000001	0.015240542312125998	0.038697934213643322
1.9199999999999999	-0.059679955374295296	0.88497019938514632	0.91557016213125775	0.65360073371534833	1.2656189403653684	5.9738281253326333	27.306725091237702	1.3321354628514024	6.9335436159272774	37.548031794407528	65.390000000000015	55.850000000000001	46.480000000000004	0.015102986832190534	0.038474985023604732
1.9399999999999999	0.059366805683726029	0.88418599063154024	0.91407872669199075	0.64889459611369671	1.2757348460473259	6.0104403091488781	27.185386642403	1.3356178981880529	6.9480546536997227	37.248539764162231	65.609999999999999	55.979999999999997	46.679999999999993	0.014968179268784821	0.038247493593108368
1.96	0.012992110761127258	0.8836361776045123	0.91231167285325743	0.64192012025338796	1.2814147409329097	6.0218884035074201	27.032636076324888	1.3352966692126798	6.9473535147419838	37.13392763463402	65.799999999999997	56.020000000000003	46.660000000000004	0.014835839758288968	0.038056392027055255
1.98	0.11705690873211472	0.88285927682801613	0.91029103639569142	0.63856761222117009	1.2818379517912273	6.0424848597061978	27.050093638562949	1.3314800361325012	6.9633871362240551	37.014837241661709	65.86999999999999	56.200000000000003	46.980000000000004	0.014705722732057344	0.037826912877961597
2.0	0.17072377237851671	0.88240821232805633	0.90804310204978411	0.63584054616133456	1.2745871563519884	6.0415021158033992	26.841983626653882	1.3217257973400873	6.967515047242081	36.450248838362995	65.629999999999995	55.970000000000006	47.110000000000007	0.014578412193838338	0.037602497126312154
2.02	0.077532749924269187	0.88204568431867203	0.90724053046722908	0.63557229762092293	1.2795949049595716	6.0832745411499873	26.835263138468196	1.317923803332437	6.938905204375887	36.719307722996	65.689999999999998	56.260000000000005	47.329999999999998	0.014453770119341205	0.037386288815906943
2.04	0.18513980336957861	0.88107049230947287	0.90658124408523622	0.62876830079714374	1.2852129489912476	6.0995596450353897	26.936930389433293	1.316657868831328	6.8881478636115911	36.887354589580006	65.689999999999998	56.240000000000009	47.339999999999996	0.014331406251775749	0.03714762159650016
2.0600000000000001	0.088667996464768487	0.87713921122839233	0.89006475026458554	0.61506318573193419	1.2966827877738709	6.153950151332098	26.725712857088922	1.3246126321647722	6.9357525822032331	36.257800243789113	65.750000000000014	56.399999999999999	46.789999999999999	0.01420944660959938	0.036692585076342536
2.0800000000000001	0.14852851445723106	0.87531256846593197	0.89278381577524146	0.606029892836627	1.2976974403530401	6.1793305824798583	26.486777755587376	1.3101396181736509	6.9291127258346847	35.493389437169824	65.88000000000001	56.460000000000015	46.799999999999997	0.014092694235132685	0.036569492929758501
2.1000000000000001	0.47870090091661116	0.87318242157675863	0.88898160311868357	0.57718841177639191	1.2999870582968436	6.2460565802819676	26.058930879654064	1.3050206318035529	7.1093349038964915	34.360132312572006	65.830000000000013	56.200000000000003	47.260000000000005	0.013977513190166458	0.0362194628391539
2.1200000000000001	0.17445793923547326	0.86978054317925435	0.88656419580373791	0.5987519836308336	1.3164433959205972	6.2667098908631447	25.744685041753968	1.3470790554618872	7.1290007665139941	34.140653731321322	65.780000000000001	55.88000000000001	47.459999999999994	0.0138629995488119	0.035879576242507157
2.1400000000000001	0.38628620948549042	0.86708853971451327	0.88055224855250525	0.60217113476798967	1.3089136632910991	6.3266181429998873	25.912079456059008	1.319579889451775	7.0886353098528332	34.092140630223398	65.789999999999992	55.990000000000009	47.629999999999995	0.013753061828092161	0.035599814902060462
2.1600000000000001	0.5022818208705514	0.86610977621274132	0.8753687594895897	0.56601809016390336	1.3140055057019242	6.3083169752672692	25.609600781665751	1.3347299960488144	7.1149148245070064	33.156467405545136	65.849999999999994	55.850000000000001	47.549999999999997	0.013642326492832976	0.035521863359207061
2.1800000000000002	0.37884523349987598	0.86267583219961108	0.87499775683974335	0.58650764341238448	1.3043865436634996	6.3250321607995348	25.521493853299038	1.3254485068261332	7.1994151285142696	34.114002874037716	65.710000000000008	55.739999999999988	46.950000000000003	0.013535680516539375	0.035141402239942263
2.2000000000000002	0.51569284911036195	0.86134603508598917	0.8715887880088099	0.55927082283419582	1.3220389546336411	6.4695633239574928	25.852805482214357	1.3564903094114036	7.5183216205591723	34.67735313289834	66.200000000000003	55.640000000000001	47.030000000000001	0.013431322785367281	0.034820238833927639
2.2200000000000002	0.47931874734905955	0.85842827800341936	0.86597489173508857	0.52494660831908146	1.3202086713094059	6.4761322130620353	25.343460715476091	1.3470435343335252	7.305124500497385	32.771206055725237	66.210000000000008	55.549999999999997	47.359999999999999	0.013327097715436203	0.034682737106718951
2.2400000000000002	0.67047542192489407	0.85790472090739345	0.85750696477565413	0.53183154427859169	1.3451694136907935	6.5157908678391951	25.309624277430295	1.3640887373569375	7.3696206610260573	32.888546243046342	66.289999999999992	55.210000000000001	46.829999999999998	0.013228329079868284	0.03435528117243155
2.2600000000000002	0.41887338158558474	0.86451238492310678	0.86928653721783267	0.59557221405680472	1.3406113907274222	6.6650370356944491	25.488070043755837	1.3925927403954577	7.75898231897974	34.059729996550821	65.929999999999993	55.390000000000001	46.799999999999997	0.013123854961104011	0.034222101355908287
2.2800000000000002	0.56283613235395091	0.86223339203764926	0.8489819222050935	0.56074096690270692	1.334238135971511	6.6413565867894251	25.48527002702609	1.3716954826902017	7.4629857957599182	32.789655602111836	65.780000000000001	55.030000000000008	46.630000000000003	0.013029765947110621	0.034002881302696672
2.3000000000000003	0.46225775979081668	0.86457424617368317	0.86386478985233095	0.55843222984394492	1.333869747813941	6.7483848426921709	25.310692462844962	1.3671352132584329	7.6946850162832989	32.656460125928433	65.440000000000012	54.320000000000007	46.120000000000005	0.012930327931776568	0.033896860880001066
2.3199999999999998	0.87241287840197668	0.86009161434952008	0.85586253141677671	0.55611496334324262	1.3600703788746267	6.6981021357721717	25.370257535355446	1.4042251467171183	7.5375850821161965	33.031554223715361	65.609999999999999	54.479999999999997	46.239999999999995	0.012835518467062662	0.033465156960836046
2.3399999999999999	1.0199676910019688	0.85779697298108815	0.83646921263506491	0.54080696926952965	1.3588491177878115	6.7906544031878369	24.333889824067217	1.3589483366517787	7.718312218898248	30.80321015398372	65.309999999999988	53.910000000000004	45.490000000000002	0.012752516652365325	0.033173364693005657
2.3599999999999999	0.93786152359892283	0.85532744470186672	0.84513339138287458	0.55389276502559026	1.3397335298584552	6.9520339270631721	26.387998747831539	1.391683784990899	8.1671271288057472	35.472143020835965	65.299999999999997	53.769999999999996	44.919999999999995	0.012654959616934159	0.032838115681132957
2.3799999999999999	1.131606673237916	0.85283470555556506	0.81494539806515809	0.50553416471281065	1.3184038666183118	6.875174191582067	25.704820767751091	1.3518644342756396	7.7772113213234864	33.971202028074892	65.299999999999997	53.350000000000001	45.07	0.012568578218135429	0.03220859253671883
2.3999999999999999	0.96100452928497804	0.85520078582670467	0.82363558159889005	0.44620784256938562	1.3407099387958072	6.9559221542770189	27.064358770561988	1.4118735122331461	7.9146480372405303	36.754936684358761	64.72999999999999	52.560000000000002	44.619999999999997	0.012478465855397861	0.032176458714789531
2.4199999999999999	1.366168988908385	0.85381636843154995	0.81878127711843152	0.47772666730450924	1.3469369041895298	6.8371939227235305	25.696914278568158	1.442910896052952	7.721615205601049	34.600491752585242	65.100000000000009	52.640000000000001	44.57	0.012391454183820812	0.032514577042696169
2.4399999999999999	0.8265362672006904	0.84965056271013872	0.79832849389348459	0.47616874347389881	1.3578401667742459	7.1873127322232957	25.890072041190543	1.3749045532260318	8.2393624022260177	34.764436521486559	64.659999999999997	52.5	44.170000000000002	0.012305910181577636	0.031646246371264536
2.46	0.97968577927947609	0.84348107237551029	0.80226843788444901	0.46046133999527789	1.3678989550128633	7.1588760522159989	27.681328635459	1.4555790220171769	8.5565321319932544	38.172252431335977	65.609999999999999	52.75	44.149999999999999	0.012225660210358532	0.031817703084290362
2.48	1.3952837698815426	0.84248555129761127	0.7896407386175478	0.47514571579013004	1.3572214170858481	7.1819651671968474	26.094793702194515	1.3649946461812541	8.4212448066330285	35.790537214727735	64.500000000000014	52.210000000000001	44.140000000000001	0.012143544423677936	0.031599358285278309
2.5	1.5338985674134227	0.84294586200799926	0.78792508024661678	0.44170093852964032	1.3933554944782069	7.2227801274346293	25.401839549958165	1.4129189739014949	7.9667753750414763	31.937081797299278	64.799999999999997	51.960000000000001	43.63000000000001	0.012057058287899894	0.031195864140157736
2.52	1.7351936886074315	0.84264017491725451	0.79233489252239342	0.39875272263367795	1.3914475337371177	7.3266889655486462	24.647370867795654	1.4336564071331821	8.3528312283565569	30.452424263056734	64.439999999999998	51.100000000000009	43.68	0.011981114206962733	0.030997735694806162
2.54	1.57626821126497	0.83659664235384157	0.78354675851033273	0.43201178716520705	1.381943806281567	7.4681202009507768	26.092533243997895	1.4074637162569728	8.2995827279622993	33.46705205252514	63.720000000000006	51.180000000000007	42.640000000000008	0.01190116954383055	0.030584255966222922
2.5600000000000001	0.9582044479788292	0.83933816865346444	0.79015588921416313	0.46612845538313125	1.3565766689855141	7.2011106035484289	24.410660222932528	1.3662963131003489	7.8015612430201156	30.22661734977919	64.409999999999997	51.140000000000001	42.899999999999991	0.011821197625961118	0.030549298645448024
2.5800000000000001	1.5747423226907262	0.8339208473501607	0.76962867868676899	0.44212743829480178	1.4090923826047264	7.1488112978463647	25.048019405064192	1.5386542136812564	8.1557131893390427	32.316489799330029	63.75	50.719999999999999	42.009999999999998	0.011769950388911384	0.030856382981622011
2.6000000000000001	1.8295725022774358	0.83106963866619754	0.76367709562729336	0.38148299937754426	1.4024455193547627	7.2336083859294078	22.762699321192926	1.4023818383292708	8.2121037835893382	27.820680439181551	63.119999999999983	50.219999999999999	42.369999999999997	0.011699650271299442	0.030637579209500658
2.6200000000000001	1.9585457552826411	0.83126021959050678	0.75100932983484747	0.42078157532336424	1.3673605497416654	7.0250300733172395	24.182404261024541	1.3775493033678643	7.4675661568314524	28.493348179677543	63.140000000000001	49.890000000000001	41.480000000000004	0.011618827328913289	0.030306557113165666
2.6400000000000001	1.788637186150015	0.83072494031349309	0.7447342241266226	0.3735393656997591	1.4032787531609061	7.4248321062614391	23.851998569504058	1.4074547294247259	8.3925090301256482	28.928282182435055	63.229999999999997	49.57	41.630000000000003	0.011522540677219058	0.029871194993633155
2.6600000000000001	1.0928913383237602	0.82873739274789548	0.73634676650195763	0.36033773632925059	1.4150859470240658	7.5976059774625053	24.511410124121529	1.3696052891778643	8.4307193229687574	30.549004770255159	63.649999999999999	50.339999999999996	42.160000000000004	0.011468225077900115	0.030018108456825156
2.6800000000000002	1.4109025450103683	0.82218311571329872	0.7032553911942514	0.34375377100565485	1.3972775962089368	7.2620064885766542	21.544926564042292	1.3445017633200496	7.3982048576610042	24.167315919739103	62.629999999999995	48.980000000000004	41.390000000000001	0.011384170427159702	0.028700491909617699
2.7000000000000002	1.8959634567269463	0.82093040527519534	0.72544085441454431	0.35471271149459227	1.39264115912423	7.5667400846831985	24.600707331421198	1.3451487305849428	8.4293110015678021	30.506908292716759	62.179999999999993	48.240000000000002	39.920000000000002	0.011328207633870973	0.029466629776017245
2.7200000000000002	1.9097232734228733	0.8155664112105645	0.70373112131826354	0.34764338314272336	1.4556175971488696	7.6834660107970452	24.912486498085958	1.5138815990309455	8.1760887738020074	31.091081391436859	62.059999999999988	47.930000000000007	40.640000000000001	0.011229584745409136	0.028671856037433996
2.7400000000000002	1.7764518746832731	0.80560834871512077	0.69490250271940401	0.26610072288118886	1.4205818571767364	7.3750858821770846	22.623415077599105	1.4538833357464891	7.7140335955079049	27.85607647323058	61.689999999999998	48.120000000000005	41.100000000000001	0.011162523358423123	0.028158981366950352
2.7600000000000002	2.2321631720552482	0.80153009700674716	0.67288747301601948	0.26800120824671742	1.425251060406397	7.4584689230441041	23.206400130420626	1.4702448846273559	7.9832735466216791	29.273128093759947	61.710000000000001	48.369999999999997	40.540000000000006	0.011121670324131814	0.028867045040010218
2.7800000000000002	2.0027181155081957	0.79820816931058425	0.65315565743409976	0.26886571712475071	1.5299540305267532	7.973924834180897	23.5176057858713	1.6749503077252945	8.7709694029404552	29.888947488203502	61.170000000000002	47.480000000000004	40.340000000000003	0.01103652008316613	0.027714587786326499
2.8000000000000003	2.3824285675648191	0.7988697209413903	0.66842841698451827	0.29323931342924597	1.4892351012651268	7.6970630049982089	21.134896645282431	1.5356720491305442	8.5341623081769473	25.245949807125321	61.029999999999994	46.859999999999999	39.959999999999994	0.010987338319252027	0.028367326303587671
2.8199999999999998	2.3289070357984873	0.80385911948764943	0.63392389810476302	0.25713199937611325	1.4658970776326106	7.5644980109483555	22.668621063630766	1.5412537536143227	8.5226910399585893	27.995604907504401	61.700000000000003	47.539999999999999	39.950000000000003	0.010898472820575995	0.027554533388674259
2.8399999999999999	2.3427317182209406	0.78812802892167044	0.6595548165539733	0.29308322582799701	1.4783859501159462	7.4708071927607573	22.355165568201702	1.5395011352116428	8.1706627299527437	26.957392795360924	61.729999999999997	47.460000000000001	39.589999999999996	0.010858661552774844	0.02740344916667737
2.8599999999999999	2.360939693554879	0.78397767474706381	0.61308243650090133	0.24476618218781532	1.5095146718181716	8.0323091561892959	22.247527556712477	1.5364406641259232	8.7908353433136543	26.042189915992658	60.670000000000002	46.920000000000002	39.600000000000001	0.010783515420819722	0.026523859489363189
2.8799999999999999	2.5893304502861336	0.79259419855867841	0.65881221092816811	0.26874836837565974	1.5558725964096634	7.8198407014928311	20.86217075853336	1.6630509018465147	8.6702037565504053	24.329917465880651	60.350000000000009	46.809999999999988	40.129999999999995	0.010726394894323293	0.027215976679087883
2.8999999999999999	2.3371518777277398	0.77768654006174098	0.60945781072624183	0.23909030629520017	1.5172452274728643	7.8567638421177124	22.008676403666858	1.5314981641461602	8.5868176622735888	26.309713997608895	60.049999999999997	45.500000000000007	38.32	0.01065916244136763	0.026829229011162498
2.9199999999999999	2.600194784052309	0.77531776148272524	0.61332980517611435	0.23002595881015048	1.5508773327582375	8.0756640521288539	23.580348218138504	1.6745120215051046	9.1861679020827296	28.886903331351288	60.570000000000007	46.670000000000002	39.400000000000006	0.010601170339435268	0.026820698766326083
2.9399999999999999	2.4271025484131195	0.77694687668956031	0.61344422375761165	0.26370463158476293	1.5406853165192103	7.6550616562618128	22.551584278491411	1.6410124706874463	8.2717363919229676	27.140002613645315	60.230000000000004	46.539999999999999	38.779999999999994	0.010554470100943795	0.026721538215327599
2.96	2.5365575568769332	0.77633636419984309	0.60831035774392117	0.24003923453372131	1.5305389224226473	7.889136584024584	21.956507699306144	1.5549712531204825	8.7384617468278272	25.786572571679994	60.75	45.269999999999996	37.870000000000005	0.010478784833708447	0.026002766140594519
2.98	2.6914371203950189	0.77405314240586098	0.60172708344553505	0.23561892418043512	1.5531593238687638	8.0195487825410829	21.566835987881738	1.7283944273916405	8.6122740765239776	25.089492512386876	61.020000000000003	45.439999999999998	39.019999999999996	0.010425813293276916	0.02555508159535529
3.0	2.2000463526158849	0.77397615999959302	0.6043138745169585	0.21360340300258129	1.5365708082860483	7.9100287643642915	21.860102847910191	1.5935529987522163	8.7006599308607555	25.542738799799576	58.989999999999995	44.490000000000002	37.039999999999999	0.010362849084557608	0.026303112121474275
3.02	2.6845200618459018	0.78038801096477395	0.59343775003539811	0.19883164458860109	1.4987963472635659	7.9149941548785332	22.177612392528971	1.556332744178992	8.6777961145259805	25.382613694340055	60.719999999999992	45.609999999999999	38.240000000000009	0.010305376816592059	0.025351823447525679
3.04	2.6707741971300085	0.76776989672876972	0.55310130764184584	0.19668229963276629	1.5674993969272535	8.2255314579127923	21.596526447695823	1.5842105152905039	9.1668092552371743	25.347658790548895	59.580000000000005	45.129999999999995	38.039999999999999	0.010251258520981788	0.025416811292892128
3.0600000000000001	2.5786654424299957	0.75059225132456719	0.5487750367876123	0.18752704193841668	1.5594112864019223	7.8575238208318137	20.938068667435665	1.7194703947097696	8.8265787587626718	24.775494832016012	59.950000000000003	45.449999999999996	38.460000000000008	0.010195330325257707	0.024853133406538868
3.0800000000000001	3.0555484914437967	0.74221990464415655	0.53015059382713892	0.19672670727200897	1.613890093016894	8.2139316905224344	20.756728417542284	1.6724341457317085	8.769905229331858	23.240942704409726	58.969999999999992	44.099999999999994	37.469999999999999	0.01014754339280593	0.025013466506573923
3.1000000000000001	3.2805565639978562	0.76476459467846991	0.54619903603424291	0.20013120729744904	1.6018525827111145	8.3024689247513859	21.499194511607357	1.6258727162069906	9.3135581212400425	25.419043582904109	58.359999999999992	44.149999999999991	37.18	0.010089067506204735	0.024719580423935895
3.1200000000000001	2.9518582847543917	0.73714080054537234	0.51338892580733042	0.18115366923670748	1.6168282646637262	8.0465018596095224	20.166944645139381	1.7949624814406633	8.7658146043277192	24.013941316213188	58.239999999999995	43.610000000000007	36.68	0.0100372354731228	0.024780034455119993
3.1400000000000001	2.5068007284953175	0.73602806292919376	0.54415511075643619	0.16308930611502775	1.5967155843534806	7.9599091542818625	21.874909820675281	1.6854350220425964	8.6200422412181865	26.229745694105265	59.340000000000011	44.859999999999999	37.439999999999998	0.0099823218029037371	0.02443395066634094
3.1600000000000001	2.9807534258534045	0.74090223708641045	0.51231941048200891	0.18054906532315906	1.6232687806398292	8.4749386141291971	20.644403242082348	1.6418260951060506	9.085879769900215	24.868098073713618	58.649999999999999	43.5	37.480000000000004	0.0099385039737760975	0.02411735345635254
3.1800000000000002	4.0270935614375976	0.73535692568399047	0.51363243688430582	0.11460631022419179	1.6564211305314385	8.0792617519300052	19.444103898013477	1.7473993733819928	8.5979147548132051	22.152403439543441	57.589999999999996	43.089999999999996	36.590000000000003	0.009889333058650307	0.024150063337315848
3.2000000000000002	2.8575199774607181	0.71956317086159394	0.4881783191601225	0.18979348858053979	1.5701905210666063	8.133028260448393	20.108674442205537	1.5807762060377715	9.1221901083042667	23.731942418465401	58.269999999999996	43.459999999999994	36.939999999999998	0.0098429858179975294	0.024133473249850254
3.2200000000000002	4.0445603487144943	0.73763955044705465	0.48302771436393321	0.1701378123608851	1.5952133001928916	8.1139751276987049	21.162774841982682	1.5800188161653532	8.8208390441727413	25.369133607468164	58.239999999999995	43.030000000000001	35.859999999999999	0.0097935074412355376	0.023939440186305939
3.2400000000000002	2.973699409561573	0.73560564432067665	0.45468616118118177	0.12188385006781888	1.6930626034869278	8.3885502803849654	20.22790918401914	1.7505155370948073	9.0681209485747338	22.875796895195784	57.059999999999988	41.539999999999999	35.209999999999994	0.0097271569365114125	0.023251834018089168
3.2600000000000002	3.5462299287507548	0.72487970372347765	0.49470961505838262	0.15964511767272244	1.6394946158989647	8.1573501708021841	19.30198914084847	1.6601546284639359	8.4890956554163886	21.264343316734497	58.519999999999996	43.560000000000002	37.539999999999999	0.0096682456085155563	0.022654013207859754
3.2800000000000002	3.2605992676999773	0.72492564165580375	0.47380700877588533	0.12979432967021062	1.6785422617755306	8.3151815575054187	21.101615917410367	1.8121798603319843	9.084119205859178	24.238629153335502	57.540000000000006	42.719999999999999	35.949999999999996	0.0096446801919314196	0.023103838584556644
3.3000000000000003	3.2552826965167529	0.71028567531354514	0.46733415261396499	0.19861505308648669	1.6588535250429168	8.0709284839210849	20.01286842046833	1.7034092239327934	8.9098448242050345	22.675691758850725	58.489999999999995	43.279999999999994	36.210000000000001	0.0095804312552973982	0.02247342308438181
3.3200000000000003	3.2149594415394707	0.70612981572180999	0.42749458130674656	0.15312029360727569	1.6786663874877106	8.1092094092547882	18.634536906968926	1.774728228270106	8.4867317685590216	20.478543911514578	56.5	41.960000000000001	34.869999999999997	0.0095290965945988709	0.022626503318274108
3.3399999999999999	3.4698838527141471	0.69560803635693935	0.45458203323798185	0.13849045387447673	1.6684414515981758	8.3439352867069481	21.201700940288493	1.7787038291138788	9.0469355596934786	24.70844376924239	57.61999999999999	42.829999999999991	35.489999999999995	0.0094860970373727444	0.022690913763835429
3.3599999999999999	3.2422287667880418	0.70942293026519032	0.47643749588784806	0.17784222727568147	1.6781551554245691	8.0333762101182149	19.185409903511733	1.7917149811387318	9.0921835966986517	21.762495284442235	56.200000000000003	41.739999999999995	34.949999999999996	0.0094343750059116115	0.022666709810831152
3.3799999999999999	3.2553641351449882	0.7261384689046938	0.4724743128273346	0.1535196702435713	1.6828088867026938	8.5492004127452823	20.33310000950333	1.7615969306918617	9.3499569063433317	22.934738029456589	57.060000000000002	41.700000000000003	35.850000000000001	0.0093980047834942813	0.022301798669812339
3.3999999999999999	3.701558512469787	0.69387095723330983	0.43102475945554619	0.13863583473880561	1.706177033076316	8.3160935771245015	18.901218768967901	1.700342701816369	9.203882853082785	20.884933108840102	54.950000000000003	39.93	33.600000000000001	0.0093328010674931378	0.021544837579252848
3.4199999999999999	3.8570141713745416	0.65418209120234727	0.37867969032101678	0.097212830125110922	1.6293182297318523	7.899962392327998	19.395858261827957	1.6221787065781812	8.4252873644777608	23.354553369127267	56.679999999999993	41.519999999999996	34.830000000000005	0.0092996271036707955	0.021686455443402829
3.4399999999999999	3.9122098716064126	0.71138194528711085	0.49442641779551433	0.16254832985040074	1.6592215743335526	8.1259652652327912	18.53575787452246	1.6801121609824936	9.0799712696726402	21.299599999338906	54.980000000000004	39.439999999999998	33.020000000000003	0.0092644692463521236	0.02161534259034855
3.46	3.8210934930853857	0.6963050860628911	0.44183509998301024	0.13581906369250443	1.7252745812064845	8.4518479521390368	19.274063518670921	1.7163190580455396	9.2322709483576961	21.490088330047552	55.25	40.399999999999999	33.109999999999999	0.0092162520234535389	0.021926685112811532
3.48	3.9572307955117001	0.68851099945670613	0.40808711010400317	0.10545024148969187	1.7241336881844329	8.1642060213120882	19.87200322732448	1.7235243310802271	8.6528104604197829	22.141704657297698	56.309999999999988	39.719999999999992	33.170000000000002	0.0091656033118541168	0.021290491973669012
3.5	3.7134419604205071	0.67045999221131525	0.35541766229551208	0.10121410379251725	1.7384346711860375	8.201267388660483	18.711745162097241	1.7316575947930268	8.8902744475625539	21.194676167020294	55.859999999999992	40.979999999999997	34.109999999999999	0.0091431516585243379	0.021493761297805836
3.52	3.8165408393144125	0.67885428361651423	0.38440200204489422	0.12399020475959577	1.7678981387263719	8.4313992413280729	19.777947726604445	1.8516297773733228	9.5108828990647147	22.889771870332588	54.940000000000012	39.420000000000002	32.409999999999997	0.0090704398529352966	0.021003617477994143
3.54	4.2469829270874033	0.68016893256769695	0.3852268685467044	0.096972656677334276	1.7752882610946876	8.0521771785094263	18.60624301722838	1.7549306523316688	8.6178429854944767	20.295178943882298	55.049999999999997	39.950000000000003	33.440000000000005	0.00904577382796996	0.02110631160289653
3.5600000000000001	4.2175603934257442	0.66392675489558906	0.38952121004098955	0.14780226606718505	1.6947751457851603	8.1864806718218741	17.961357193050109	1.6606722617435286	8.8940420564918554	20.514740807090121	54.839999999999996	38.609999999999999	33.280000000000001	0.0090030374366100591	0.020811172481940442
3.5800000000000001	3.8603303228192942	0.65948721817634393	0.3696508050713424	0.14024855263201622	1.7069540345538254	8.6969705822035515	20.208182491467475	1.7058230494386901	9.3850026818666805	23.359916345090234	55.109999999999999	38.810000000000002	32.779999999999994	0.0089310036674738278	0.020215115443556014
3.6000000000000001	4.2091083009938526	0.66597615134515531	0.35158197667388241	0.09548431052158754	1.8136707450452803	8.2897299205990684	17.870886622640153	1.8866757956360138	8.790770214257126	19.514367754147251	54.330000000000005	39.109999999999999	32.920000000000002	0.0089213416957432141	0.020761089385588721
3.6200000000000001	4.2174413739392298	0.65036247439036032	0.35239639185415417	0.091497183998297774	1.7849282659454879	8.6034860905995014	18.90352179043003	1.8683279260808703	9.2385845673042546	20.723964723017069	54.059999999999988	38.509999999999998	32.460000000000001	0.0088751196583390143	0.020472690509403112
3.6400000000000001	4.7866273807902822	0.66620749995414175	0.38140383997415511	0.17241008511381095	1.7678725742032975	8.4302115746083199	19.427904828330007	1.8278985154203553	9.3027493280208979	22.038896960932366	53.739999999999995	38.059999999999995	31.860000000000003	0.0088268224201887603	0.020059697443150032
3.6600000000000001	4.4392736494167435	0.64732605588618752	0.34420330896474904	0.10877930941944798	1.7973418868064317	8.5932306733870494	18.503172029231088	1.7757405850967687	9.7676415410489543	21.463605939330211	55.080000000000005	38.5	32.700000000000003	0.0088078381792459776	0.020573906704779932
3.6800000000000002	3.9975579888213097	0.63518427587698134	0.34246165281518842	0.1011753248682149	1.8547915842823268	8.569366969758784	17.79273193426534	1.8713469205291133	9.1193303940304773	19.666852138044838	53.530000000000008	37.899999999999999	32.560000000000009	0.008764535169638335	0.020053832420293783
3.7000000000000002	3.9323754488314187	0.66941726321711659	0.35915656171027466	0.083602475064073076	1.7861520442504752	8.4036189649457462	17.844809468876864	1.8088612412649696	9.0252584057617291	19.681099373172835	53.039999999999985	37.620000000000005	31.539999999999999	0.0087243231551032818	0.019925505193436888
3.7200000000000002	4.3906698924848637	0.65157937629200058	0.39650951437964654	0.13422735573286243	1.8290091146914649	8.6696266824102981	18.49410006268527	1.8993225149475315	9.627107634620085	21.16543874515979	53.819999999999993	37.690000000000005	31.699999999999999	0.0086753259371803674	0.019819574187762569
3.7400000000000002	4.7669834027614062	0.63468971781821992	0.36027116296680012	0.10042773198947925	1.8299150361183263	8.4415533803526248	18.480289624715599	1.842185805394801	9.1355743915806435	19.850764494378247	53.039999999999999	37.459999999999994	30.489999999999998	0.0086582891471189173	0.019961670538474325
3.7600000000000002	4.9427457153117063	0.63783824914333975	0.31785096014093733	0.068640129265866864	1.8467343205495226	8.3081766012015343	17.883014653980347	1.9259617753519103	8.4530782955532509	19.273962977209319	54.090000000000011	37.700000000000003	31.300000000000001	0.0086062381294395082	0.019273851455606554
3.7800000000000002	4.5922561967175541	0.62528400485160485	0.33152104200879406	0.10684260836866059	1.8288737521950487	8.6055498487372546	17.136545459598207	1.8683619341591378	9.5014615493683827	18.976175545026614	53.680000000000007	37.240000000000002	31.690000000000005	0.0085728144752592345	0.019181449506574293
3.8000000000000003	4.4995608560067542	0.62669513824798884	0.33206026174505321	0.077516454488895131	1.8779622468438277	8.7369526317090589	17.985889822000775	1.8256951164612576	9.544290179258109	19.38438035144743	52.5	36.829999999999998	31.040000000000003	0.0085513043951876005	0.019362060721306692
3.8200000000000003	4.9492829127264635	0.62551619613768672	0.37314259112585046	0.12055766565861326	1.8531500744209108	8.4995968788195171	17.776020290532141	1.8679655990308048	9.0052046731375128	19.458979819134896	53.799999999999997	37.579999999999998	32.439999999999998	0.008503413215912024	0.019387205182550632
3.8399999999999999	4.4642869483565626	0.63697331473896035	0.33026429436007748	0.10750457540410933	1.907355822395526	8.7597459873882944	18.38141601862484	2.1842941216859137	9.454546790939423	20.044645279830444	53.420000000000002	38.219999999999999	32.030000000000001	0.0084777962959206067	0.019335827407786728
3.8599999999999999	5.2649952774751672	0.61822389413753642	0.36066380610062437	0.13362391810279631	1.9293906407163057	8.6166817494735515	17.555858604275791	2.1186243556378708	9.7143628288511703	19.564753843122379	53.210000000000001	37.410000000000004	31.860000000000003	0.0084255488023479083	0.018666157272842272
3.8799999999999999	4.6219176458781313	0.61430292771989525	0.33487311667924968	0.11499055914261817	1.8787308429178762	8.7704223175547558	17.171882780148302	1.9205216402544942	9.3284013688485086	18.932517548081194	52.179999999999993	37.11999999999999	31.830000000000002	0.0084035839537677289	0.01880776356629477
3.8999999999999999	4.742940447879529	0.59681012933718158	0.2809926181064637	0.085524580727177807	1.8715977796045968	8.5226300222617297	18.445315441302231	1.9619618951714677	9.3922579424361334	20.3467082169267	53.020000000000003	36.589999999999996	30.870000000000005	0.0083561032610519233	0.018341087016294728
3.9199999999999999	5.1504037286318702	0.62386177444382018	0.35491893750311548	0.13220527638248028	1.9247976407183358	8.6158125948795838	18.032890135056654	1.995475955662771	9.0986145839243271	19.76302149886828	52.88000000000001	36.549999999999997	30.640000000000004	0.008314909664413242	0.018269936150186322
3.9399999999999999	4.9912088874925287	0.60982095281920035	0.29603356686682486	0.045804208984696872	1.8476472240081745	8.3181457819612952	17.799384890807325	1.9072216983911343	8.726240084896304	19.420419958365212	52.640000000000001	36.109999999999999	30.330000000000002	0.008281684664621692	0.018405535294356339
3.96	5.2852209798221237	0.58842662767255427	0.29519502214159715	0.10283978481277316	1.8995542464873849	8.5293185011915575	18.204295861601832	2.0048824984411615	9.4083957879857039	21.207547411472696	52.960000000000001	37.359999999999999	31.800000000000001	0.008240847344274797	0.017883164367409565
3.98	4.5066528291558869	0.60304220626037175	0.29480759484649621	0.085480802046603729	1.9350705134569934	9.0625769615813372	18.994108343285149	1.9181835026598058	9.788214636089446	21.099529212721997	52.060000000000002	35.769999999999996	30.020000000000003	0.0082346053288082713	0.018079861531843242
4.0	4.9345664237560403	0.60483108243908323	0.30539750221036155	0.081615733098077708	1.9044017247154315	8.7125176373303042	17.999429308547438	1.9265493440263275	9.3508766983438534	19.701846091461135	52.540000000000006	36.890000000000001	30.889999999999997	0.0081726147559839056	0.01858799011998476
