weight	lyapunov	err1	err2	err3	m1	m2	m3	std1	std2	std3	null1	null2	null3	f	stdf
0.0	nan	0.74078896041989839	0.12391124338172339	0.02091419889914329	10.860502616315214	15.669067100989858	13.819635374142795	18.695971613779914	31.299641710067704	27.387506831513527	99.240000000000009	99.240000000000009	99.240000000000009	1.0000017384726541	0.10001213019349138
0.02	-1.1937254590709255e-05	0.88937313790990102	0.92464154227180972	0.41646037312457918	29.748112500088467	86.129124502483947	137.8479174030083	26.135863427404654	80.478981101488955	133.32414546138151	93.840000000000003	76.579999999999998	56.559999999999988	0.55293309587996453	0.10172575513069888
0.040000000000000001	0.0019739254519905956	0.90356804952933945	0.93024258720736941	0.41732781916339545	27.190393697368222	60.453225675531101	149.57843591548894	22.250161982840297	56.613034022154082	131.03375042474769	91.189999999999984	77.810000000000016	70.75	0.38210783655938074	0.10323414711531516
0.059999999999999998	-0.0018508814888835627	0.91185749536862826	0.93951467689709189	0.41179883986936511	27.893618672935581	67.916165397241045	206.51160196442521	22.146883596442915	64.802063339542514	194.41796997264069	91.829999999999998	84.620000000000005	82.159999999999997	0.29195733453399797	0.10398173303870561
0.080000000000000002	0.0049356461818740949	0.90495507481299897	0.94164814361254923	0.40899540150571428	29.109487481932597	93.044818600297916	276.60833238018387	26.019192897018893	83.785728298636357	255.31198163015924	94.469999999999999	91.669999999999987	90.950000000000017	0.23632753884324315	0.10371602722478757
0.10000000000000001	0.0015073801635896269	0.90142694894568254	0.94067083535523499	0.41387058713300695	28.355173426503377	105.57777480099094	359.84891466644251	27.489300559988671	107.53538320415196	334.54761737076603	96.760000000000019	95.239999999999995	95.259999999999991	0.19863711897152039	0.10257912777580196
0.12	0.015932214902350552	0.91250576884276313	0.93773358118454619	0.41129480317327394	26.065219694386435	121.65581155253801	389.8671497546365	28.39275018259131	127.92473537946528	391.30153217415244	97.679999999999993	96.930000000000007	96.879999999999981	0.17145035442400375	0.10078916611832185
0.14000000000000001	0.024777943867372736	0.91385071300203102	0.93869717454453538	0.41061296427245353	25.386732699099195	132.56479178499262	415.30658575559573	28.284641640492659	140.61995887585886	393.73015191427015	98.179999999999978	97.769999999999996	97.799999999999983	0.15092808063666091	0.098616652967542781
0.16	-0.017306393589611654	0.91311731700556287	0.9389013505813335	0.41743006355879225	27.143761932661015	133.55057164985467	384.88055437545802	26.801744264272099	143.02745353282694	416.46587846491491	98.440000000000012	98.11999999999999	98.010000000000005	0.13488974403800474	0.096293827677641552
0.17999999999999999	-0.027472667872013062	0.91382544414148748	0.93655174313570433	0.41688937614250693	27.113305265903044	129.85086328484763	382.54179135717908	24.520911668502691	135.4716533002285	357.43665897975632	98.680000000000007	98.310000000000002	98.280000000000001	0.12200839423997074	0.093946163439986435
0.20000000000000001	-0.046891344681841494	0.91398755517671959	0.93471816279215292	0.41646951379074437	25.388671280149243	120.71776986469668	367.10299198730678	22.108374304927604	116.05408360596967	364.75721037936557	98.719999999999999	98.36999999999999	98.319999999999993	0.11143230686441004	0.091662711039054004
0.22	-0.025323707758968972	0.91451792240794294	0.93397672099453788	0.41688284137004067	21.751089995449959	118.25754664025969	375.42240652696307	21.400140182191237	116.55284280854053	342.99177498209781	98.560000000000016	98.440000000000012	98.530000000000001	0.1025906583798597	0.089482236666884568
0.23999999999999999	-0.0086500542168083342	0.91383424456562445	0.93405785925510121	0.41927751228689425	23.450092603003743	117.40325053381969	364.54246956901409	20.900300796965887	120.98540184827561	338.65575611241582	98.679999999999993	98.549999999999983	98.589999999999975	0.095088293402648169	0.087405137684674089
0.26000000000000001	-0.013692447537789277	0.91354527589460433	0.93389051180288229	0.42518791513829202	22.042474825297337	110.5048158113899	406.89803777919462	20.581868548080145	118.8650177418001	371.75305988834901	98.669999999999987	98.539999999999992	98.719999999999985	0.088642058360649298	0.08543298907299178
0.28000000000000003	-0.051606905224438782	0.91433342339855272	0.93496405601905186	0.42821893183291337	20.839245235249138	113.89427682650162	367.46026760759486	20.408969563622669	111.03016882039199	319.89367890767824	98.650000000000006	98.650000000000006	98.710000000000008	0.083041413457944913	0.083578822097868238
0.29999999999999999	0.02398203799260297	0.91582050374742696	0.93743658982453315	0.43524609060378394	19.025878178871054	101.82391176943335	346.368278884929	19.497555048442599	101.82672565930162	312.24082659627322	98.579999999999984	98.509999999999991	98.689999999999998	0.078128686429215263	0.081846967954042699
0.32000000000000001	0.048688301797355699	0.91778665902216583	0.93943083905004465	0.44322269713677487	19.075877338265364	102.28700170335313	307.36016494452059	18.53290531233672	94.7864283288217	291.9643043918087	98.599999999999994	98.579999999999998	98.549999999999997	0.073783930306655351	0.080224545187979751
0.34000000000000002	0.039044756379448133	0.91880702024190219	0.9413310070543689	0.44862889649334337	19.635309604781071	98.315976839837674	302.83146721344548	18.166724185996451	91.520332728831832	281.81043147729616	98.679999999999993	98.539999999999992	98.559999999999988	0.069914035302684391	0.078694042309996992
0.35999999999999999	0.064930811141203429	0.9192310995442512	0.94272688013551031	0.45587284152877255	18.112139825015422	96.705957426662479	304.96132606586878	18.654707588017338	92.011272219713547	293.11848689688156	98.609999999999985	98.539999999999992	98.629999999999995	0.066445223779756674	0.07724995506559526
0.38	0.11267149244223504	0.9198768365487171	0.94323398924338664	0.46434011149422949	17.396816767500148	91.867421324090088	300.68441443756058	18.479679731699072	90.337426225526968	278.89051819116469	98.570000000000007	98.489999999999995	98.640000000000001	0.063318148563322824	0.075881191478204185
0.40000000000000002	0.059162200736347099	0.9205258969475073	0.94334790527004453	0.47472092526292575	17.223630373832094	89.166663233799369	284.1043642319533	18.892370733690178	86.546454108295762	273.9875146258388	98.579999999999998	98.490000000000009	98.609999999999999	0.060484581913049992	0.074577117104086293
0.41999999999999998	0.0999991583189212	0.92089659573632243	0.94441580032300743	0.48665584901610331	17.433811312414363	88.257371046770928	276.34228580842569	18.149844016360007	80.723092634651408	250.91421966829211	98.609999999999999	98.539999999999992	98.560000000000002	0.05790456138959784	0.073341849961605601
0.44	0.12959443905293738	0.92136857286028706	0.94563976369837399	0.49666520194688274	16.754047962377438	86.847667586549562	261.79710120284318	17.535844807885319	77.30233081348139	235.60824042386744	98.570000000000007	98.530000000000015	98.52000000000001	0.055544937597118114	0.072174546715712301
0.46000000000000002	0.1097709623492306	0.92173627665346936	0.94712056397136701	0.50464845426960236	15.517819705162591	76.271891575604357	272.26137699857031	16.83398680128159	71.736945845123216	229.7713765340531	98.5	98.38000000000001	98.590000000000003	0.053378863694000446	0.071068400460280151
0.47999999999999998	0.10267819299058244	0.9217299475381211	0.94865733420640663	0.51043136570853365	15.6124018782692	78.563073962386113	283.31196327663946	15.971818365933316	69.721876828712325	233.58656359737088	98.519999999999996	98.440000000000012	98.609999999999999	0.051383514611446114	0.070014619310222584
0.5	0.072032329001365941	0.92195727127158877	0.94959534400391266	0.51663656476101394	15.432374550522614	80.489114431744426	264.01485462370692	15.443145856566252	68.921489652958002	234.77874439544183	98.509999999999991	98.469999999999999	98.52000000000001	0.049539146246866672	0.069011238853959794
0.52000000000000002	0.079277054605011096	0.92232797675062128	0.95066028689056326	0.52134171849426403	15.65653590158902	82.611066931316429	265.72537586479166	14.755529088175155	70.03388111096109	232.60053390275911	98.530000000000001	98.509999999999991	98.469999999999985	0.047829366921649234	0.068051988279041534
0.54000000000000004	0.092722240167378081	0.92288143194712546	0.95188545444031791	0.52772084729926982	15.898280148674058	80.390360537660086	244.12142398855548	14.472409254463079	69.865399972384239	216.19603930412262	98.52000000000001	98.469999999999985	98.330000000000013	0.046239736818517944	0.067132767426260523
0.56000000000000005	0.074496934399759379	0.92316086728687607	0.95273033912343918	0.5327821833160894	16.011374507457536	78.734034788449634	239.78972441827995	14.902622354662171	65.226247113621554	219.56794944212515	98.519999999999996	98.440000000000012	98.310000000000016	0.044757598728377881	0.066255853048453259
0.57999999999999996	0.039264598880314458	0.92351338510409542	0.95353183293494226	0.53887288608167361	16.351058897779996	70.987049337391909	250.04858090130196	14.741777481590123	62.494835948307731	217.10440328994773	98.549999999999983	98.299999999999997	98.38000000000001	0.043372322842593208	0.065420417531265818
0.59999999999999998	0.0094540719511486907	0.92404845812850189	0.95426779919078764	0.54271657271373408	15.936818725213945	67.198536928969105	236.37720681248462	14.369115753259674	59.077233800982683	206.67758950314192	98.539999999999992	98.230000000000004	98.289999999999992	0.042074624801272206	0.064622673231327254
0.62	-0.080247370559680911	0.92471663188708464	0.95502852954430062	0.54963286488826724	15.277147448473661	68.379278523111083	245.01194534192774	14.275985188896883	56.997531304970394	206.9747150355833	98.47999999999999	98.27000000000001	98.349999999999994	0.04085681696856025	0.063856805383900622
0.64000000000000001	-0.13559700463955274	0.92554649695077562	0.95558441961402707	0.55402998804457737	15.097191635069231	69.191229138215789	246.84546716176769	13.916218498416564	55.374865610332407	200.09089835338892	98.450000000000003	98.310000000000016	98.359999999999999	0.039711521716969581	0.063122334975820413
0.66000000000000003	-0.1446371416055777	0.92682471399396515	0.95598560094232465	0.55968503815344217	15.451030984869462	67.236255046326875	234.14123435945822	13.512157546675667	53.782641286887518	203.52523705060531	98.5	98.250000000000014	98.27000000000001	0.038632256682879187	0.062422467529086187
0.68000000000000005	-0.20735837330412329	0.92769143555493705	0.95644145369515277	0.56782691229188553	15.27392348385553	67.060501013868461	232.28526955388529	13.313324307210053	53.910286932111966	196.36312130227796	98.469999999999999	98.25	98.25	0.037613499896813535	0.061749417855716596
0.70000000000000007	-0.21165316425955175	0.92834084404461326	0.95645690842133069	0.57691956071000972	14.165276168631774	64.401272390042209	243.31330753545302	12.321511191279523	55.145537102241335	195.43972988356364	98.370000000000005	98.210000000000008	98.299999999999983	0.03665022633195323	0.061102347225566435
0.71999999999999997	-0.21487019812549515	0.9290359854184842	0.95636060135600531	0.5875912164326722	14.143377255926158	65.181265032287072	255.87815267169657	12.001607389174291	54.078235878519038	188.23950226203698	98.38000000000001	98.280000000000001	98.400000000000006	0.035738027847730912	0.060480103551419584
0.73999999999999999	-0.20737190471937034	0.92954869046780131	0.95622244812910695	0.59654062187142154	14.421927595916348	59.372772970962217	244.20266063683806	11.661052021967333	55.415162999774211	188.17408803625685	98.409999999999997	98.140000000000015	98.299999999999997	0.034872979543408067	0.059885421080228443
0.76000000000000001	-0.22442588516387621	0.92991487141142704	0.95627214793630677	0.60507086368673824	13.822428009501474	62.864101681504806	234.48782377525995	11.662826444285939	54.475565159910992	180.84850674005537	98.349999999999994	98.200000000000003	98.280000000000001	0.034051519518711382	0.059315220969295292
0.78000000000000003	-0.22858459793426841	0.93007558944761681	0.95625272063638111	0.61129234657312304	13.180648935734292	60.63957017160444	229.96943885925674	11.49043463980939	52.296263342194436	182.25523197421762	98.290000000000006	98.090000000000003	98.27000000000001	0.033270116003890224	0.058763937613606168
0.80000000000000004	-0.22040417312343411	0.93034748884986695	0.95625865994511905	0.61707815979737524	13.610671659203124	61.400646681553532	220.83674968465351	11.156662760200375	50.417484412451785	183.43746540438582	98.340000000000003	98.11999999999999	98.170000000000002	0.032525986928119088	0.058226986142104066
0.82000000000000006	-0.21859350803023006	0.93074046966175961	0.95604865771153302	0.62341926845839191	12.735088704839535	60.171845755271534	223.54328680477971	11.141968264460342	50.274175243360766	179.47353244512081	98.22999999999999	98.090000000000003	98.180000000000007	0.031816682747777353	0.057707790465288497
0.83999999999999997	-0.21720595479711796	0.9310412640801301	0.95601074009129461	0.62926904751605561	12.375106408939086	60.338134581996826	219.0181322310462	11.091386206349878	50.417897686096367	180.47740005082593	98.189999999999998	98.100000000000009	98.159999999999982	0.031139796537340003	0.057206963679319899
0.85999999999999999	-0.20152927005512319	0.93138713976743792	0.95614791697303425	0.63607619694940887	12.492552132423208	57.96200365603594	217.75222244082065	10.926899928020479	50.515518193991312	177.04701262515687	98.210000000000008	98.030000000000001	98.129999999999995	0.030493006874441342	0.056722177181092084
0.88	-0.21677335880065088	0.93155822191489945	0.95637093495044689	0.64027438936279657	12.275110891685888	55.043688604109128	214.59436058814904	10.698088426364187	48.51753779399958	181.71865255180552	98.160000000000011	97.940000000000012	98.059999999999988	0.029874261650451518	0.05625132041104771
0.90000000000000002	-0.20571743176492194	0.9316073306429733	0.95651879334949774	0.64534411923290458	12.037693324267076	52.554342059422083	218.20858412174834	10.522389552169013	47.87131533404596	184.83037736928048	98.099999999999994	97.870000000000005	98.060000000000002	0.029282071058893171	0.055793262787256756
0.92000000000000004	-0.21593263839095039	0.93156052574710357	0.95680303781616094	0.65165465277178036	11.593437401277551	51.146941742417994	212.85990517371465	10.502396509330154	49.251192139281024	176.87773800946633	98.030000000000001	97.809999999999988	98.0	0.028714642411511539	0.055351773602669671
0.94000000000000006	-0.20162242705961794	0.93143752169027516	0.95665689970067758	0.65741370452805281	11.959498927699512	51.912161419412335	203.84724962958765	10.292007465840571	49.184880603517222	186.92596774952432	98.079999999999998	97.820000000000007	97.899999999999991	0.028170320906803641	0.054922917494966528
0.95999999999999996	-0.2046570729734212	0.93135732898671597	0.95677653567631538	0.66458111759700111	12.050394515554153	50.114027154554222	201.16158092087329	10.069095394469128	48.364321117195587	196.42261957679631	98.069999999999993	97.750000000000014	97.830000000000013	0.02764795171938984	0.054501005984648132
0.97999999999999998	-0.20568764809478884	0.93127133202084189	0.95673624973302096	0.673615637193554	11.961669563519401	49.674375976227701	208.27695725438829	10.166142530676302	47.534400945389436	201.78185360617499	98.060000000000002	97.709999999999994	97.829999999999984	0.027146390188766401	0.05409157573262989
1.0	-0.1996014309663238	0.93113599139867165	0.95693787834298083	0.68405646490569372	11.612873453241107	49.919434611632887	197.19450969447396	10.309456562744961	45.569019822353411	171.31737057622215	97.989999999999995	97.730000000000018	97.75	0.026664060990728666	0.053696733011269759
1.02	-0.1961246520378343	0.93114734264493926	0.95725970112567471	0.69246164646562913	11.395564466741753	48.552915844034601	190.27577656783757	10.572609276058737	44.296669662189323	167.00462670061557	97.969999999999999	97.690000000000012	97.679999999999993	0.026199958150342956	0.053312970412980831
1.04	-0.20013318070714162	0.93109959084064187	0.95737337615021478	0.69790537236471883	11.978130132764344	49.220893316967043	192.56506258284836	10.785971748502835	42.615020823531104	166.11035366080742	98.049999999999997	97.739999999999995	97.709999999999994	0.025752815580202103	0.052935603015201838
1.0600000000000001	-0.19326746791709645	0.93123844400514366	0.95742391178701924	0.70412025929946509	11.97678848039514	47.535466861910841	177.63509017578343	10.658242419067266	41.29892343817739	145.1545277330487	98.039999999999992	97.710000000000008	97.640000000000001	0.025321847887938131	0.052567847672596757
1.0800000000000001	-0.18102751261272568	0.93155993637360479	0.95739085282324121	0.70981473285826313	11.39141290941787	46.080422654561012	176.6057843132522	10.430503216829953	41.442083491406358	142.76424459231254	97.920000000000002	97.659999999999997	97.680000000000007	0.024906327218424128	0.052208638438854274
1.1000000000000001	-0.17248717836502472	0.931818429750494	0.95737261453727451	0.71432407898862993	11.079494249764501	45.430901681190782	169.03960433737208	10.256680927431358	41.793892400429719	138.56136455270462	97.88000000000001	97.640000000000001	97.590000000000003	0.024505768308786396	0.051859819775295635
1.1200000000000001	-0.16954184277574258	0.93203577485263178	0.95738387775715661	0.71841558617203827	10.531472769211387	44.737467623074338	170.61018490742089	10.018447305331284	42.106984642407554	139.18001986718286	97.760000000000005	97.600000000000009	97.599999999999994	0.024119247917377705	0.051522863667257578
1.1400000000000001	-0.17479633953159521	0.93222002237840473	0.95736395107074512	0.72090609453843446	10.106902429415269	44.044976152890278	166.55830866623032	9.9549857563734463	41.532554117821654	142.1327188705246	97.660000000000011	97.519999999999996	97.489999999999995	0.023745964793124668	0.051193516166988008
1.1599999999999999	-0.15626481725541613	0.93224581887225644	0.95755545447913837	0.72162203930295576	9.8486843238444877	42.758957117401351	162.35980431983634	9.9134747742046372	40.644488989677868	136.09887210464359	97.580000000000013	97.439999999999984	97.400000000000006	0.02338551472025336	0.050871574704594677
1.1799999999999999	-0.148420601622789	0.93206747682878821	0.95783372641163744	0.72352151105742235	9.5522797777562722	42.931045127306092	164.60909744894349	9.7402688957665866	40.190006132071161	140.42020526784557	97.469999999999985	97.439999999999998	97.400000000000006	0.023036473337617352	0.050540944765414784
1.2	-0.16510269491253193	0.93196382105808195	0.95794820957112292	0.72667054560762501	9.6914484219513	42.029095575192528	162.08497991744076	9.5396153312631391	38.443366613523025	138.98520119037124	97.499999999999986	97.349999999999994	97.359999999999999	0.02269883173703182	0.050216748565910171
1.22	-0.15213788741777329	0.93183142667682417	0.95816886837904014	0.72904092588636848	9.7083548944526186	40.407471166725273	145.58815970953046	9.2068391212371417	36.753389752977164	138.14815859728907	97.5	97.25	97.109999999999999	0.022372199834849844	0.049901292563630351
1.24	-0.12401797345376542	0.9317269907404786	0.95844172517717929	0.72980814643587888	9.4612263960840952	41.410093569725682	140.93172369104326	9.135668994393523	35.596984632595351	136.78255761250799	97.409999999999997	97.310000000000002	97.0	0.022055645625216846	0.049589086717261942
1.26	-0.13670192781188203	0.93166035628268151	0.95869090930767875	0.73461990317495629	9.6012806865527036	41.88168961285173	145.39584185446762	8.9302258822024285	34.253145166802526	138.76602190280693	97.409999999999997	97.339999999999989	97.019999999999996	0.021749169498733182	0.049292806940342236
1.28	-0.10741526747916054	0.93146280163645478	0.95867481143963151	0.73771651467514665	9.6144528849006043	40.157716436033432	141.7456833892183	8.8496890833580473	32.764050769395034	141.5535513482489	97.439999999999998	97.219999999999999	96.929999999999978	0.021451392761331612	0.049002404606524823
1.3	-0.11064197418529274	0.93133663938814804	0.95866330612488571	0.74107763986190223	9.3318075731258165	38.797284332111168	136.0456889385608	9.061008454545556	31.734038184712848	138.95777167883028	97.390000000000001	97.150000000000006	96.849999999999994	0.021162339770337091	0.048722895129491343
1.3200000000000001	-0.09893373077789952	0.93128626861957198	0.95849801205634155	0.74451843378838645	9.408942791316262	36.492831883966232	137.70066608279217	9.0328838726486111	31.112315938219751	140.35768870269442	97.379999999999995	96.97999999999999	96.900000000000006	0.020882010711611117	0.048447369377411821
1.3400000000000001	-0.0732600781764845	0.931305190943851	0.95815311658090807	0.74691804507042669	9.1369126554839131	35.086912033747218	135.40851762145834	8.8842872621966791	31.040966618103862	137.21533090659563	97.280000000000001	96.829999999999998	96.820000000000007	0.020610012500099511	0.048172692347253632
1.3600000000000001	-0.073784173916418699	0.93123131677161308	0.95814284641908465	0.75372789918130001	8.6397887286007524	34.077944721075013	134.62389251265566	8.7101796249832493	31.761165178433647	136.81372316179412	97.11999999999999	96.679999999999993	96.879999999999995	0.020345217832989183	0.047867760743491687
1.3800000000000001	-0.044189436510787293	0.93124167385132084	0.95791434330167358	0.76113947516067348	8.6829575738109472	33.258373606044024	135.29309241270499	8.0368648932108613	30.817766578651504	139.6199319280835	97.120000000000005	96.549999999999997	96.849999999999994	0.020087841271377548	0.047559873355136159
1.4000000000000001	-0.0058937934731960956	0.93085252137161767	0.95737884432861553	0.76965103831905268	8.3079401026482778	33.834115984695195	131.38855021182385	7.5657771376026606	29.174605399061541	139.46883611311961	96.969999999999999	96.620000000000005	96.680000000000007	0.019838012912389607	0.047271697582805167
1.4199999999999999	-0.0027093488615333879	0.93106881919328122	0.95561762283872975	0.76728025673411593	7.9393506621510124	34.337407715280158	134.84733693544078	7.2404503988361331	31.108466626520595	135.84498483731966	96.859999999999999	96.579999999999998	96.72999999999999	0.019597170127516026	0.046993964521394503
1.4399999999999999	-0.010050664654259278	0.92963205033167839	0.95481684428262614	0.72630945636214439	7.9139116960841687	34.084538781702342	130.10039877584848	7.003638398262761	31.13658413780373	130.09762133567568	96.829999999999998	96.529999999999987	96.660000000000011	0.019361946266254842	0.046737599349837504
1.46	-0.026229152954090156	0.93021502267766265	0.95394582344399126	0.75898734450380567	7.7602997549425421	33.250654769377675	122.81241844708693	6.5666642887570132	31.940857743389465	130.90374753765144	96.75	96.489999999999995	96.349999999999994	0.019131498279790011	0.046470108806057328
1.48	0.15398715252024114	0.92927816202187397	0.95220436128167252	0.7585107283927075	7.6773212655524832	32.130442043322731	116.59361308013126	6.6961655110187248	30.732630458697486	125.61191670289557	96.690000000000012	96.299999999999997	96.130000000000024	0.018905139313259683	0.046141539007960454
1.5	0.083507046803990029	0.92885823921514876	0.950837202363086	0.75250376297368471	7.4299249483702194	31.696742637796284	115.12040108996931	7.0564689850885234	28.743917148694152	121.4748590974712	96.529999999999987	96.219999999999985	96.009999999999991	0.018687081775122443	0.045867998118247412
1.52	0.18179064058052305	0.92601470990782142	0.94659755956877378	0.73072712091317671	7.3118134210247643	30.27181525475234	113.76612974759117	6.9790644147660696	28.932054689670395	119.46135304225599	96.340000000000003	96.090000000000003	95.920000000000002	0.018471379608287774	0.045551016668772801
1.54	0.10964426063557407	0.92458295404666391	0.94368701371686048	0.72765601145986014	7.3786221297699557	30.744027698573127	113.48786056285932	7.0909401944715054	32.457642348664884	140.7260955738754	96.22999999999999	95.980000000000004	95.609999999999985	0.018264012299931673	0.045254989099871884
1.5600000000000001	0.2219184512600044	0.92599785849890281	0.94247633171036715	0.71086511114751905	7.1874624566704384	30.09935701587467	109.1636732387623	7.011129664643553	31.172223738207396	108.39394130965813	96.120000000000005	95.950000000000003	95.620000000000005	0.018062375753465552	0.044959914027908485
1.5800000000000001	0.16449071918015434	0.92379363295574579	0.9414257528815565	0.70307437490474967	6.9280453688256403	29.18661355744058	121.31365093528106	6.6881778446358151	32.148598822240139	206.05457133132342	96.060000000000002	95.700000000000003	95.440000000000012	0.017863430389063996	0.044661990963203599
1.6000000000000001	0.19480258743756748	0.92212031827072283	0.93610014952614817	0.71346430566369534	6.8472757654717524	29.554279898363081	109.71439426766263	6.8462832867371475	34.366233501336389	132.24867865402251	95.859999999999999	95.509999999999991	95.089999999999989	0.017669445274331057	0.044330683210639668
1.6200000000000001	0.36247576374050011	0.92120838048699949	0.93681682450877946	0.69285137677265862	6.8134855008279542	28.746643960792607	113.32892965407491	6.6257347275477256	32.102038485927338	130.03693954316597	95.740000000000009	95.25	94.929999999999978	0.017481041487904043	0.043992023721060251
1.6400000000000001	0.5739532464724536	0.91883449495152936	0.92874739076342361	0.68931324411304418	6.7906975423630964	29.607850890525071	107.95338437902107	6.3419706137644507	31.913750855195087	118.06191191777164	95.790000000000006	95.269999999999982	94.890000000000015	0.017294573973188232	0.043678645948670297
1.6600000000000001	0.45272417865445497	0.91964424604715023	0.93357005438937291	0.70275713844937482	6.4621480525780672	29.24174485044357	111.20284727118467	6.0236483399500695	34.179720886926219	119.40096721104274	95.5	95.109999999999999	95.019999999999982	0.017113028319872235	0.043449270829483452
1.6799999999999999	0.84969393154713768	0.91441637020783018	0.92789936214255631	0.66991367852698935	6.5040642033709162	28.936742587228242	107.55747896733071	6.1698151035328452	36.69617308336543	129.27818217633128	95.219999999999999	94.869999999999976	94.52000000000001	0.016935931606234342	0.043102524081684045
1.7	0.53645280994671529	0.91052087147302674	0.91989988255965949	0.67265209914556068	6.7456049287298514	27.376760598626909	103.34107461511557	6.3577220656133804	30.005545741114606	117.99111534486524	95.439999999999984	94.819999999999979	94.400000000000006	0.016760519525067314	0.042729016519094207
1.72	1.1788231414684618	0.90347456179483454	0.90738677556143421	0.6453481404971767	6.3013754682800762	26.843869901515319	101.70946514078989	6.1069283208927647	28.777691826816501	128.51564901238237	95.159999999999982	94.739999999999995	94.329999999999998	0.016589458032698918	0.042363462968735957
1.74	0.53840423745218502	0.90143185832103634	0.8949320263602395	0.58591181274493542	6.1189840718936761	26.703340655934788	107.09051449932717	5.9074149827354168	32.450426889986275	138.91696455278287	94.949999999999989	94.420000000000002	94.239999999999981	0.016429228913652609	0.042192482641756721
1.76	0.8136900739602797	0.89693235288525097	0.89798413638822705	0.600785956285244	6.2305752901643121	25.784768231377605	101.70701170839399	6.1596345595089073	28.77772377156349	117.53076351081106	95.010000000000005	94.150000000000006	93.480000000000004	0.016269427956093631	0.041883200621103796
1.78	1.4404041731732065	0.90492605732177345	0.90617905095621576	0.61647141660166016	6.0645143219819007	27.734259882017273	104.90988827758156	5.9615403510252634	30.343885228830032	132.32299584498227	94.649999999999991	93.900000000000006	93.829999999999998	0.016109555766226691	0.041764294711077607
1.8	1.0206440986541516	0.89967280475499867	0.88480604446285205	0.62080226707140951	6.2571398070084285	27.929058385940056	107.73913845927568	5.7850694394330278	35.956959845419703	149.04191016356464	94.670000000000002	93.789999999999992	93.549999999999997	0.015956161245248589	0.041335612638632439
1.8200000000000001	1.2038547891889966	0.89227998162987721	0.89630479188119438	0.60078613067284781	6.4540790470034439	26.078704402419596	111.44165074951813	6.8646639502920976	30.563228607134771	153.34089924082645	94.589999999999989	93.719999999999999	93.38000000000001	0.015802187821802777	0.040906158068187357
1.8400000000000001	0.80167557694037783	0.89335096301123307	0.8797341183213192	0.56380074401873537	6.1518195132731321	26.329696316992589	107.48424765911982	5.811051551396794	29.897775209934423	136.1529786316184	94.399999999999991	93.099999999999994	92.97999999999999	0.015661614484515276	0.040788462494566226
1.8600000000000001	1.2724681751213118	0.88788565588497015	0.875762750897078	0.58076109846663937	6.3940343527211763	27.909292695281131	117.33129444649016	6.2696479857905878	34.435950416888645	173.95513586967738	94.459999999999994	93.219999999999999	92.960000000000008	0.015510664510729081	0.040421659604169061
1.8800000000000001	1.2972700033653897	0.88183746377389749	0.85081999397858998	0.57573617144352851	5.937096232998579	26.507919671546933	111.09979315236237	5.6754513878854818	28.28877320227091	164.36221944791893	94.039999999999992	93.02000000000001	93.030000000000001	0.015369200153556297	0.040007147380762872
1.9000000000000001	1.0755516404115784	0.88464821758378887	0.85709066725877958	0.55852717945747798	5.8246750803918115	29.107977446539802	103.67440898029471	5.564333796313413	47.770261982495505	199.16655664655684	93.780000000000001	92.950000000000003	92.660000000000011	0.015237559199146173	0.039848401701666487
1.9199999999999999	1.2611364799715037	0.88304125863732497	0.85726820557673489	0.52245038979014502	5.8570085299779366	27.203672734502412	107.17296186833815	6.411182568233448	34.11843186309882	171.43971244851943	93.580000000000013	92.599999999999994	92.390000000000001	0.015094381434745448	0.039480828567995681
1.9399999999999999	1.8011383806924592	0.87364301857975413	0.84529790848206721	0.49273636619084532	5.8090712617471993	25.318859362169995	104.78333677133591	5.9975803360340612	30.053584955622341	170.6897852225008	93.719999999999999	92.570000000000007	91.940000000000012	0.014964751213734778	0.039255046760233142
1.96	1.214201424068285	0.87280376750940436	0.8405075769199557	0.46655108330117911	5.738984444395042	27.125350938815853	100.13066623616274	5.9745302254788601	33.983434397982528	141.55079551770876	93.540000000000006	92.579999999999998	92.070000000000007	0.014828390349213261	0.038695470056594489
1.98	1.5899677242049628	0.86832172576226652	0.81115208778923376	0.41279418692713676	5.7371446458854534	28.776220430146431	105.01543348906873	6.384621100788439	37.772232557357803	172.50041992141527	93.219999999999999	92.159999999999997	91.890000000000015	0.014705459785956235	0.038420257620151721
2.0	1.6818430931083499	0.860281054007763	0.79943386292865859	0.44889746816841641	5.4783554434511359	29.002574801200126	100.08500396604282	5.6561283626934555	38.520804207131476	139.36014284689284	92.939999999999998	91.969999999999999	91.269999999999996	0.014574310930481726	0.038008412388599165
2.02	1.530340134944675	0.81734399997493712	0.7346949097215707	0.41000270151611601	5.4670233204470797	30.335113281994758	105.34952242278241	5.0279769088406585	47.899640706094146	184.0967189496497	92.820000000000007	91.709999999999994	91.139999999999986	0.014450732860158392	0.037263711165177495
2.04	1.8533037557341698	0.84886182034468871	0.80115551630591497	0.42180151526043569	5.4324423060359202	26.017448369666017	95.085857032070891	5.0405160097657014	30.691726664897736	125.28001439822431	92.799999999999997	91.579999999999998	91.349999999999994	0.014331508653918922	0.037382695254446173
2.0600000000000001	1.6483900540114569	0.85195984043875195	0.80369415834675451	0.41218210250822801	5.5809275706554509	26.918352836212954	95.594292652924793	6.2388420167249965	31.111049327454065	133.7317697188299	92.570000000000007	91.100000000000009	90.989999999999995	0.014223031781765033	0.037336546840531198
2.0800000000000001	1.7109036096701051	0.82889759201595081	0.78770278598148324	0.3791708392898433	5.31305871621365	27.215736062751727	99.638107450100804	5.9603151737214661	37.603285793157447	144.06057195961031	91.980000000000004	90.890000000000001	90.650000000000006	0.0140963503730868	0.036509156622346862
2.1000000000000001	2.2123457789725247	0.83979666693170429	0.75594139876349886	0.44762269770005847	5.4272121098883037	26.746238298166634	87.078398387039257	5.9135022781036763	33.311585378014108	106.22135662217276	92.000000000000014	90.570000000000022	90.129999999999995	0.01398009874207661	0.036434428773859301
2.1200000000000001	1.8575347350489089	0.79805766298269365	0.71929046824966048	0.36898955419065504	5.3396883558892041	29.500215248624396	108.05036591514923	5.8303846693022141	43.867429608362578	182.9362630331446	91.679999999999993	90.289999999999992	89.940000000000012	0.013864039111388417	0.035580506221181904
2.1400000000000001	2.2227242042032618	0.79982956242469128	0.74819534009844757	0.36588208976475634	5.5034930706885188	28.34917123913808	99.721024022538927	5.6639029533188401	30.727878426097654	136.90675888543515	91.330000000000013	90.179999999999993	89.390000000000001	0.013762102585651267	0.035239633325825262
2.1600000000000001	1.7463309865148846	0.79367867004304782	0.69622053012570473	0.42283196575224763	5.2178592892298488	27.703269906550759	84.781483144059195	5.5978603618224074	36.890516133612167	115.49020354645054	91.38000000000001	89.960000000000008	89.349999999999994	0.013651229616238922	0.035126889525292894
2.1800000000000002	2.331099425979517	0.82512064668553164	0.72717171542349779	0.33323463421591787	5.2321927737593317	27.282374559164975	88.181234386752038	5.8654027473146693	33.243989130105248	115.636489323452	90.860000000000014	89.900000000000006	89.190000000000012	0.013540605568811407	0.034852252528399866
2.2000000000000002	2.3106207695553826	0.79999051609784844	0.70931433065826122	0.32161156637873967	5.4180786039182163	26.818614967569864	86.033314198849638	6.0518879508743773	33.233136181967446	111.73687711328439	90.969999999999999	89.629999999999995	89.079999999999998	0.013448765684653547	0.034942422867934045
2.2200000000000002	2.0806432714382814	0.77388377755043125	0.68949790596748206	0.35132868615920004	5.4629102695225775	28.413354912295453	89.885923023145523	6.3371278337085029	33.084945662876336	114.35717491341748	90.640000000000015	89.260000000000005	88.61999999999999	0.013340598976724415	0.034458694578341553
2.2400000000000002	2.4241280872237665	0.78958993526840648	0.70442569785937315	0.33557817112790661	5.6647619203993491	29.320792903220273	91.450997167896105	6.5783268654854599	37.577760507482111	128.26895565000098	90.560000000000002	89.13000000000001	88.539999999999992	0.01325027496257751	0.034197537381367771
2.2600000000000002	2.0511737806480941	0.77060264355447627	0.65817768399246857	0.28839954543278801	5.2757037484128171	27.499285869572056	94.035403929626639	5.8492002156058138	35.643952985145454	131.38110213109516	89.969999999999999	88.299999999999997	87.789999999999992	0.013140093182911572	0.033583833838347808
2.2800000000000002	2.2575069049449414	0.78683751063662477	0.68496098830793861	0.30697350266101242	5.5345894398058428	27.410927296137466	89.778766498501511	6.5286992054297128	34.817995093141121	120.34503596427601	90.099999999999994	88.75	88.039999999999992	0.013050727613202884	0.033362404769074767
2.3000000000000003	2.1523318841571832	0.7436531849491409	0.59628936948559408	0.31281080714097109	5.2725091397363206	26.819546126051581	86.648050888361183	6.0183876392138815	33.693354495195756	120.09224610512547	90.060000000000016	87.88000000000001	87.920000000000002	0.012957225057974534	0.032942856769475462
2.3199999999999998	2.533194166216505	0.75162448146277105	0.63352246744035001	0.34463218584621236	5.279875902513206	27.388693341372306	86.096527483320415	6.2163698987998082	45.68763921888597	132.86031089288787	89.790000000000006	88.099999999999994	87.749999999999986	0.01287117018791672	0.032688603695670768
2.3399999999999999	2.473749648098936	0.74467366688053549	0.62284187991480211	0.28771546260868097	5.4975395728273684	28.33721728689536	85.476294450368243	6.5955820564654761	39.370140350684785	120.07157583090986	89.409999999999997	87.540000000000006	87.039999999999992	0.012764437970455978	0.032225795450008893
2.3599999999999999	3.0152265807728078	0.74698042121964825	0.61554628821980717	0.2156320233170658	5.2586755053787737	27.765553626512762	86.644592395907665	5.7513653081561182	34.65823116813813	112.99160053682343	89.11999999999999	87.659999999999997	86.439999999999984	0.012673205936269638	0.031462873860570513
2.3799999999999999	2.7691410663969105	0.74414056731115064	0.56183506418277074	0.219232954575104	5.3466313093182585	27.688942293877965	86.641843111410978	6.048141824859588	35.893707970027755	122.48810315891986	89.060000000000016	87.129999999999981	86.509999999999991	0.012589989828335951	0.031450446952930949
2.3999999999999999	2.933714269231178	0.77091233727275843	0.61613754493329709	0.25921366513612443	5.4105778130714652	27.683287437680502	83.053003305454567	5.7205833715175745	33.935726582252478	113.33982231369305	89.010000000000019	87.25	86.609999999999985	0.012502680339779689	0.031782474812022177
2.4199999999999999	3.3733821933748578	0.72471916330433062	0.58684404389104705	0.25694610708270027	5.1717753650228921	28.081816254760248	89.356581210022497	5.4231028707286075	34.889737884185521	119.91155373141105	88.799999999999997	86.579999999999998	86.510000000000005	0.012410656692144117	0.031244107064735533
2.4399999999999999	3.0764228657355934	0.70871416884990501	0.56867646282591777	0.23624913985855217	5.3392456512368645	28.067424825108759	85.862289518572851	5.3691577744090981	32.413596574303007	110.77943602023615	88.950000000000017	86.680000000000021	85.939999999999998	0.0123313344521812	0.030939004517877074
2.46	3.5066862827057466	0.72356007055698979	0.54861814404784814	0.25071442980260122	5.2771759038336965	27.145745231488569	83.261445024797894	5.3850092743466744	36.684166499920892	128.52119919344096	88.780000000000001	86.889999999999986	86.580000000000013	0.012255841284064973	0.030999373002002624
2.48	3.0292736760691157	0.69461955406363607	0.57189812420031083	0.21215161599843951	5.2810364929639864	27.393555565816065	85.282991916930172	5.9932329127304893	31.455924014203596	126.71200650390904	88.340000000000003	86.350000000000009	85.890000000000001	0.0121649762946401	0.030016753317073624
2.5	3.1089771367508421	0.70296989161810897	0.50515589071464384	0.20124880648328528	5.4563802788877043	25.952960503023235	76.022845967577837	6.5020390566026176	32.351823541129669	90.844880224602733	88.27000000000001	86.430000000000007	86.039999999999992	0.012089191473022971	0.030759162813972663
2.52	3.2723998254167368	0.70937691467438624	0.52751373338490037	0.18614058152652185	5.5517830905527141	30.123167330734457	78.508517677468987	6.1168931058743805	40.614602718439571	101.00379628563664	88.320000000000007	86.109999999999999	85.890000000000015	0.01203891876795685	0.030786613908362005
2.54	3.4858858154783245	0.69232708022114897	0.52388871726824515	0.19761692682609935	5.2053904209345632	28.798813096441073	90.65392556285363	5.1926503138489126	37.591520342616249	164.42729591211295	88.059999999999988	85.909999999999997	85.030000000000001	0.011925478421307253	0.029326738360409978
2.5600000000000001	3.438602350132367	0.6598027563849086	0.5241857084214655	0.16511838537150014	5.5405386617532404	27.233980223568672	85.147093197119659	6.3205395502101496	34.44252184333449	104.94738345029081	87.789999999999992	85.599999999999994	84.769999999999996	0.011863581577226121	0.029965878926619192
2.5800000000000001	3.2636582882150242	0.66490641028951447	0.49566305358959228	0.17724109545306738	5.3036606226087759	27.074602107832089	75.037339673071969	5.4565847747918976	30.957090215236803	90.829623022925773	87.499999999999986	85.079999999999998	84.530000000000001	0.011767210278286977	0.028968207123443744
2.6000000000000001	4.4236409065414497	0.70428636849083792	0.48298323331986576	0.16550968550500805	5.3354745710743359	27.536390859507481	76.875030785258119	5.7502301872895059	31.52103790219379	91.693502960396543	86.969999999999999	84.949999999999989	84.620000000000005	0.011744324194413763	0.030322267984625402
2.6200000000000001	3.1920572289655089	0.62237281037681913	0.42707609799574664	0.15624800217978699	5.4335258707156928	28.230372832786571	78.490593896406594	6.0782791911501501	33.513386871834925	104.00305795849538	87.110000000000014	84.579999999999998	83.530000000000001	0.011636195910673809	0.028751453290235048
2.6400000000000001	3.4141538674743481	0.61113348441183146	0.49492549631219812	0.20052236463640946	5.6299025075407592	27.346042304812812	77.815159536221842	5.6934301328388184	32.196172282672208	97.598510917762269	87.219999999999999	85.11999999999999	84.629999999999995	0.011557316276350555	0.028230230436310066
2.6600000000000001	4.1803363191244705	0.67295663062653255	0.47347100484101839	0.2177948787529666	5.4167313320984798	27.150485098901253	68.62252424279032	5.7489186312572222	29.956297623963081	80.851489143870793	86.960000000000008	84.680000000000007	84.0	0.011491459468953693	0.028657666560185258
2.6800000000000002	3.8875131652664825	0.67429856843738989	0.46369732725605906	0.15577885545522355	5.0695337787103245	27.603481937247334	80.069736368512054	5.1773544796165449	36.275253087678152	116.42705927277086	86.819999999999993	84.679999999999993	83.739999999999995	0.011439159443088213	0.028801995700911586
2.7000000000000002	3.4985146390266664	0.64729496699002331	0.39286299528472762	0.12740682006488285	5.7417065056844132	27.212501974759498	73.06408299037048	5.6202301965437096	29.015032062884181	89.672986239884736	86.650000000000006	83.97999999999999	83.440000000000012	0.011378623236405389	0.028853038316098582
2.7200000000000002	3.6684698325572489	0.65139500998917277	0.43797784710950421	0.18016986422133302	5.4260026111365205	28.128231163756805	72.997908094665576	5.2143614472248316	35.454607508143674	97.722056768297293	86.379999999999981	83.75	82.780000000000001	0.011271020628191179	0.027988095809416764
2.7400000000000002	3.8420617281985208	0.64145475180236389	0.391184347781519	0.11364688169618438	5.3336941462432241	28.141526193457526	75.973613742041536	5.1600380779965187	31.414788812075813	94.92265260459142	86.379999999999995	84.010000000000005	83.420000000000002	0.011186930896955828	0.027277550545614693
2.7600000000000002	4.4286212007247867	0.59706654872367593	0.38929309890160579	0.099476481748476203	5.2925790094508756	28.458201223234028	72.850343112416382	5.0554955233796566	34.567567415670368	102.89009156639574	85.749999999999986	83.539999999999992	82.570000000000007	0.011141792844268833	0.027296113892642786
2.7800000000000002	4.341388760281867	0.58940805497241155	0.36879446881609601	0.12384132090902225	5.4658465192258561	28.404764325492334	77.742655710664309	5.748190189210991	33.166868950018326	101.09437591865269	86.190000000000012	84.069999999999993	83.219999999999999	0.011054074780381482	0.02635092318518888
2.8000000000000003	4.4691482957255459	0.59482353463133852	0.3925392705385638	0.1140595536830977	5.7242416967512808	29.910980465487775	75.589934518099241	7.4471178383044387	38.89119063271005	95.470118509138828	85.47999999999999	83.429999999999993	82.209999999999994	0.011001752915254416	0.026676804605986565
2.8199999999999998	3.6676209686202923	0.61748577396216953	0.35484177661228139	0.058144730652023649	5.4060753435261457	28.113483657583551	71.951551097169059	5.6424461370910342	33.28228091156253	89.712095900904643	85.670000000000002	83.059999999999988	82.210000000000008	0.010940382297477133	0.02640385570801022
2.8399999999999999	4.3292272541212222	0.5775245419124958	0.39465993612587447	0.086840020515647723	5.7926125999602487	28.593097709369186	73.798337699176756	6.9111546249552713	34.584822160848404	96.589850854453942	85.289999999999992	83.149999999999991	82.099999999999994	0.010855218104655799	0.025618735337286487
2.8599999999999999	4.0261578416441335	0.57813717175825519	0.3845079917603253	0.15766111309218089	5.6879067946269757	28.033457681845828	72.961110042683629	6.3642414748559428	30.621286363679115	88.949084904328458	85.420000000000002	83.179999999999993	82.0	0.010801285255966683	0.025554957305689796
2.8799999999999999	4.1541436549487436	0.54369186065494746	0.32886823112781616	0.10345489597025667	5.699772883372078	28.985044038210571	66.771655230683663	5.9993074825925481	39.487132198001014	90.579765131833511	84.810000000000002	82.560000000000002	82.340000000000003	0.010744243263546954	0.025539442581843382
2.8999999999999999	4.1510369858540956	0.56277980762748514	0.35579178860865107	0.080818976164107159	5.8371664365582721	28.958741942157076	68.299500700352809	6.6956226235163543	33.460459389761681	77.227476057003997	84.959999999999994	82.890000000000001	81.830000000000013	0.010692074554792303	0.025465224456802282
2.9199999999999999	4.7158031907762332	0.57178544788897845	0.39816830404250092	0.12056728313973528	5.8407729083182716	28.180557690349161	69.364190604189318	6.3814971584725697	31.291474783360872	81.575356293779834	84.819999999999993	82.25	81.549999999999997	0.010624248695448304	0.025458235153914193
2.9399999999999999	4.7155938569023492	0.56752774588934574	0.34764264169493875	0.10795655055804076	5.7967487771451518	26.931982295976091	70.535606149735855	6.5867936172972659	31.29610343965799	88.562760309174152	84.390000000000001	82.080000000000013	81.109999999999999	0.010590764530413656	0.025562129806232035
2.96	4.5744295616898567	0.53453030599006568	0.30244758758092866	0.060332538790501801	5.8346859925083772	28.422183132077464	74.238517562177464	6.9076219721182373	35.356337383326526	121.66313235882413	84.680000000000007	82.38000000000001	81.700000000000003	0.010518520338101694	0.024928835480500827
2.98	4.7786140621080033	0.54833143338806001	0.31460073335059224	0.0550956640570711	5.7189904942662322	27.558920454025461	70.028968856476283	5.6520053607625549	30.51753035698756	80.848674822733074	84.730000000000004	81.870000000000005	80.940000000000012	0.010457315464886697	0.025086824510109053
3.0	4.3680002261794755	0.53633861520559389	0.32092607128191669	0.086979539293203775	5.6144870020732256	28.576891583231593	70.727925955103643	5.9770053642269323	32.303064963809469	88.447088909119614	84.109999999999985	81.099999999999994	80.199999999999989	0.01040550128374319	0.024704979889779551
3.02	4.5208025092488455	0.57350085543954998	0.30414509380692373	0.10341341450738759	5.7716138217784012	28.398107367481281	69.566666003828047	5.9947533000990667	34.920752761017638	86.697543743877205	83.940000000000012	81.530000000000001	80.47999999999999	0.010322033719517716	0.023817713557837138
3.04	4.8614720915330123	0.53561841126214838	0.3114915530270036	0.087841092395067363	5.6921684187665216	28.515724725266487	73.266560390091982	5.5078502872760335	37.646804713097595	100.72236012429691	84.36999999999999	81.440000000000012	80.870000000000005	0.010286621125552474	0.024448101940344556
3.0600000000000001	4.7490035614357486	0.52184621320425428	0.2748983016506914	0.063049387081607455	5.7945601665824027	27.187121902604638	68.641017631986912	5.6871037470213528	30.949623145613977	80.875579932602903	84.260000000000005	81.320000000000007	80.650000000000006	0.010230809694962498	0.023868383381185961
3.0800000000000001	4.9274188543787769	0.54122472985000092	0.31385577844413376	0.13311869356222089	5.5546285032107372	27.598365834660296	66.987280251457889	5.9777968958258541	31.331418846716495	84.898223646682524	84.460000000000008	81.090000000000003	80.039999999999992	0.010153114050724816	0.024087983709935666
3.1000000000000001	5.2343359218660783	0.54969706931942963	0.28712303121595723	0.076073350499270193	5.80126617819659	27.909750209442954	60.199630149339669	5.775740044524218	31.885726164814763	82.618376772569349	83.650000000000006	81.140000000000001	79.640000000000001	0.010119675639035678	0.024274799454719359
3.1200000000000001	4.7342186329579592	0.53092967100276234	0.28376697759656672	0.10826111437177213	5.7249632220291149	26.866225265687767	60.864813413009401	5.5919639692710863	34.330977333880533	79.003062939968288	83.72999999999999	81.059999999999988	79.960000000000008	0.010055590864589656	0.023355828476478435
3.1400000000000001	5.8287168002547789	0.5091004676621278	0.24539762051654712	0.057600639013525634	5.9146278018601164	28.728127688414304	68.577674484098523	5.6288278918424197	35.826171909890363	87.088248653378031	83.079999999999984	80.47999999999999	79.219999999999999	0.010009681276813039	0.023033573055532931
3.1600000000000001	5.0162833057000604	0.52051297752583348	0.2518534398517559	0.081673827655718331	6.0844599830269832	27.964309083077545	61.4634213889953	6.9079297713239711	33.447000281792377	75.996896091997513	83.590000000000003	80.919999999999987	80.049999999999997	0.0099451976869974097	0.022804002372452423
3.1800000000000002	5.1607734371918408	0.49717692565864402	0.26114956071835493	0.071520907885640445	6.0321660738783844	28.731917292663866	67.48431584355383	5.8442397684071965	31.761087000234813	81.651353330202696	82.990000000000009	79.929999999999993	79.560000000000016	0.009902005963866891	0.02264641016347662
3.2000000000000002	5.490575560833487	0.50417867179822073	0.24225439994389272	0.098893668195422696	5.9440108369447691	27.54990171023589	61.391005813301796	5.8237767398246216	35.536726286755759	83.400915202978837	82.890000000000001	80.230000000000004	79.200000000000003	0.0098514548274817003	0.022365738063761076
3.2200000000000002	4.9272995325179076	0.5162414446768363	0.27062831502463175	0.075818021838549909	5.9941097191595052	28.728612434071984	67.536097377862703	5.8728224110607128	34.104814694453715	80.331143866932692	83.039999999999992	80.199999999999989	79.409999999999997	0.0097907481989813489	0.022237929176286097
3.2400000000000002	4.8831321847888054	0.49009908062361446	0.28516471015573902	0.11065520714670229	5.9920160559171043	29.158772255363516	67.537190960204754	6.0642680350849441	32.351176863822282	84.37555982601944	82.799999999999997	79.739999999999995	78.849999999999994	0.0097613073474885036	0.022245545048194981
3.2600000000000002	5.2162095161189646	0.48881314300586121	0.24338873656571777	0.067378449915436303	5.7206632751395556	27.722502543232757	66.034079288546693	5.6272654843670349	29.445577640968985	73.895717513281994	82.540000000000006	80.299999999999997	79.219999999999999	0.0097067799769887716	0.022557222470514914
3.2800000000000002	5.5327509816524376	0.47806340699980276	0.26776586163130001	0.074256543722924742	6.2278120308007487	27.76348755344852	63.165978467069422	7.1291704505095383	31.113475220013832	71.550684550761389	82.490000000000009	79.340000000000003	78.409999999999997	0.0096658834614155136	0.022333608253066819
3.3000000000000003	5.339320427182173	0.49430191576583837	0.20200720607446523	0.059900737807169813	5.9100721592409098	27.985227974292037	62.107984222061603	6.1152023749494075	29.659039970528084	74.021085739550728	82.220000000000013	79.830000000000013	78.400000000000006	0.009633968454788689	0.022356167419577674
3.3200000000000003	5.5103692892539122	0.4686197086187554	0.23935143774445472	0.06111399177197134	6.3861797158335349	28.260763007957856	63.725908623128461	6.9367419497228031	31.374801587951715	79.171608429096409	82.530000000000001	79.599999999999994	78.040000000000006	0.0095732812709535629	0.022192354641610505
3.3399999999999999	5.5483309720318825	0.46954370140626012	0.2900773923137005	0.10322936892117647	6.2187268364139952	29.363721075330176	63.619328063020511	6.693364131500033	33.788300334026914	77.390697962923184	82.109999999999999	79.459999999999994	78.599999999999994	0.0095470375308656756	0.022196341802467722
3.3599999999999999	5.6359686305393657	0.46147021214642148	0.24225728189663923	0.06954633077871028	5.9440698326134394	28.177562625836988	65.488951159202983	5.7533721281561343	31.019548960936881	83.454937350895008	82.060000000000002	78.849999999999994	77.900000000000006	0.0094473072222702546	0.021017170250443539
3.3799999999999999	5.9300624034820464	0.45665897368542174	0.26699545848647632	0.084427177955812727	6.0614020807322095	27.929256848615204	57.985059294718965	5.9802052976989239	30.078335645095358	61.084407392242461	81.659999999999997	78.840000000000003	78.090000000000003	0.009423820784980521	0.021679572554937358
3.3999999999999999	5.354483287856981	0.43255750614469984	0.20622511331519675	0.062808887305532524	6.1706400371250982	27.024060449855295	59.943714465336107	6.005982306560405	34.943911650130374	76.69591329521225	81.650000000000006	78.550000000000011	78.280000000000001	0.0093898934032178114	0.021006526042911401
3.4199999999999999	5.8561063668635356	0.43238072404438216	0.18304551534022701	0.058244588203126488	6.1249763756119906	28.063257166537348	60.415446593188221	6.1841489632051516	32.523784857212931	74.464027036439717	81.739999999999995	78.360000000000014	77.240000000000009	0.0093408466475129771	0.021239095010369177
3.4399999999999999	5.2910021515895869	0.40600792545047276	0.17248622880711548	0.058290515143148515	6.2387207635398987	28.460179804729513	60.811133199610865	7.8933463198799441	36.347335558134404	78.846034657921521	81.429999999999978	78.439999999999984	77.359999999999999	0.0092942475732257605	0.020377635923682063
3.46	5.968836076407853	0.45160853204561641	0.21635689588943047	0.059164781333961282	6.3869957612026882	28.63515197403715	59.799716247722834	6.9468131931537229	33.228921869781956	71.015774940383224	81.52000000000001	78.170000000000002	77.27000000000001	0.009251045705712193	0.02128055980969825
3.48	5.7231413210513979	0.46424511580971145	0.21911145619148834	0.053844500775535639	6.0008607926161002	28.926128308993185	61.413230742100339	6.3561045065036961	34.005251732253932	76.874061150442458	80.989999999999995	78.210000000000008	77.27000000000001	0.0092080726964481382	0.020437188234529592
3.5	6.1491765146227841	0.4234142974994447	0.22131942965837265	0.071150068750236495	6.2559115712405209	28.733521098641035	62.860571782655619	6.9287388374309185	32.250661632683766	74.004310552235196	80.75	77.809999999999988	77.0	0.0091924328803057696	0.021121975289333135
3.52	6.154430046780468	0.43402189730497687	0.18683263223532406	0.068085518034154774	6.0271851567432675	27.09031317982511	58.605516959260214	6.4695624709814012	29.545347359937495	66.7472117568241	81.039999999999992	77.670000000000016	76.459999999999994	0.0091296948049760344	0.020489284811609786
3.54	6.3790079738069938	0.40995192762466248	0.19420669350062941	0.071227903534559295	6.2386720298973115	27.928340992414075	59.492066448420758	6.1817137876293033	31.630096970063459	67.884570928378224	80.799999999999997	77.580000000000013	76.630000000000024	0.009087785450592429	0.020421807054965175
3.5600000000000001	5.9326642374725669	0.39545022405395364	0.16987328348796765	0.048280534098672424	6.1417925583060189	28.025010063551264	56.616129853768577	6.0138323786764776	35.708328048777375	75.689101211797336	81.030000000000015	77.609999999999985	76.129999999999995	0.0090294892878075642	0.019972880419409957
3.5800000000000001	5.708710655487681	0.40441037198215868	0.18856469548119945	0.047807635698629905	6.3946595173529968	27.181570994049491	57.14105658659831	6.9481032610163584	30.630680945039749	64.511839440434258	80.760000000000005	77.450000000000003	76.450000000000003	0.0089757861697677861	0.019769359780385697
3.6000000000000001	6.6444234619709039	0.41874443192135435	0.22881279981809102	0.078227252342993006	6.441804050563495	29.763584705228304	59.226180268422908	7.1492178849332051	39.115759599662489	80.576197294324402	79.969999999999999	77.010000000000005	76.200000000000003	0.0089566050773074654	0.019752766603236594
3.6200000000000001	6.4878046829961438	0.42017798000036188	0.23594414790439117	0.089562344660744975	6.677133930926102	29.206943765817403	61.321136223966995	7.3976879409678986	38.249377339204997	76.95411425186532	80.469999999999999	77.190000000000012	76.260000000000005	0.0088989373021718682	0.019558591885036135
3.6400000000000001	7.0924300791251511	0.41026668345468364	0.22946037086034679	0.063852715808527222	6.5146212974150597	29.364234673841302	61.664882401554806	6.8236871304832833	31.72601686592024	73.447654388837421	80.049999999999997	76.870000000000005	75.77000000000001	0.0088572336440226641	0.018932640522058987
3.6600000000000001	6.5077115941554258	0.36501660714982714	0.17832681655328236	0.042788765112128702	6.565791953949585	29.528961174782744	60.14109629184528	6.6234551873451109	32.050528637162728	71.843433933146869	79.980000000000004	77.039999999999992	75.920000000000002	0.008843874295663072	0.019106991112863028
3.6800000000000002	6.5161070975576942	0.40991155705298388	0.18343549743378612	0.045466953578446642	6.4147825216375036	28.693942167653255	62.118502236416475	6.4280677045693846	32.506451311151821	70.710483747350565	80.010000000000005	76.539999999999992	75.390000000000001	0.0088041697858715004	0.01920963772684401
3.7000000000000002	7.0392367230766641	0.3960110491916552	0.15570454215727669	0.038056199415351939	6.4900360036006486	28.389501367338443	61.371325294137534	6.2026874357696373	29.702861203074047	68.513872690846611	80.040000000000006	76.830000000000013	75.5	0.0087420690498665014	0.018933049650302142
3.7200000000000002	6.6902125549129199	0.38634601561597903	0.19578395609799876	0.052332007756825803	6.4329941578161725	28.853290979980777	63.109256791694953	6.8118334811715231	33.885429341874996	79.197362408981704	79.820000000000007	76.420000000000016	75.049999999999997	0.0087172210899255954	0.018895997247418701
3.7400000000000002	6.2890876756326755	0.40866453047378404	0.16282654252644851	0.0374691312600006	6.330510605548981	27.325769589610026	54.638884967954709	5.8935082189752066	31.7360648118153	62.38774267169812	79.469999999999999	76.450000000000003	75.090000000000003	0.00867417726987528	0.018537732343468453
3.7600000000000002	6.3284727802938976	0.40415841779417044	0.19613495268747563	0.080373111154636773	6.452249703319529	27.847732605871073	60.659503095049082	7.093807506585267	34.059467488286288	80.079528139086989	79.939999999999998	76.939999999999998	75.299999999999997	0.0086530367320458591	0.01883639427169979
3.7800000000000002	6.254201692020219	0.33704882731183428	0.16818497191709789	0.044899342664577721	6.6604664778444675	28.820651607336135	55.901309010937283	6.6644433509727659	30.948234796957088	64.264256434352603	79.5	76.210000000000008	75.289999999999992	0.0086183189613530178	0.018445041992075334
3.8000000000000003	6.1123201400983627	0.37101034886445111	0.20431282183027138	0.04774783314506633	6.5594449256475027	27.297357757106237	55.999946920844465	6.6766204141826808	30.250482257274193	67.709570616685284	79.760000000000019	76.439999999999998	75.539999999999992	0.008567022842921778	0.018504688134073279
3.8200000000000003	6.7028820391043613	0.39084274376074657	0.19403313119886176	0.067582669597366349	6.6954823700049246	29.663521405091405	61.270646152184284	6.9986282609520698	33.875727240280249	70.792325769629429	79.27000000000001	75.929999999999993	74.870000000000005	0.0085313897154105645	0.018336516336411358
3.8399999999999999	6.8056756729121117	0.36840969392852208	0.17638652964330195	0.051831875996004598	6.3634998765603115	27.985038170035956	59.413662890346174	6.3815547226310461	29.024544594731584	70.453139737698507	79.460000000000008	76.030000000000001	74.919999999999987	0.0084796546333637361	0.017999772680053969
3.8599999999999999	7.4932979606481718	0.37508078869060962	0.16915574423871774	0.026108432787560077	6.515820950019882	28.914566207968829	60.636895270978414	6.4261354860434086	32.596275017330889	71.200646419636328	79.659999999999997	76.030000000000001	74.919999999999987	0.0084672720840680941	0.018346521607695912
3.8799999999999999	7.0030056043816131	0.34285607830552511	0.15621404379991888	0.033191994626497814	6.6504156600991733	29.137862068171067	56.499227775816394	7.5623325421748335	37.291770443002044	70.005601448636	79.169999999999987	75.460000000000008	74.77000000000001	0.0084234283855057473	0.017946996433577667
3.8999999999999999	7.2378414643778308	0.36455387837645398	0.15952337608619288	0.01969307226909572	6.5158610413014229	29.106258717697706	60.912696377576424	6.5418259628724247	32.957064101852779	73.70236487757451	79.13000000000001	75.200000000000003	74.159999999999997	0.008381071840444284	0.017682629852846472
3.9199999999999999	7.2261018853717385	0.35679561790323328	0.15738097426378195	0.041937823663570017	6.4828230190215121	27.692050639400822	53.365987887602365	6.5725963230262732	29.592201997662027	59.57244320712401	79.090000000000003	75.719999999999999	74.200000000000003	0.0083524902183118484	0.017403676219029662
3.9399999999999999	7.8366426590355784	0.37577167499441433	0.1870447375152649	0.034934584097290236	6.4273344559079488	28.146110549500122	55.871527652051554	6.7817210801381789	30.994110615589598	63.736531168295173	78.670000000000002	75.140000000000015	74.280000000000001	0.008344894842664102	0.018047350849250684
3.96	6.9852772556329557	0.33180845892889999	0.11560627937602941	0.028249235096048979	6.7668736296092264	27.853391668864504	56.222334140933036	7.1848895250190852	29.541213514440209	63.803182242274808	78.570000000000007	74.980000000000004	74.069999999999993	0.0082903957473289772	0.017079574294028593
3.98	7.482617950618244	0.34520810077084552	0.15364952028797951	0.045341608068801387	6.6201462722589541	29.209374764550063	59.86906688296277	6.8149499963024285	29.28353989123779	69.938370138151384	78.530000000000001	74.940000000000012	73.609999999999999	0.0082463123029124959	0.017315678822129723
4.0	7.4435596759264673	0.33504533792453345	0.14496827354981273	0.04186647747889978	6.6025485830231858	28.912566672130311	56.654669799547172	6.7934874491349193	32.130944644493987	62.883550709694475	78.5	75.150000000000006	73.909999999999997	0.008199970013863753	0.016693304810762696
