weight	lyapunov	err1	err2	err3	m1	m2	m3	std1	std2	std3	null1	null2	null3	f	stdf
0.0	nan	0.74078896041981668	0.12391124338170752	0.020914198899142609	7.5300665300582805	11.241600955601161	10.257348636940215	15.981721169776756	26.929854591406503	23.8873960095267	99.900000000000006	99.900000000000006	99.900000000000006	0.99972067377327423	0.099748846604573976
0.02	0.045100080782119634	0.89717685728550678	0.92265252010099064	0.46169762722277358	8.5013399587967484	15.106047215344564	39.870793044652608	8.3099664899632355	14.772168166819643	34.239883356596373	98.914999999999992	89.614999999999995	58.823	0.61013433061260069	0.099807500232271071
0.040000000000000001	0.043153413605097737	0.91052905865933087	0.96855611877434167	0.55700145668046785	7.1827257685815438	19.292108861762582	46.597028990147983	7.6418664638265481	17.921623908853697	43.45087826230521	98.643000000000001	88.111999999999995	59.094000000000008	0.43913911043937748	0.099964409712104074
0.059999999999999998	0.049205036561414013	0.94600034208741923	0.98298448778586067	0.56603867313167899	8.2759515652208595	17.863609042205407	43.210081215870233	8.3296738247859032	17.173186405286792	55.192475126676712	97.757000000000005	90.458000000000013	63.868000000000009	0.34307350151931398	0.10018610071109298
0.080000000000000002	0.031836573930018944	0.95864230652589499	0.98885217378848567	0.54600972932295422	7.9713414594629652	15.991478634025754	39.095790668683279	8.061894772926312	15.518962575320284	52.961264836574777	97.866	92.603999999999999	67.157000000000011	0.2815645222799113	0.10026099907507786
0.10000000000000001	0.028070488309987793	0.95837715454971606	0.98984352664487896	0.57413872909025898	7.7996996320262868	13.976605361059665	45.456018861721212	7.8687785976315281	13.661362192086452	51.448469066460788	98.301000000000002	94.125	61.906000000000006	0.2388474962136975	0.099957079077912583
0.12	0.049182875813377866	0.95578527904933175	0.9906627924682132	0.62421583948542947	7.8711368014947451	12.536613360795659	49.42242694189396	7.8926968818413643	12.597007774130583	52.699170600288213	98.670999999999992	94.876000000000005	59.899000000000001	0.2074814574304705	0.099213199887627807
0.14000000000000001	0.079663920956152809	0.95615344815748726	0.99231146880217269	0.62849250057221551	7.8648258854842439	11.967413968090215	47.003126445279584	8.1701131129638576	12.082750951771249	50.992571424002151	98.808999999999997	95.304000000000002	61.698	0.18349431615494352	0.09809507526705466
0.16	0.12495961773247513	0.96075952305051315	0.99403848039670561	0.63517635095695779	8.4067697950374658	11.460384155969157	44.488694133323044	9.5033163176605591	11.823338649636934	49.604965594823469	98.862000000000009	95.534999999999997	63.705999999999996	0.16457055901376252	0.096722948692227209
0.17999999999999999	0.3045638375108497	0.968092413635809	0.99510145015920626	0.654706570845905	8.4744299408075641	11.305482884856902	44.732402382602373	10.049938543804506	11.691815778998713	51.220644759141933	98.850999999999999	95.897999999999996	64.840999999999994	0.14926654453313942	0.095207574125833999
0.20000000000000001	0.22712437176647066	0.97304442062779761	0.9955812472641602	0.66806514350019897	8.09043051461693	10.762018877303339	45.027149576581195	9.2507301695549256	11.562736681260407	51.599669826470631	98.783000000000001	96.149000000000001	65.295999999999992	0.1366319832009121	0.093613711645099226
0.22	0.37735254422442188	0.97698489656636078	0.99561115993333416	0.67609703846162872	7.601439106602899	10.260537847669177	46.112429939027592	8.8276435317589907	11.5054957729831	51.184390769226482	98.708000000000013	96.412999999999997	65.384000000000015	0.12602068279493175	0.091996327120791963
0.23999999999999999	0.43589363201795672	0.97943311471224492	0.99569661085584027	0.69656815536648287	7.591427208522175	9.9408600798349305	46.872490330896788	8.2445456777932087	11.593509421042054	51.994466646573343	98.736999999999981	96.671000000000006	66.054000000000002	0.11698505551779899	0.090388016706733632
0.26000000000000001	0.47077690327191202	0.98119352758618805	0.99606899628783663	0.71028804057373418	7.2297108943952084	9.7589805984651274	46.746100555818131	8.3641003195768722	11.455250044175727	50.454907029498173	98.736000000000004	96.931999999999988	66.919999999999987	0.10919731771316502	0.088813305938858084
0.28000000000000003	0.52586629753374603	0.98307367961174319	0.99597671585160852	0.72314810149344966	7.1760183517230498	9.66885959641691	46.087609270520304	7.9771615261492457	11.497894914437396	49.802920245481587	98.784999999999997	97.158000000000001	68.077000000000012	0.10241490951153727	0.087278255257188242
0.29999999999999999	0.45014815593145135	0.98439413135306242	0.99577876002543098	0.73184876408654342	6.825030672038042	9.5809361984954737	45.418648244615284	7.705010170931291	11.597605158175137	50.46358313149927	98.780999999999977	97.330999999999989	69.265999999999991	0.096454389523088185	0.08580247300320458
0.32000000000000001	0.62056929758715307	0.98522284186978004	0.99501888377659886	0.73708708548174062	6.4824230287705706	9.1908923961404092	45.120083071907736	7.2044985169636195	11.292249806847789	50.437433652615333	98.768999999999991	97.378999999999991	70.374999999999986	0.091173676287097438	0.084386969591203315
0.34000000000000002	0.54075723477846394	0.98562914812747027	0.9946710959695052	0.73272307992956187	6.392506844438425	8.8542026645003666	45.115755425746876	7.1824074764819716	10.972400371680434	50.763471900301582	98.808999999999997	97.415999999999983	71.575000000000003	0.086462297008812999	0.083037741468466181
0.35999999999999999	0.77961071957217565	0.98588038448979953	0.9945407452105105	0.73225791022792452	6.1054285621245121	8.6965047334835877	44.567063191639498	6.6827893152664739	10.946818616608144	49.955040244511011	98.799000000000007	97.469000000000008	72.609999999999985	0.082232282394910178	0.081758036427149905
0.38	0.73211884164339591	0.98616748209576155	0.99495060647989142	0.74182557297301144	5.7910751133800975	8.3756609537006206	43.812288403178201	6.5880236954729998	10.76366790894226	48.992750483976067	98.772000000000006	97.462000000000018	73.47799999999998	0.078412069976890847	0.080540542986196659
0.40000000000000002	0.64862931622781961	0.98660441038885549	0.99484514537763713	0.7431390278896709	5.7756295555104122	8.3411294358135262	43.164332658377745	6.5379289333683843	10.696168131977517	47.695547701643576	98.807000000000002	97.523999999999987	74.25200000000001	0.07494388765888485	0.079378612305993454
0.41999999999999998	0.80260824760131133	0.98726380335159081	0.9946844141891944	0.74527464016427336	5.6624177163463738	8.0848143759068964	42.732008421592106	6.4954385480485772	10.568323596347675	46.774657898241365	98.808999999999997	97.518000000000001	75.137	0.071782245914751353	0.07826879883142393
0.44	0.65299762785349902	0.98792727730742735	0.99457981908469084	0.75456633624243052	5.5917257534409952	8.2787170187741257	42.527463162073524	6.562091158522894	10.650757861955439	47.113943227525702	98.818999999999988	97.621000000000009	75.945000000000007	0.068887861382087065	0.077210063388787636
0.46000000000000002	0.89344464426087067	0.98830452535690549	0.99443094519508735	0.76533937221325687	5.4008068607565836	8.0789795289868245	41.734903974124805	6.5828883015812663	10.502880083457942	45.8307333858071	98.803000000000011	97.603999999999999	76.799000000000007	0.066229457375025128	0.076203416265896357
0.47999999999999998	0.64507343420597063	0.98857326368393839	0.99450355683075897	0.76673579953660875	5.3827201984428399	7.8904092695473995	40.259279703912959	6.5520644304443207	10.338624449402442	44.177622195727587	98.827000000000012	97.592000000000013	77.784000000000006	0.063778174645694172	0.075239477902081534
0.5	0.83675822323992832	0.98897525777652306	0.99448153008303775	0.77444200773112859	5.2571679051784699	7.7650152090330122	38.645515028237263	6.3904232800182132	10.429147062068228	42.212519360598137	98.822000000000003	97.586000000000013	78.792999999999992	0.061511292422999797	0.074319657260647376
0.52000000000000002	0.2648612924109669	0.98935127208812301	0.99437494251085923	0.77673329438397953	5.1682133904246284	7.6205517964125349	37.870815079259884	6.0033844220246255	10.632738742974267	41.404245404697001	98.832999999999998	97.563000000000017	79.775000000000006	0.059409344470744106	0.073436049294339709
0.54000000000000004	0.62932842520831989	0.98967188821569074	0.99429390820316876	0.77038183984378339	5.1881538513746275	7.7038025839819371	37.11680173517518	5.7786526531703659	10.737915697905823	40.771503356495074	98.858999999999995	97.61699999999999	80.570000000000007	0.057454255727128034	0.072586019706723043
0.56000000000000005	0.64605439624305327	0.98986893083752447	0.99431732402218542	0.76988855103777099	4.9805515977294608	7.6170050613706284	36.858193455718819	5.6640957455829923	10.685735092937824	41.249562974663199	98.829999999999998	97.597999999999999	81.434000000000012	0.055632576887277366	0.071774474260534571
0.57999999999999996	0.5725339727458284	0.99008822942725627	0.99423749608204504	0.77313143888972258	4.8228790951012197	7.6351650495833541	36.101583508949012	5.4548537381373103	10.554973447817643	40.459813762908368	98.801000000000002	97.62299999999999	82.119	0.053930033327103846	0.070999559243690724
0.59999999999999998	0.45345253701156624	0.99029861454653856	0.99420409333749105	0.77995615020235676	4.6254656713917432	7.2637121744054998	35.1250430820905	5.225679069131397	10.29685058441174	39.123853511650942	98.771000000000001	97.515000000000001	82.808999999999997	0.05233481204796521	0.070252139382163875
0.62	0.14748616165749792	0.99041154656543795	0.99442729943726038	0.78412696315643271	4.6408377932077913	7.2155995142370797	34.505484744766378	5.1386717935554032	10.260288485522938	38.30032002681935	98.797999999999988	97.499999999999986	83.332999999999998	0.050837869771249024	0.069530976293447552
0.64000000000000001	0.014664037654325926	0.99046816165578622	0.99437266729907903	0.79110653528085195	4.512780868071987	7.373384799141192	33.975559745199966	5.0442071976134395	10.213210776436501	37.420696591960983	98.786000000000001	97.527000000000015	83.906000000000006	0.049431025990591307	0.068838465164982779
0.66000000000000003	-0.026304162959744033	0.99039871720515171	0.99422057540372855	0.79439781528624376	4.3033245652825451	7.2339802512839295	33.654297399387858	4.9221653486238468	10.131682462498002	36.971176463099617	98.748999999999995	97.497000000000014	84.281000000000006	0.048104282740771484	0.068171930424314783
0.68000000000000005	-0.055031495512132649	0.99030860283084388	0.99397072808535736	0.79464916680466979	4.2727159089410804	7.2337102719059683	33.241655981646659	4.9008320292646506	10.13672255705279	36.919669823444607	98.762	97.518000000000001	84.527999999999992	0.046851246056886481	0.067526986312856974
0.70000000000000007	-0.058750659381463448	0.99032623912038231	0.99390656081144757	0.79058198685182957	4.1146287192773023	6.9486462907675515	32.966606588452052	4.9931684298646308	10.078939538444944	36.889013914587927	98.733999999999995	97.423999999999992	84.783000000000015	0.045665856485630915	0.066903092439317149
0.71999999999999997	-0.052287364928897545	0.99039018867052064	0.99382520454102219	0.78913350824491935	4.1787024752920416	7.1201456201398612	32.874265848305001	5.0005850578642788	10.069986932411382	36.456928297230711	98.768000000000001	97.489000000000004	85.184000000000012	0.044540552239177515	0.066293863397347816
0.73999999999999999	-0.051910857414049334	0.99032838965441738	0.9937509335837309	0.7927066750291526	4.0439991735553571	7.1170840555841739	32.343482765852634	4.8780306790130634	9.9217189824699989	35.515155163381948	98.740000000000009	97.497000000000014	85.506	0.0434722329308595	0.065701074294010481
0.76000000000000001	-0.063584195936734825	0.99020015225730496	0.99387421940314802	0.79554034016218789	3.9455167443376764	6.8437841201421694	31.825726678116609	4.8750993149222186	9.6657836539763284	34.954239236944183	98.715999999999994	97.409999999999997	85.847000000000008	0.042458310710502989	0.065128347030736208
0.78000000000000003	-0.05833345905171234	0.99015271315085907	0.99396863617632503	0.79359005926106185	3.7905793052581336	6.6919353238390089	31.499508595997668	4.7058146827171718	9.5053578803607959	34.882413053215288	98.676000000000002	97.347999999999999	86.131999999999991	0.041494356616741571	0.064572837152918269
0.80000000000000004	-0.017837485451697156	0.9901707682064872	0.99388735123189331	0.79128810624780976	3.7644935131962072	6.6789167404695018	30.966750039423733	4.6447462988643524	9.417622785193414	34.503483839409675	98.679000000000002	97.347000000000008	86.398999999999987	0.040577492916098759	0.064038048508868045
0.82000000000000006	-0.062963383986014129	0.99012951828006057	0.99374324113691981	0.7924699328889494	3.6955054286746529	6.6155185070187814	30.269211179294018	4.5014120988948338	9.3432185676703092	34.115126420997804	98.667000000000002	97.326999999999998	86.512	0.039703329775568903	0.063521628944746056
0.83999999999999997	-0.043034409081445235	0.99001711286092109	0.99356381874358546	0.80241300996354936	3.7524985897542749	6.5848051140058903	30.479110457815374	4.4338242502978691	9.2686352134965855	34.643862012732775	98.700999999999993	97.328000000000003	86.956000000000003	0.038867580575970305	0.063022434336868771
0.85999999999999999	-0.028001683925915549	0.99001703528272245	0.9933418364411315	0.79618217327217677	3.6958286983031678	6.4962221858933047	29.923295815772157	4.3528523912607184	9.2256369326111081	34.068329224335784	98.689999999999998	97.288000000000011	87.036999999999992	0.038068819563844794	0.062534805290955758
0.88	-0.039432692891757534	0.98985541590378667	0.99314049240847202	0.79746695836319437	3.5371338179097891	6.5181283193631616	29.763091693002174	4.2152860811331827	9.2665035380005882	34.390385945918233	98.642999999999986	97.304000000000002	87.323999999999998	0.037304770041323231	0.06205865728668282
0.90000000000000002	-0.039488374124763997	0.98971963519748074	0.99287661869191246	0.79250569994621611	3.4896368118766459	6.595441899245051	28.848373643414597	4.0967330448856574	9.2819959205951221	32.312318230281221	98.628	97.334999999999994	87.733000000000004	0.036574681290411817	0.061600072620031886
0.92000000000000004	-0.0049238231768284398	0.98965976390656407	0.99260706565643519	0.78869975427298711	3.3587611220559319	6.4445601148922904	27.984715135551124	3.957655976780873	9.141580921814727	30.597963117612398	98.577000000000012	97.292000000000002	88.088000000000008	0.035876195519987747	0.061156165692009136
0.94000000000000006	-0.035312024891555216	0.98962740062985066	0.99242891593088045	0.78862623166072243	3.3675098116330284	6.2898906802004175	27.266978883761652	3.9250856471231979	9.0861068554839939	29.774805118495511	98.594000000000008	97.242999999999995	88.460000000000008	0.035205439828540207	0.060724653405483289
0.95999999999999996	-0.0032551279740904524	0.98981822811943831	0.99256241707082538	0.78628920832686033	3.3642688786720591	6.203158877900905	26.535397290622946	3.8571025949736089	9.0402101152082537	29.322335622999567	98.594999999999999	97.216999999999999	88.685999999999979	0.034561727935001417	0.060307826369578765
0.97999999999999998	0.0059687544428324649	0.98998903803830807	0.9925712154686952	0.78386240226490256	3.3486759590551167	6.1772495624642829	25.765374644749794	3.7710758125583035	8.8570338288469515	29.262459963347329	98.594999999999999	97.201999999999998	88.729000000000013	0.033943042420225229	0.059902788299735756
1.0	-0.016950890162817547	0.99003862484377658	0.99227736158163471	0.79017795235411581	3.2337049009292578	6.0862250728082676	25.552009886408591	3.6487700277873265	8.6539621125305111	28.982699600844491	98.550000000000011	97.182000000000002	88.972000000000008	0.033348867342742144	0.059510007247032648
1.02	0.035183564356510912	0.99003512761159573	0.99205528582095415	0.79459387754169097	3.1816493253133054	6.1305023840657391	25.090707546538606	3.5338934469761298	8.5838774142708303	28.030625997930009	98.530999999999992	97.198000000000008	89.263000000000005	0.032774092546633195	0.05911992310139802
1.04	-0.011208388963777084	0.98999726763889251	0.99199398741626177	0.78681096467626244	3.096160898649797	6.0823503880624594	24.463897638301432	3.4351318641088868	8.4933486633447721	27.567651988707514	98.498000000000019	97.15900000000002	89.455999999999989	0.032219058381604562	0.058734384259369429
1.0600000000000001	0.016560633426313559	0.98976628228549846	0.99183157257149657	0.78003497592699589	2.9892049296189858	5.9587708217695603	24.099677058725199	3.3808916465399586	8.3120426824598237	27.970589590523804	98.449000000000026	97.107000000000014	89.515000000000001	0.031685190290230023	0.058363482033788494
1.0800000000000001	0.014035262430513481	0.98958860041695329	0.9916414357443939	0.79231982328186346	2.9938676983255412	5.7990143492521309	23.720655802627981	3.3483178239597544	8.0895354944727682	27.805399402300434	98.460000000000008	97.034000000000006	89.664000000000001	0.031171932124612594	0.058002586700539906
1.1000000000000001	0.032643096312693028	0.98934423543542904	0.99144054951622684	0.78754737506332184	2.9259016767825563	5.8033484671202391	23.258457413205043	3.3327646472426879	7.9524472081958368	27.142730679561726	98.430999999999997	97.049999999999997	89.879999999999995	0.030677793679874575	0.057642003582595511
1.1200000000000001	-0.0021357435872517098	0.98907600697606068	0.99124032775701154	0.78975544367770856	2.9034938403679886	5.7146860880637345	22.562438488630296	3.2490290994709277	7.8414102897902254	26.297811933818469	98.417000000000002	97.004999999999995	90.035999999999987	0.030201640462572864	0.057311417321540034
1.1400000000000001	0.025377476444067838	0.98887015975178705	0.99120648208976969	0.7967201215722064	2.8622872089528313	5.7161930486879893	21.50510838091008	3.178712002560653	7.7639786700120768	24.57843520319604	98.402999999999992	96.99499999999999	90.271999999999977	0.029741218463966525	0.056982676038842273
1.1599999999999999	0.0002488951923171621	0.98876009443807999	0.99097848468199423	0.79871440740287292	2.7536689912182362	5.6178403231948879	21.072203697870201	3.1482847238023508	7.5813614563840854	24.219360007278219	98.344999999999999	96.927999999999997	90.605999999999995	0.029291935278350723	0.056640228427747498
1.1799999999999999	0.097740282698007053	0.98881026972453545	0.99045126447132859	0.79252385586855478	2.7590948355591696	5.624402651145199	20.751912421377643	3.1088656774864751	7.4698488758067025	24.214377717805583	98.355999999999995	96.921999999999997	90.753	0.028854511794028703	0.056293280570361606
1.2	0.086141675901773684	0.98901152733622477	0.98983134512442683	0.79455752449207351	2.7066403937811123	5.5893954610500618	20.535785142870424	3.0426991231476057	7.3688050106150769	23.884877018924666	98.329000000000008	96.90100000000001	90.902000000000015	0.028434741086020142	0.055960052910445479
1.22	0.17299606076215535	0.98912380316332338	0.98943559341129306	0.80213018798755731	2.6297219830384195	5.4907448571429436	19.889677431912105	2.9740561239784737	7.2615501516633163	23.235301843283224	98.284999999999997	96.861000000000004	91.012	0.028036895393970397	0.05564942460143376
1.24	0.11551111763174972	0.98867529719777192	0.98867141579260687	0.80453899863168843	2.6454870317674493	5.4590557655098175	19.247448826734832	2.9519895655942863	7.2739505706611283	22.606699271431197	98.289999999999992	96.852000000000004	91.009	0.027651257330315919	0.055349398256429441
1.26	0.17195557038414538	0.98846579858312822	0.98815586508482389	0.80205165979625348	2.6085301605872488	5.4090553392625145	19.018377022969208	2.9184498617476384	7.2199937626591959	22.344626111065327	98.266999999999996	96.840000000000003	91.111000000000004	0.027274360506260371	0.055065366612721142
1.28	0.15491510509403408	0.98816432613740746	0.98801139987853703	0.81152105246367567	2.5830503593005085	5.3446817739696373	18.662671496751308	2.8925794170347858	7.1574246275553577	21.745400240437196	98.257999999999996	96.808999999999983	91.012999999999991	0.026906081384217139	0.054767912683087318
1.3	0.26739175144636212	0.98784372133768628	0.98756375571608324	0.80423354302171446	2.5258307890373808	5.2235512164651379	18.532492315070584	2.8456303413274049	7.1095330774686758	21.146323230090605	98.224999999999994	96.762999999999991	91.171999999999997	0.026548944583822752	0.054484800390639243
1.3200000000000001	0.32896386090500218	0.9877723846718649	0.98694574198486307	0.80855188893603869	2.4714520950893482	5.166734691213148	17.89422170423693	2.8186695533758113	7.0543798825712116	20.806686484940609	98.182000000000016	96.736999999999995	91.164000000000001	0.026194440086014299	0.054217616308235114
1.3400000000000001	0.23344613574421011	0.98768591323810351	0.98707384459908332	0.81770743879476515	2.5009831116769154	5.1676638245823288	17.551374769325484	2.7801719237842879	6.9969490311406073	20.554436796471062	98.212999999999994	96.751999999999995	91.423000000000002	0.025854277686624738	0.053953267538025595
1.3600000000000001	0.31021737317116804	0.98759587733917154	0.98619518393243377	0.81904166501556264	2.4430207681863969	4.9613220933484348	16.980506673150824	2.6945994624375729	6.8632936912550475	19.818619768930017	98.170000000000002	96.64200000000001	91.576999999999998	0.025525157293018286	0.053688477777425928
1.3800000000000001	0.44718556294457018	0.98743470306484049	0.98653588786493462	0.81853838723136074	2.4088486137657994	4.9963574113535225	16.538923312381261	2.642698362062271	6.8602334315723823	19.589370046135102	98.141999999999982	96.660999999999987	91.600999999999999	0.02520709187905663	0.053424928063694165
1.4000000000000001	0.40114751776452701	0.98730018443251844	0.98616590302426954	0.82402194050469613	2.338998505723513	4.9957689407114128	16.254140679348932	2.6490793580864005	6.8077139435715424	19.049129244610516	98.081999999999994	96.646000000000001	91.638000000000005	0.024896788603316778	0.053160172518919427
1.4199999999999999	0.55532226223792913	0.98709357180059665	0.98649270100874864	0.81985405968841341	2.359762278050523	5.000678574127801	15.891480848627475	2.6992566162060543	6.7999660557277268	18.598141793625171	98.097999999999999	96.646000000000001	91.622	0.024591955804024866	0.05286590159488512
1.4399999999999999	0.54562780307329672	0.98616933821422015	0.98581809939116116	0.81697580808139203	2.3098270480772909	4.8626089215638775	15.352207907879244	2.7204801451691139	6.6999437785887563	18.218706144184619	98.054000000000002	96.566000000000003	91.704000000000008	0.024287047213905125	0.052571875267504752
1.46	0.51404386719269957	0.98539274532255416	0.9846372045494689	0.80794467251193092	2.2887226011836361	4.8098259148764955	14.985394166268236	2.684856154046122	6.5922861311314112	17.954948575722042	98.024999999999991	96.496000000000009	91.739000000000004	0.023998851767169163	0.052271066354181731
1.48	0.48523642289405394	0.98311615410874109	0.98182098534346451	0.78271315408852193	2.2761240337014375	4.8060910123019536	15.155057739036636	2.6764679605821033	6.5415492120465215	18.025361534655282	98.001999999999995	96.406000000000006	91.653999999999996	0.023729908455909991	0.052081329735451695
1.5	0.50129142408879823	0.98403866722764644	0.98442503761449829	0.81010298259499103	2.2334536463123542	4.7251282586720382	15.15600963080397	2.5900159037837591	6.3792536344437183	18.098899000779081	97.963999999999999	96.375	91.710000000000008	0.02344477092651303	0.051666370719903654
1.52	0.78855345216214534	0.98351740346900629	0.98348774482298018	0.80378335605791185	2.1954162524064924	4.6287934829233652	14.911547459560106	2.5251763836191734	6.1912598925964506	17.630086396913988	97.914999999999992	96.267999999999986	91.837000000000003	0.023175174751538418	0.051276317943613293
1.54	0.80735862589942198	0.98229693688215747	0.98149773440910049	0.82204658117142593	2.1767427942988724	4.522625897475784	14.447949023411397	2.5001414585957842	6.0578815549234637	17.373739721035985	97.891999999999996	96.123000000000005	91.566999999999993	0.022914689569219788	0.050966030495467732
1.5600000000000001	0.50455578049151484	0.97704858170904108	0.95085539448851664	0.7755001553046561	2.1472053174127352	4.479648272604047	14.174031257538752	2.4790784345077865	5.9724490501420942	17.014138855944481	97.887	96.073000000000008	91.786000000000001	0.022674782161073246	0.050625055625600254
1.5800000000000001	1.0154938281392751	0.97668637344509912	0.96675854778784687	0.77674574969130539	2.0716463474043008	4.4118679400404961	13.994315748177234	2.4302634639773841	5.9509544587127783	16.419896562631415	97.793999999999997	96.009999999999991	91.518999999999977	0.02242934233377173	0.050347935830551215
1.6000000000000001	1.5868092434143717	0.97139706621713562	0.96234939495243665	0.75492352568217846	2.0684216601151224	4.3371129472222218	13.702997903345642	2.340788316636492	5.8102365872077568	16.179630081641402	97.799999999999997	95.955999999999989	91.567999999999998	0.022198821879432049	0.050081500117486119
1.6200000000000001	1.1179869813277543	0.96236562150884841	0.95542609890195995	0.70338396276565462	2.0363352512500299	4.3405589060564864	13.429285950860308	2.3313176560144213	5.7581987978896017	16.179592839365284	97.774999999999991	95.905999999999992	91.447000000000003	0.021988054521307025	0.049731505952726095
1.6400000000000001	1.0276307584475934	0.95850310460362675	0.94053335707260199	0.732934313079324	2.0142440016270244	4.2663997283432904	13.183228348635472	2.2655415126132588	5.5796744565278233	15.642906343627008	97.756	95.866	91.375999999999991	0.021760442614866642	0.04937422293353614
1.6600000000000001	1.3829060934909645	0.97021749245034061	0.96630965500413435	0.76382512443049744	1.9245466424733355	4.2621212489116811	13.131209654524223	2.1815807626036841	5.5822047291299324	15.704355528832043	97.603999999999985	95.782999999999987	91.451999999999998	0.021547793554955119	0.049245902569291788
1.6799999999999999	1.2011293866991981	0.97265210840028238	0.96965837344155958	0.77400295240493722	1.9325917538388357	4.0743020964947441	12.328420533615979	2.1532014836976865	5.3470595676726793	14.946283252986401	97.609999999999985	95.637	91.201000000000008	0.021298661945316318	0.048936413858321336
1.7	0.81824779125647296	0.96935067169619149	0.96802599866651529	0.72379801012533185	1.9062693464253471	4.110022082660775	12.212241990640219	2.1084198177224613	5.315091772678679	14.731387047235142	97.570999999999998	95.634999999999991	91.295000000000002	0.02109470527635169	0.048706965927259004
1.72	1.5533820334752904	0.9627308382777755	0.95896707695513472	0.70099426319118618	1.8646653715334753	3.9899652268746832	11.943621123677442	2.051032485979031	5.1129911540747397	14.366494608941604	97.503999999999991	95.548999999999992	91.236999999999995	0.021036284046284277	0.049282999278856231
1.74	1.6249978712983779	0.96803270801442198	0.95972374968228158	0.67864489053630961	1.8203357360150476	3.979189415790052	11.468683394269826	2.0346231339412237	4.9982064882451542	13.904112631504523	97.424999999999997	95.431000000000012	91.207000000000008	0.020815113622555483	0.048879649965399799
1.76	1.5182971687704669	0.9555048177349541	0.95836142167103733	0.69067268171529883	1.8134143147209685	3.951513167071885	11.017496622769908	2.0269235820488216	5.0236839934474009	13.24332956283788	97.407000000000011	95.328999999999994	91.103999999999999	0.020614965415574758	0.048635742953907622
1.78	1.7136397007601398	0.95811310164326835	0.9445148386703186	0.67286199254347223	1.8017430524934859	3.9133486605807706	10.972861117650991	2.0153277511310179	4.8799263249832769	13.260597758638687	97.390000000000001	95.237999999999985	91.146000000000001	0.020360004819098023	0.047110000616200721
1.8	1.3896582116989136	0.95437622101834152	0.93996282154126243	0.6734188656547655	1.7280089252490485	3.7893307640995233	10.597714616063115	1.9468029494798724	4.7795192573048224	12.957874024758826	97.272999999999996	95.02600000000001	90.860000000000014	0.02022274683466448	0.047839737285713321
1.8200000000000001	1.7443945069518305	0.93569735462634684	0.93852247623519391	0.64395693633261897	1.7338360900046612	3.7074183042590745	10.722001085192664	1.8935045149208836	4.6402653493710995	12.848230892318986	97.313999999999993	94.948999999999998	90.72699999999999	0.020043938902596776	0.047394998164836395
1.8400000000000001	1.8609985878539239	0.94395162966128443	0.93434597479083392	0.65626966960544686	1.6888143591129967	3.6668911981781074	10.169431919237526	1.9097027547734975	4.6364315051560316	12.208986326188713	97.228000000000009	94.945999999999998	90.828000000000003	0.019894134724901438	0.047165351741245073
1.8600000000000001	1.9035833301248959	0.93946221404431685	0.91773638016165859	0.59703194963456507	1.7011339319278123	3.6463353024401108	10.101717953255923	1.8897079734483158	4.5353576366046315	11.953457128944649	97.215000000000018	94.830999999999989	90.741000000000014	0.019689962803649846	0.046729851066621253
1.8800000000000001	2.376540093240239	0.91866020672216353	0.92595099195639907	0.62253659289960006	1.6406277337913644	3.5759617186387644	9.77836816933827	1.8357581837083656	4.4694926811234783	11.69667099978852	97.060000000000002	94.556999999999988	90.347000000000008	0.019540679917807835	0.046124395560399579
1.9000000000000001	1.5955461653108949	0.94220514022216495	0.91841962008847844	0.56607955458814718	1.6018625053197622	3.5287031507254434	9.3993190828222133	1.8118335019610072	4.4244938751484231	11.300419765531736	97.003	94.681000000000012	90.602000000000004	0.019349016963100263	0.04575437046753307
1.9199999999999999	1.6396083749526764	0.90906064653064023	0.90046795856856909	0.53295649666964806	1.5925773679820225	3.5847896511448694	9.7204348900718625	1.7240500352528554	4.3824454779465505	11.692634186405552	96.963999999999999	94.576999999999998	90.344000000000008	0.019182542571583631	0.045160754415532717
1.9399999999999999	1.683913360180864	0.94079996979828984	0.91860640838358643	0.55050659642226307	1.5979483341857386	3.5449813417867873	9.1916996031491376	1.7773937915575537	4.3402183018153053	11.069755919033753	96.959999999999994	94.599999999999994	90.471000000000004	0.019039198751183557	0.045313497208563321
1.96	1.9326546385966155	0.92680581600627288	0.92191547986619793	0.53973944942933483	1.5832706412112827	3.4806355376661231	9.0823617855369569	1.7894047451024526	4.1961027575518397	11.09920175769885	96.945999999999998	94.434999999999988	90.35799999999999	0.018882701324564551	0.044551225355438914
1.98	1.9798242684662417	0.93123775492156613	0.91004691604554622	0.60795055163548106	1.5225813621728221	3.3832610939978141	8.618247278839485	1.7232346151345594	4.2563961979972147	10.334594517335798	96.775999999999996	94.340000000000003	90.078999999999994	0.01872510946474373	0.044542892228262472
2.0	2.7716571624926161	0.92824832716841887	0.88435815002850582	0.54273841901966224	1.5146514372506674	3.2970895709054724	7.9490616425006779	1.7156806715888357	4.066044514908782	9.6556575726300427	96.758999999999986	94.296999999999997	90.49799999999999	0.01856773590517672	0.044190628340528351
