weight	lyapunov	err1	err2	err3	m1	m2	m3	std1	std2	std3	null1	null2	null3	f	stdf
0.0	nan	0.7407889604198693	0.1239112433817094	0.020914198899143505	10.876291367191444	15.613142234144053	13.537849920301372	18.49428027145597	30.507857228580491	26.735422024513404	99.219999999999999	99.219999999999999	99.219999999999999	1.0000017384726541	0.10001213019349138
0.20000000000000001	-0.0031152280511553363	0.99988925816030494	0.56583690337228887	0.13473814835581324	14.991582849943025	69.411513997288395	88.207533192970544	14.494860842380433	61.236557253168897	99.070336422664894	96.090000000000003	45.969999999999999	38.200000000000003	0.37280420048956231	0.10332314286169331
0.40000000000000002	-0.01343049311561533	0.99949788273441964	0.63936643350337952	0.13588266745215485	11.048819973045301	62.293882331772863	108.75853855740597	13.597640490880593	60.252516964444638	140.5499940121444	97.260000000000005	46.560000000000009	30.02	0.22928573140040281	0.10357058350075865
0.60000000000000009	-0.022658354011653888	0.99930508157166853	0.65877103322974861	0.13745417911949304	9.2309247740883489	56.72403056295876	130.28182325470374	11.764681272955482	60.011010447006377	185.52461968048766	97.489999999999995	52.36999999999999	30.050000000000001	0.16597197439745653	0.10025973049626735
0.80000000000000004	-0.043689219421475425	0.99774558906898181	0.68722707566183616	0.14585939427284453	8.3687998009304891	74.842657741460386	172.33316843913741	10.934272056339292	75.783467341508342	227.91303870985098	97.580000000000013	48.350000000000001	27.800000000000004	0.13043962698981176	0.095482218925872567
1.0	-0.040885290845151891	0.99712583487275364	0.73044130260451057	0.1461845203538252	6.9792615025169171	79.839953067409269	188.36887921917614	8.8615546961794589	85.510590268680545	252.05486841397723	97.219999999999999	50.179999999999993	29.32	0.10769006608403861	0.090701581899284442
1.2000000000000002	-0.076192750861478115	0.99549122634503306	0.73164821457159657	0.15356540081835274	6.478368328869001	75.063985135763645	197.7475659941469	7.912017755366743	80.095235306339504	262.96471225921266	96.969999999999985	53.839999999999996	30.880000000000003	0.091860869346244378	0.086355327230262235
1.4000000000000001	-0.10888749144515286	0.99397302468340543	0.74085013882349759	0.15269713750598449	6.849883006115709	71.549220949770515	217.42609774519156	8.6050222954649023	78.881183589511778	284.34384726054708	97.22999999999999	56.169999999999995	32.420000000000002	0.080203126811798295	0.082497058571153178
1.6000000000000001	-0.11199783425451809	0.99440690268971621	0.77297151836352485	0.16231677183204107	6.9416757086909708	71.553553449784062	245.01728688356943	8.1665640009470852	73.702768963500901	323.74754400769137	97.129999999999995	58.390000000000001	34.310000000000002	0.071250875928615884	0.079126422164383217
1.8	-0.062398592556993163	0.99520405126655476	0.79184168755220941	0.16986326264468202	5.676098918284783	74.283271009211973	269.21783676708117	7.4465876700743028	79.014801254027503	334.92971333732578	96.579999999999998	59.390000000000001	35.899999999999999	0.064159293936479928	0.076133828775996795
2.0	-0.031227143836417871	0.99580055106556242	0.80265819286254669	0.16976231538248562	5.4532928612544787	76.401031474527315	287.85035262317081	6.8546557138866406	79.01812385640676	357.45252924346374	96.339999999999989	61.359999999999999	37.399999999999999	0.058402426160215945	0.073436046310377978
2.2000000000000002	-0.042603834221049242	0.9960239433787933	0.80388615750155701	0.17326399762852537	5.1904146045171986	74.811853942885591	304.68223745283944	6.3589802457386613	78.728044293366253	354.9316504410308	96.220000000000013	62.210000000000001	38.899999999999991	0.053632931371204326	0.071025990917217507
2.4000000000000004	-0.051045759733587069	0.99530500698221647	0.80768364360681366	0.17725631095420627	5.227057179971049	74.041813575010295	314.78215292771745	6.194502535966409	76.177347394951354	369.90710654310408	96.269999999999982	63.600000000000001	40.739999999999995	0.049616770960277515	0.068849782327927406
2.6000000000000001	-0.053136553319202535	0.99511848950689819	0.82311943672023224	0.18361701125070454	5.2410268663051944	71.513883635739816	318.43090471416929	5.9269150009942795	72.177734294703285	366.83492688285429	96.239999999999981	65.099999999999994	41.450000000000003	0.046187742695839501	0.06686490018467188
2.8000000000000003	-0.03071044122281855	0.99538853909075942	0.84053540627381884	0.19342531499480647	4.8181116433127613	70.018504037263568	339.8048098463986	5.4289905620382353	71.04635313929785	393.31354792301306	95.900000000000006	66.040000000000006	43.039999999999999	0.043223824352328494	0.065057729818909241
3.0	-0.021056558939829856	0.99524234872381945	0.84692569107356941	0.19197990032213638	4.373588829353201	67.157061623661534	340.85678880597044	5.0237343119621549	67.67389210433052	383.84438115635368	95.559999999999974	67.039999999999992	44.25	0.040635955839922792	0.063407626058401959
3.2000000000000002	-0.064523684076506133	0.99531849552975493	0.85125264108903331	0.18263818497292589	4.2490022092313424	66.539370438026438	337.67539745644683	4.7169656905105013	65.972297372227629	368.40536053401013	95.400000000000006	68.090000000000003	44.999999999999993	0.038356682052582018	0.061896984681339529
3.4000000000000004	-0.014710154331792558	0.99534805532979465	0.85148374510129998	0.17515749525290408	4.0521066824970919	64.2771400562374	342.73124584822034	4.5431157903480814	63.054147096893175	363.59405850047233	95.179999999999993	68.5	46.25	0.036333363419506222	0.060504475812924771
3.6000000000000001	-0.044088238606756987	0.99526581860646601	0.85722617643969412	0.17696059010539744	3.9037661104623007	61.514197795028778	345.90928627079836	4.3044632616744272	61.010340189444335	384.64052567790048	95.059999999999988	68.960000000000008	47.359999999999999	0.034524937655336485	0.059224813779821653
3.8000000000000003	-0.0077475109366359624	0.9951893989560322	0.85933005859682654	0.17116050192431731	3.8861379800217	58.804703409929701	335.80589594160938	4.239208305051088	58.093030223352329	357.45305690058296	95.049999999999997	69.489999999999995	48.190000000000012	0.03289843982991339	0.058036922209661154
4.0	-0.017997258652070219	0.99524916861954882	0.86196588505978133	0.18140343874810683	3.6471446270360426	55.75482085035329	328.55554810232945	3.9855659605102063	55.052758409569222	341.62119242102187	94.72999999999999	70.169999999999987	49.25	0.031427673614972139	0.056918279788161677
4.2000000000000002	-0.01657320445129154	0.99522296947888766	0.86972298976343621	0.18633117013573836	3.3727730025896698	52.442738797657583	321.0387460688587	3.6503264713932366	51.956472281893035	339.5566698006304	94.239999999999981	70.280000000000001	49.710000000000001	0.030091195784471891	0.055873669769110193
4.4000000000000004	-0.0048825545840784218	0.9950730541149071	0.87457176405568315	0.17789810490544206	3.1605178676561811	50.337893936334211	318.39895999302132	3.4705016135333073	48.360939237774843	323.81271509710791	93.830000000000013	70.529999999999987	50.910000000000004	0.028871640499103863	0.054886170295110392
4.6000000000000005	-0.0050492168131917774	0.99513594726721055	0.87754277106454148	0.1802244497690921	3.2026338047637117	48.426689863540112	312.92729397596702	3.4391961827387609	46.842831775220915	325.66021993872357	93.879999999999995	71.049999999999997	51.660000000000004	0.027754039734393769	0.053953295022365101
4.8000000000000007	-0.014215173944429393	0.99524419499847094	0.87907537930158175	0.17746650335284758	3.0815625884274729	45.246992415517092	304.90645845197406	3.3033546247127838	43.982744002993044	326.18307456087501	93.660000000000011	71.0	52.240000000000009	0.026726920202370812	0.053065084183725533
5.0	0.022380296350055909	0.99528176805440594	0.87574071758320715	0.17554691348490903	2.9309685126493186	42.935122252672926	296.66977659793599	3.1921756238180357	41.597870021744278	305.28020787394922	93.340000000000003	70.840000000000003	52.200000000000003	0.025778836710177971	0.052222251385583132
5.2000000000000002	0.075414759508382306	0.99530361791757882	0.87701268063519033	0.17310216094043462	2.8665863350315033	40.565474283242438	294.35687339625326	3.0692228057174669	39.439198063145497	311.06569266036507	93.190000000000012	70.849999999999994	52.890000000000001	0.024900804012627419	0.051411975275405399
5.4000000000000004	-0.023948160215624389	0.99525250152945277	0.87795267556911671	0.16743048606031308	2.6857722206185453	39.479650548226161	278.46178288888007	2.8791093212755698	37.18493799817648	288.5682774014935	92.689999999999998	71.780000000000001	53.439999999999998	0.02408677854937814	0.050646393170270018
5.6000000000000005	-0.0082200407954219762	0.99500420718124261	0.87596101804224702	0.16211195647777957	2.5020151556588637	37.60873190000855	266.10353162015889	2.710619471606448	35.487904191903944	273.58676316442495	92.050000000000011	71.679999999999978	53.359999999999999	0.023329972169267708	0.049920634556327045
5.8000000000000007	0.018063341387332586	0.99460097472902009	0.87559119910466898	0.15415648084164332	2.391546999279071	35.422629795799779	258.67753401474693	2.5768848145700263	32.697090360833705	261.68667254821742	91.669999999999987	71.099999999999994	53.890000000000001	0.022623388586062922	0.049181533287982429
6.0	-0.11503350198725031	0.99395321536464576	0.87156886731247751	0.15818669070459734	2.2853617940438977	33.41825255595964	252.61514313438821	2.4686941710890635	30.289922450716212	250.26271423311732	91.190000000000012	70.449999999999989	54.379999999999995	0.021963154699946086	0.048486798250469185
6.2000000000000002	-0.14699577724987559	0.99348282820736034	0.87063900454751564	0.15173017925730259	2.2646741202790461	32.010500106304995	242.05019539019381	2.4054310737574607	29.317546494562787	248.73269218720219	90.969999999999999	70.390000000000015	54.270000000000003	0.021343084262651042	0.047829573782104499
6.4000000000000004	-0.15873061598281291	0.99325286589946793	0.86520252987530744	0.15081868104197216	2.1879844093288763	31.065608774343481	228.1188843849045	2.3156079885612488	28.389916829207216	239.24231822126436	90.469999999999999	70.079999999999998	54.629999999999995	0.020761673454422321	0.047209034517155857
6.6000000000000005	-0.086777622755935521	0.99324071482607079	0.85640726814700785	0.13596580582932066	2.1245587628490794	29.932022869376311	219.92238131999414	2.2605874544075659	26.639434117583583	226.15101079772938	90.040000000000006	69.450000000000017	54.5	0.020211134542626998	0.046466169833372435
6.8000000000000007	1.1176682262820803	0.99287654548675053	0.84220816718069502	0.13364598378462167	2.1080947705207684	28.556908165898097	210.42746765270968	2.1729094156746975	26.441657619928414	214.02739986145707	89.75	68.75	54.530000000000008	0.019695546661179807	0.045794721019941552
7.0	0.6687464913346387	0.99257473637420157	0.8366406784249607	0.1504886229453124	1.95976172852722	27.183549435987892	198.36207017490511	2.1011225610462261	25.764589259234167	203.25912903830263	88.859999999999999	68.430000000000007	54.070000000000007	0.019207125037341882	0.045130707113268456
7.2000000000000002	1.4329742307574522	0.99197524676862403	0.82908615659212082	0.14007104265210524	1.8919505530909764	26.050346018942992	188.05790601033061	2.1049550526298617	24.084143144571691	198.98460441412576	88.109999999999999	68.100000000000009	53.920000000000002	0.018742815615016627	0.044428928452799631
7.4000000000000004	2.9377896413548541	0.99159282273452087	0.81814286649799661	0.14288847533134869	1.8449003083805764	25.071878493453163	177.64312428222863	2.0420818240467233	23.249741081671697	180.3258820621173	87.519999999999996	66.679999999999993	53.700000000000003	0.018305791503539122	0.043769692053071171
7.6000000000000005	3.5631162369319198	0.99032814582415618	0.80615509032900157	0.13760022477388248	1.7694911045772383	24.353426272006974	171.41350056384266	1.9827458578837429	23.603467971519287	180.59844349548158	86.670000000000002	65.740000000000009	53.839999999999996	0.017885332275548144	0.043034744868279309
7.8000000000000007	4.9406166776743543	0.99016654058753595	0.79322739049858171	0.13427583514877231	1.710936896177238	23.446728872685988	166.17972116100103	2.0054638723966343	22.164687021953021	183.48321916772736	85.799999999999997	65.039999999999992	52.790000000000006	0.01748528868667747	0.042260889406086181
8.0	5.2366673720489203	0.9890275473191219	0.77222322757532713	0.12573206063709061	1.6279226094522348	22.614121408047019	158.17326764470096	1.9621654621686904	23.067636276037526	176.12756148099362	84.689999999999998	63.950000000000003	51.789999999999999	0.0171021710769017	0.04134779377159483
8.2000000000000011	5.5630648992426188	0.98702396618788701	0.75686991013534755	0.10162787309176646	1.5862007423791613	23.305161012013123	158.17082656387097	1.8902525446800749	23.50463877687546	178.31868772155553	83.809999999999988	62.959999999999994	51.200000000000003	0.016737509231825883	0.040623811874893369
8.4000000000000004	7.0647630934776346	0.9867641714261044	0.7223059942944412	0.10938681815973542	1.5699073044024199	22.510871260042343	147.54179666592898	1.8367675282216456	22.655386803648121	163.04356009345759	83.140000000000001	61.979999999999997	50.760000000000005	0.016394460645625154	0.039947839919788446
8.5999999999999996	6.4538747941734824	0.98438049138700623	0.70495221958547405	0.1004378395013191	1.5618007838167673	22.766860312567633	141.87062558619809	1.9290316734456006	23.327242210727512	167.88743997843454	82.269999999999996	60.86999999999999	50.080000000000005	0.016067015421679175	0.03919388976551072
8.8000000000000007	9.0144654394049653	0.98255655269564457	0.68228948756658303	0.094373809757690857	1.5507291122124749	22.549646120509905	141.94045051674698	1.8791286634850004	24.187813418410911	167.94362137403064	81.260000000000019	60.29999999999999	48.859999999999992	0.015753983612008551	0.038646236074945071
9.0	7.9438434835981688	0.98121771271502634	0.65664784272791255	0.099225905579294532	1.4973510426504779	22.212418141380905	130.41162658078233	1.8051131363472614	22.967378540548061	152.19881391969247	80.13000000000001	58.609999999999999	48.310000000000009	0.015454778956590864	0.037955542709439766
9.2000000000000011	8.5329313640785021	0.97814948326184048	0.63444309323676085	0.092093186699403376	1.499700517353503	21.758657459150271	128.93724515151666	1.6945183062057041	22.964510597831609	156.99393990984726	79.450000000000003	58.199999999999989	47.769999999999996	0.015164290024829743	0.037029332073894396
9.4000000000000004	9.1917413178268692	0.97484201557927863	0.59720657608821071	0.059898038091629614	1.4916840864176466	21.56665158559165	124.84492842265838	1.6251707768519599	22.552881252268609	151.4802770886418	78.340000000000003	57.149999999999999	46.600000000000001	0.014886261738932944	0.036306554127686422
9.6000000000000014	10.321270876985258	0.97316203247968125	0.56819415426959374	0.071220756496248261	1.4701301654237799	22.401406183431344	122.98174372337522	1.6887622848016242	24.323066059702356	147.07849170578004	77.409999999999997	54.640000000000008	45.199999999999996	0.01462565488138633	0.035486758063288888
9.8000000000000007	11.745931890527201	0.96879756154437957	0.56382029125389965	0.065251467992073597	1.4737952570673323	23.146688619029298	121.2628780496037	1.7272172775583996	26.03055320404706	149.37638830551597	76.449999999999989	53.950000000000003	44.350000000000001	0.014368388690681596	0.034885984084933298
10.0	10.744290667467528	0.96733601812172532	0.56063490141649852	0.068855006413741843	1.4846652318058553	23.322143042477201	115.86938186931226	1.7738130696725292	25.971334173858985	143.63771018239328	74.929999999999993	52.549999999999997	43.519999999999996	0.014125375805565662	0.034266463811561544
10.200000000000001	12.461716173180841	0.96419530751726623	0.52972591964902604	0.05638512939456615	1.496038400509015	21.595139968535737	109.02155611542726	1.6588307225534593	23.25396098719796	134.70769463154551	74.599999999999994	52.049999999999997	42.689999999999998	0.013894670761750863	0.033740444495580238
10.4	14.674358305043402	0.96076357258306688	0.51682493622359826	0.047813901765979744	1.4715116221242988	22.660747608715376	111.0067395226034	1.6177728713212887	25.109149313904648	140.69589870285964	73.100000000000009	51.239999999999995	41.700000000000003	0.013667066765597997	0.032976977756277844
10.600000000000001	14.118172832137487	0.95378848947967287	0.48212930887073169	0.040958522177308658	1.4997213254534976	22.037146636159452	103.56891736227946	1.4757601281673041	24.360169870337469	124.88691900263504	71.629999999999995	50.280000000000001	40.679999999999993	0.013453483881863033	0.032466944561881927
10.800000000000001	14.03675299726687	0.95236990181491699	0.45377756698096289	0.041477973328192148	1.5027374921555725	24.196259903969938	107.74517650081425	1.6207245455280905	27.805812034130298	140.19109930180542	71.390000000000001	48.920000000000002	39.930000000000007	0.013245431336496633	0.031761861111903558
11.0	14.76816325437882	0.94675376029759306	0.44829648009256784	0.060815851144784806	1.5493940588463646	23.103591590325529	105.260555268234	1.6501533356509792	26.901025881808152	134.01016262892324	70.539999999999992	48.240000000000002	38.920000000000002	0.013036294269895577	0.031134413124717642
11.200000000000001	14.450118118894457	0.94032429457302347	0.42303681396970649	0.042372567065382914	1.5636914189218458	23.419849066193784	101.12507697625445	1.7718052364050418	27.164619962238156	130.30052217037729	69.429999999999993	47.219999999999999	37.989999999999995	0.012848547395103757	0.030665060941662665
11.4	14.957892424987753	0.93518345775992839	0.39334008841821227	0.028517648882796471	1.5905788103028227	23.118825753834319	104.28088712998162	1.5947585981410461	26.570275696367588	129.27807888537325	68.890000000000015	46.769999999999996	37.960000000000001	0.012661456204832338	0.029934482883263169
11.600000000000001	15.021865601840689	0.92679301709397488	0.37129564071429794	0.035734816191283506	1.5999246854517484	22.471018790353892	100.52768502240814	1.6474410636168932	26.178512795451546	128.50483436217613	68.180000000000007	45.940000000000005	36.600000000000001	0.012479262042764765	0.029352969124755685
11.800000000000001	14.769963771662198	0.92510600218591699	0.36097935600419617	0.033319737336993019	1.7053916427266369	22.329361620261938	91.05940108098693	1.8472968202261537	25.380647388376666	113.47913925671519	66.900000000000006	44.870000000000005	36.200000000000003	0.012309033121589484	0.029154134609520332
12.0	15.19639108194165	0.91412607470467777	0.36101619072812274	0.039724149379469761	1.6540526884718734	22.90922483505372	91.142589039342539	1.6864615208189693	26.759965095360968	113.35779465497498	66.530000000000001	43.899999999999991	35.890000000000001	0.012132726322537892	0.02841822863266532
12.200000000000001	15.376156461285399	0.91105523486107809	0.32476510744098908	0.032655768501869895	1.7102898787846175	22.792443889884542	93.551399102245441	1.7095013510789971	25.836289141089878	115.91450430759888	66.079999999999998	43.880000000000003	34.640000000000001	0.011970588333415386	0.028223223273650407
12.4	15.218193989603476	0.89901090402931538	0.30304335415087091	0.023802942482881506	1.7343587407573005	22.319406396720019	86.159407451247048	1.7424742397089914	25.397150814129134	108.93959982043361	64.990000000000009	42.960000000000008	34.380000000000003	0.011805362262878	0.027363745381083805
12.600000000000001	15.555558674366337	0.89615761011222972	0.29058780186289818	0.028393469842288698	1.7389197796996207	22.169895873315212	84.556896633618365	1.7802035999499999	25.298089736832587	105.57091883464477	64.289999999999992	42.469999999999999	33.719999999999999	0.01164970340417487	0.026990893552667306
12.800000000000001	15.501189475699647	0.87967516807521862	0.26268409053463548	0.022965423504082948	1.7423223566306476	22.743975223372662	86.040142613206925	1.7786258993161455	26.996523265280608	108.15804515961952	63.419999999999995	41.490000000000002	32.639999999999993	0.011493699532000001	0.026306212977812889
13.0	15.534106309326219	0.87895637557596851	0.24611781772591659	0.022604916157229087	1.7859700031429337	24.116262076583304	90.702711580223891	1.7750235436533757	27.440425178829617	112.89165401163632	63.029999999999994	40.739999999999995	31.680000000000007	0.011359736458409571	0.026312491629233419
13.200000000000001	15.508711791173299	0.87815811800576671	0.28594172966044906	0.035708112213819032	1.8051049974751028	22.43853897201133	83.246571872877468	1.7677610301788746	25.583027210257658	103.60959713058996	62.399999999999991	40.530000000000001	32.329999999999998	0.011215578536698974	0.025818093296206657
13.4	15.644440864073989	0.87461809392986223	0.27269433714481267	0.029495178864754678	1.8626232702209868	21.43302147813052	76.34118527781618	1.8774145739588413	24.71502458977691	95.007591250806186	61.070000000000007	39.670000000000002	31.380000000000003	0.011064307889267976	0.025161088644212175
13.600000000000001	15.62621761202565	0.85214675895232816	0.23455304916091277	0.01944003335648575	1.8704139096159931	21.84417209866842	80.540222646334513	1.9440816646671284	24.498098147465122	100.31060615935505	60.38000000000001	38.390000000000001	30.300000000000004	0.010934571242746088	0.02456972324733812
13.800000000000001	15.625999930048723	0.85612647506911532	0.21621260353737198	0.020012812322311502	1.8831554355643392	22.203993937390795	79.976364271119905	1.8460552088567828	25.345592824752195	101.88707320908502	59.839999999999996	37.589999999999996	29.27	0.010801807810986873	0.024252454022328264
14.0	15.393727259426207	0.84224868629382021	0.22032728161445761	0.022238357076181083	1.9580426059845557	22.324298755174034	77.216142170818742	2.0914173824092464	25.350397219549276	94.97096119542644	58.660000000000011	37.350000000000001	29.539999999999999	0.01067874659222191	0.023660600408745514
14.200000000000001	15.489304837433668	0.83632896971679782	0.22378884223142848	0.017795461279091644	1.9709832379327796	22.153572692697871	75.013766537132909	2.0174726023100185	25.013829655433085	92.535426183614319	58.029999999999994	36.650000000000006	28.850000000000001	0.010553989014882614	0.023294260636786114
14.4	15.557434737766682	0.82379885498365757	0.21089465775212365	0.016412976866021608	1.9728639042031397	22.689543290824616	80.458716280712892	2.0184189105556132	26.358153428209999	103.80834132051802	58.010000000000005	35.989999999999995	27.449999999999999	0.010436666445954351	0.02296360924475908
14.600000000000001	15.409722820866531	0.8124044990800563	0.22237871237554865	0.022997042458480176	2.0564961298159781	22.532631484296992	75.465224547984889	2.0278910787958324	25.828719833962431	93.071683535241235	56.5	35.57	27.5	0.01031200968415515	0.022538323113340464
14.800000000000001	15.603137385520476	0.80305964068644775	0.19351920730223565	0.013023342895803734	2.0763978129538438	21.122403268251063	72.679117481551501	2.0642732185283346	24.350955202889129	90.645227632836253	56.750000000000014	35.089999999999996	26.820000000000004	0.01020153727992194	0.022228775697799949
15.0	15.311642242909002	0.79601543783429252	0.18289381723005083	0.013538420600075294	2.0694836317869263	22.073523209664465	71.089795404678327	2.1224260501108776	26.173917050383814	87.57783948207333	55.649999999999999	34.190000000000005	26.449999999999999	0.010084721295807519	0.021750667154928363
15.200000000000001	15.409302412863561	0.80189136063742783	0.17448862508445012	0.012659838296732123	2.1516189714889533	21.779436535066701	74.864364753291383	2.15584324560374	25.432991212891121	92.709014959359862	55.230000000000004	34.210000000000008	25.839999999999996	0.0099726625649930473	0.021521400337308271
15.4	15.336077272847399	0.78253849704483636	0.13220868835263072	0.013550035132824823	2.0827106889351223	22.387056372107615	72.952689725632865	2.0641715034082377	26.952029341574598	90.988959889068639	54.820000000000007	33.649999999999999	25.370000000000005	0.0098659375397552925	0.021033485929762865
15.600000000000001	15.531618086795961	0.77270667939320969	0.13925764073461611	0.01053455345626335	2.0841047322224506	21.908749090503964	73.711582858734801	2.0938766100736013	24.764588238042968	93.146157986227081	54.180000000000007	32.299999999999997	24.770000000000003	0.0097619125415076436	0.020625082460886318
15.800000000000001	15.633838946927151	0.76177570774226344	0.13941740240162073	0.0094011056139964265	2.1631346906514253	21.763972606021234	67.711471137295291	2.2272309505325385	25.602188217458696	85.614308650046581	53.200000000000003	32.140000000000001	24.850000000000001	0.0096603566680384546	0.020322490972786329
16.0	15.298391396119353	0.76305303671551739	0.14247147150448353	0.010207657820955814	2.1945529620360973	21.380872893619575	68.084470188094343	2.3233908360497879	24.524879682463418	84.781578239567096	52.529999999999994	31.559999999999995	23.779999999999998	0.0095623545299440144	0.020040471147369128
16.199999999999999	15.502773556254528	0.75148267291219129	0.13518859409397871	0.010101821301084718	2.2439436321476975	22.026224559531137	69.204594210612825	2.3688117539625995	24.92354516636691	84.08502266254348	52.5	31.390000000000004	23.879999999999995	0.0094799700005126948	0.019770792338303266
16.400000000000002	15.385060818458095	0.75249126886282947	0.14378801256611379	0.014016839023138047	2.1770938362643091	22.298913980804461	69.903325999781003	2.1836449669238265	26.692068182677854	89.450928646799554	52.100000000000001	30.059999999999995	22.809999999999999	0.0093797667841228928	0.019593200972067862
16.600000000000001	15.362896828481167	0.74745623421240848	0.13626029962815811	0.012557040297959229	2.2072313448415044	20.809508753672741	67.470397421280268	2.2088217177961926	23.94321007115412	87.108324199264672	51.789999999999999	30.409999999999997	22.960000000000001	0.0092876184985026203	0.019196994626770641
16.800000000000001	15.450703403116284	0.73474197179730194	0.12640207268979919	0.0096855735180119643	2.2272516875876387	22.118655542666477	71.104435190885624	2.3383213882689331	25.607516295721688	90.014943090772405	51.039999999999999	30.129999999999995	22.27	0.0091891336421685479	0.019037310252134829
17.0	15.613147168916278	0.72084074891507832	0.1204566571874139	0.009214641751117799	2.2634436139487133	22.385914190672032	71.106599637209925	2.2658866330799889	26.27260940280609	92.046628743623131	50.339999999999996	28.909999999999997	21.989999999999998	0.0091077278772740931	0.018813293497318497
17.199999999999999	15.349918870141629	0.71704939785183275	0.10915308460723312	0.0067200165393677663	2.3002453071102353	21.411475398124562	65.268009729580371	2.3090988566580477	24.676601287747829	81.65948091889058	50.349999999999994	29.280000000000001	22.329999999999998	0.0090203638357192247	0.018486398323048679
17.400000000000002	15.350662622728349	0.69729914288684558	0.10665846449223512	0.011242146607955502	2.324745123952515	21.443295550536423	64.249164698936966	2.3729691447855825	25.069393904390445	79.993479857725447	49.960000000000001	29.139999999999997	21.359999999999999	0.0089344846824791404	0.018014278255468644
17.600000000000001	15.275289979669205	0.70510604431605317	0.1102052272764126	0.014503616169204384	2.3351794267201686	21.467643589939364	64.244217182286675	2.3760202136709294	25.282671558844811	81.015655334269667	49.640000000000008	28.610000000000003	21.539999999999999	0.008847219822211691	0.017811458874201228
17.800000000000001	15.327627111201945	0.69964157200454435	0.084146739950321431	0.0086048554005763341	2.3308509087237943	21.744552215132394	64.994235184520207	2.3706765216824688	26.089200629047252	80.445525331769062	48.690000000000005	27.740000000000002	20.380000000000003	0.0087712539321981794	0.017751911322848903
18.0	15.197357366516883	0.69173416396471277	0.092149509371480059	0.0142957109647328	2.3343951393670048	22.100966176499867	63.374655939025118	2.4210688211578306	25.896919422999595	81.371917499823226	48.779999999999994	27.880000000000003	20.420000000000005	0.0086910589386300172	0.017451623894998828
18.199999999999999	15.286630767254772	0.68344644380387221	0.10123823987315202	0.016123110729805122	2.4012927994649838	21.90910360800823	62.229823287429141	2.4444424348872351	24.69272402947886	75.997998390374576	48.209999999999994	27.740000000000002	20.120000000000001	0.0086206966203105657	0.017213818080222335
18.400000000000002	15.085743501394479	0.67106519880584481	0.10080670503527926	0.0082805112372212868	2.4317621324352912	21.490237148528543	62.076108767800996	2.451370767711726	24.511270401686279	75.913956721532941	47.579999999999998	26.739999999999998	19.91	0.0085457751152796281	0.016860169187327422
18.600000000000001	15.465075492251849	0.64372664953942849	0.085488796214093915	0.0066343174146302848	2.4325730846068061	21.459732760453626	60.983218581771744	2.4934522887409916	25.95321670030777	75.559175263207209	46.710000000000001	26.439999999999998	19.25	0.0084630415107303115	0.016587913656066287
18.800000000000001	15.151276817082811	0.6582303963789613	0.073082181687641162	0.0075412037026093533	2.4144274684735754	21.236094382461804	62.197641136453946	2.4260261084457038	25.199936342967987	76.637330982371168	47.170000000000002	26.460000000000001	19.0	0.0083903709260933941	0.016459475152580817
19.0	15.142976405526955	0.63967942273854139	0.081644812212030266	0.0070257726109899986	2.3999646367810783	21.809839618187976	63.268012675102071	2.4446124951634443	25.162836089578935	79.048631795990119	47.180000000000007	25.619999999999997	18.939999999999994	0.00833001565595398	0.01633505242852263
19.200000000000003	14.965935651230907	0.63296505382056822	0.065985087641522472	0.0066520744293294635	2.4233627944179807	21.194064871481476	62.633922414943257	2.4351235088563206	24.636313753077093	78.114541586910988	46.159999999999997	25.399999999999999	18.639999999999997	0.0082534124742711587	0.016136472154777124
19.400000000000002	15.015498105423562	0.64111500359751561	0.090017431978574786	0.0070617429865131006	2.4777367727390383	21.052980838519087	62.960883016767092	2.5094216946452477	24.935385408407491	79.385506582085853	45.539999999999999	25.190000000000001	18.199999999999999	0.0081822305212035842	0.015975264649853764
19.600000000000001	14.947142879143165	0.6334632611433737	0.080006213630951437	0.0082368152473210176	2.522598747125496	20.903745366440432	61.243755836155515	2.5683198131747575	24.721459193359742	76.879900030907251	45.810000000000002	25.159999999999997	17.829999999999998	0.0081129596293037683	0.015676121640716797
19.800000000000001	14.865526142593703	0.6204859399360213	0.072148483307961919	0.0075627011914478929	2.5025817608398895	21.225812324185487	59.952138650489793	2.570531585041635	23.800114783185741	71.835011690784441	45.309999999999995	24.460000000000001	17.68	0.0080546145673928825	0.015447785285638204
20.0	15.157992664182187	0.61778877645213481	0.073980348813934407	0.014173989328249481	2.4607078494721417	20.110896598666312	58.800316621786614	2.5117771605453427	22.794939443012545	73.055974263617202	45.589999999999996	25.020000000000003	17.77	0.0079840255250137309	0.015179287193476687
20.200000000000003	15.082741353823598	0.60938348445062629	0.066095902481024371	0.0044610567680608264	2.4897298626621249	21.301297756147399	59.746621119054922	2.4640360891385735	24.924818556768283	76.146686130375727	44.560000000000002	24.309999999999999	17.129999999999999	0.0079246755910352285	0.015093400907366886
20.400000000000002	14.865413615105437	0.6043568769958152	0.079657998083066811	0.0083470055853131046	2.5469711130671113	20.947282654979691	60.907627941244641	2.6283781323851807	23.931238759906229	76.480931502065502	45.030000000000001	24.039999999999999	17.399999999999999	0.0078607743910307868	0.014892998968669113
20.600000000000001	15.020947482473039	0.6007212307320875	0.061680367900221703	0.0096805230399667729	2.541771055993777	20.701845209074683	59.193983570904336	2.5425690101895002	24.850136357018123	79.000791349881894	43.350000000000001	23.249999999999996	17.100000000000001	0.0077929684368745799	0.01462066742455136
20.800000000000001	15.106570693898016	0.58959095010205231	0.052599529689925942	0.002525338890047208	2.614302872329179	20.886126923058793	60.070358764569264	2.6143675093596581	24.308291372316386	73.878685224866928	43.739999999999995	23.440000000000001	16.390000000000001	0.0077478587277240883	0.014696682425780792
21.0	15.235495516936364	0.58784639902457747	0.074775398512254204	0.0063872498403687054	2.5584897442214691	21.152975867323196	59.226599390870525	2.6440640669265845	24.938128124111589	75.165055899104416	43.320000000000007	23.400000000000002	16.75	0.0076808472055778874	0.0145329168816837
21.200000000000003	14.780551273664337	0.59069774225323424	0.05626616008951988	0.0064649155128134739	2.5314461514851829	20.825012023152329	60.277669695597737	2.4984925297485292	24.400567811658391	75.108046083115582	43.499999999999993	22.800000000000001	15.760000000000002	0.0076198540152390328	0.014260522196572825
21.400000000000002	14.808150632047381	0.57366605121212555	0.067401359405790423	0.0067297955387057183	2.5399604318435758	20.64527954500938	57.245719194520611	2.5993839985042886	23.640562263850029	70.063707708352382	42.779999999999994	22.640000000000001	16.09	0.007577639945420267	0.014185762682006017
21.600000000000001	14.744558303568256	0.55989711194482095	0.061021069803993119	0.0045736197665394353	2.5958503603203802	20.566142035854089	58.559943296011667	2.57232067394223	23.987462564665577	72.551408899348715	41.519999999999996	21.949999999999996	15.48	0.007518549113173921	0.013877134655596594
21.800000000000001	15.003731140396672	0.54963052563920545	0.058508839436285834	0.0031318240324967996	2.5906041229962904	21.004257498546526	57.672488456623512	2.5827317243036183	24.180228267761521	69.381026236025647	42.059999999999995	21.650000000000002	15.25	0.0074568644018101291	0.01372642192524288
22.0	14.866311104851871	0.55590672558795307	0.067423621133873818	0.0046166793004522892	2.6187823676960291	20.770998740960469	56.468266695873794	2.6933581116401664	23.934625069728121	68.825273241685096	42.399999999999999	21.339999999999996	15.209999999999999	0.0074150169135975552	0.013599488747756138
22.200000000000003	14.860547861648724	0.53799603214163672	0.041362784490492653	0.0065194568861067252	2.6682037814369077	20.677225490560275	57.346506608023262	2.6769662226783	23.863190146901083	72.70760352322759	41.140000000000001	21.399999999999999	14.59	0.0073566891178117721	0.01331309667611762
22.400000000000002	14.905814558247863	0.53519406492651089	0.04873094834160633	0.0060001118672849858	2.6978671332277209	21.623762590955039	57.931031904620895	2.8084578709508379	26.367563890960177	73.69165740800311	42.089999999999996	21.740000000000002	15.420000000000002	0.007299964222827927	0.013321527340586697
22.600000000000001	14.874887076264518	0.53626595705040547	0.055206225897935515	0.004735251236959578	2.6442708037611977	20.071406185850925	55.318082176311883	2.638236298826528	23.114304896604928	65.807513416443498	41.329999999999998	21.669999999999998	15.199999999999999	0.0072550423306421558	0.013211748400021461
22.800000000000001	14.827822040612478	0.54232361336237944	0.049570895982620364	0.0089302727089826742	2.6598091237172508	20.547762455973441	57.052690053621561	2.7324981952767238	23.321287388569232	70.586891214078463	41.079999999999998	20.669999999999998	14.91	0.0072103295324056947	0.013128711781271349
23.0	14.646638239712617	0.52813667662117258	0.057774846083712549	0.0094884436591194804	2.6834894204466293	20.4202287287358	54.713095654479162	2.7731758371907906	23.585809390050159	68.205188795019438	40.510000000000005	20.629999999999999	14.369999999999999	0.0071616370226586287	0.013024887753112151
23.200000000000003	14.86352542881885	0.50457741766471587	0.04574547138224741	0.003487661075223599	2.6710730725909282	20.15254447566339	55.506770191981119	2.6504156418694107	23.839332081578299	72.930372908286216	39.949999999999996	20.919999999999998	13.959999999999999	0.0071066946317572405	0.012841320818257881
23.400000000000002	14.646686769963109	0.51064831869850968	0.051104871984343173	0.0064896600664465327	2.7405264993000258	20.133855783422124	56.284124737028286	2.7812202336762319	23.403223454644611	69.618726077370084	40.380000000000003	20.370000000000001	14.270000000000001	0.0070606514002283958	0.01267893659165353
23.600000000000001	14.923023769761329	0.52084503326860609	0.05152061128344574	0.0063040964886497842	2.6779862101020315	20.12270116703656	53.696568543984426	2.8160785914507005	23.195941970145956	68.0471305142581	39.469999999999999	20.349999999999998	13.959999999999999	0.0070062412964027373	0.012506407698233529
23.800000000000001	14.798239209319469	0.50500583591475234	0.035062295942434339	0.0043112440749885073	2.7428311994436445	20.781483876516116	55.744114106360271	2.9022708465381588	24.07806714758653	69.628996336937163	39.82	19.630000000000003	14.119999999999999	0.0069679990852230863	0.012473111028060285
24.0	14.644435937159265	0.50019829258430359	0.049074180359661226	0.0073865529076940998	2.6841682910516131	20.272620139087486	54.535440878366479	2.7039431793221658	23.608392945421325	69.450608830789221	39.360000000000007	19.5	13.01	0.0069105344728416038	0.012194093213831811
24.200000000000003	14.775807282571989	0.47962230130687278	0.050780668604629244	0.0033790253379245836	2.7877245008808917	20.616803145017109	55.967826708619043	2.7849621908241411	23.883656467185819	72.299259721278176	38.730000000000004	19.539999999999999	13.270000000000001	0.0068766755813077464	0.012195606651602955
24.400000000000002	14.992233068374276	0.5029239169738311	0.043843930472732315	0.005981125944922781	2.7181637398112235	20.025125240714146	53.778882886382064	2.7711638458682151	22.449133236244812	64.917452219071862	39.079999999999998	18.800000000000001	12.91	0.0068341895489554463	0.012073743428599111
24.600000000000001	14.479376991226207	0.50321871995268652	0.050941271413375601	0.0025566856075921298	2.7541309456330714	20.769280079679927	54.382625533940313	2.7494283033320732	23.326889756495419	69.494380492384892	38.409999999999997	19.579999999999995	13.199999999999998	0.0067899820838362417	0.011933256021523734
24.800000000000001	14.821505462100875	0.4908107834218679	0.041167225042771503	0.0057834440207126647	2.7990104739556765	20.451764307393159	54.748919721524352	2.8531689682326067	23.867505367019785	67.185719673213995	38.489999999999995	18.470000000000002	12.720000000000001	0.0067529887250238037	0.011778698801789209
25.0	14.513394270787911	0.47802051215636066	0.041504909954240679	0.0076207520726886673	2.809780759707746	20.322951233193919	54.801617110906911	2.8676142767483821	23.597784913656692	69.901126119052762	38.019999999999996	18.659999999999997	12.77	0.0066996195744712713	0.0116721736142987
25.200000000000003	14.450306900951333	0.47575433365259767	0.034108809654255605	0.008065793157660912	2.781449516902252	21.055690517041356	56.192487085659913	2.7608921367046682	24.583071007273723	66.722379523394565	38.289999999999999	18.830000000000005	13.069999999999999	0.0066581216210241882	0.011566240059152078
25.400000000000002	14.790876008176982	0.45842922634471173	0.043323730600620419	0.0050097435414616347	2.842308819767331	19.615465502306812	54.997586941963206	2.8648287283330296	22.718193084567979	71.241246870891203	37.769999999999996	18.84	12.77	0.0066262860344057442	0.011447950681418649
25.600000000000001	14.433165686814171	0.45782093269870733	0.034312051599760772	0.0054748176844790029	2.8071436772761724	20.808652499628781	55.504819283192191	2.8032270148787588	23.817871531612973	70.743207237604238	37.549999999999997	17.619999999999997	12.16	0.0065884892817940658	0.011288724199664316
25.800000000000001	14.498138908942826	0.46479153412828145	0.036587533470452051	0.0049028860373998128	2.8191447646394545	20.701348288624072	54.927834540296544	2.9414531679463214	23.935365126562569	69.115468749055808	37.750000000000007	18.109999999999999	12.030000000000001	0.0065457711143914413	0.011267373025460204
26.0	14.509510249009786	0.47842765941248705	0.029499963058031247	0.0063936202692485549	2.8457135698067844	20.718497258229284	55.755325245074161	2.8962040094257677	24.027015744825487	68.190864761872845	37.579999999999998	17.889999999999997	12.020000000000001	0.0065028469798713972	0.011183505622941157
26.200000000000003	14.275944497311688	0.44682026119696011	0.041447911926919684	0.0062285498430513691	2.8420730803946599	20.071723013335088	52.228998045817285	2.9062826953237826	23.519901286299355	65.096772471381541	36.939999999999998	18.219999999999999	12.300000000000001	0.0064677416956247635	0.011039153024407309
26.400000000000002	14.464547087131843	0.45897852714039289	0.042157893249344533	0.0055697945640439117	2.8281022019805526	19.935166341837544	53.158125754642356	2.7503939302882014	22.305929655709928	65.010720769857343	36.809999999999995	18.449999999999999	12.34	0.0064331496686213397	0.010996129703591937
26.600000000000001	14.439705553633631	0.4494495090760543	0.032762300633617972	0.0043465943494152342	2.8035226724268263	19.937925266640612	51.924743710927274	2.8736662913526252	23.817783962463011	66.333167718794968	36.459999999999994	18.109999999999999	12.0	0.0063975076795951156	0.010892083564283268
26.800000000000001	14.539919524122153	0.45130335933109594	0.037731059887162223	0.0036245156657073903	2.7963947309215014	20.046173413895644	54.020704407918743	2.7709445778013118	22.947769797278248	67.66608291448884	36.540000000000006	18.029999999999998	11.940000000000001	0.006358469296404992	0.010743967659424283
27.0	14.515348166840196	0.40924413496067291	0.025505981000443219	0.0051537893658884903	2.8754877626833255	20.482522670054902	52.393022867507817	3.024599445113985	23.65563921922746	63.038941981024621	36.030000000000001	17.300000000000001	11.56	0.0063141484813773003	0.010600671556296811
27.200000000000003	14.592131326299432	0.43733585817709919	0.026124783688091603	0.0026599467706663244	2.906271510930404	20.668154857809903	52.999267590281477	2.9531529752067578	23.782779310749056	62.474129360862285	35.939999999999998	16.780000000000001	11.270000000000001	0.0062896706988026059	0.01061544075528453
27.400000000000002	14.243343052808244	0.43703308518619161	0.046968944750735556	0.0098771300343655517	2.8936404360712507	19.761027713306838	50.443224982214545	2.8860044489157488	22.523221330628637	61.926760109964405	35.839999999999989	17.419999999999998	11.559999999999999	0.0062487851125716904	0.010630033342976917
27.600000000000001	14.054733543914274	0.43600741767957718	0.02717076222240955	0.0040665854008154392	2.8772281400126043	19.90812309950644	51.614371555355113	2.8978061329201346	22.984446762257239	61.30016732391865	35.989999999999995	16.809999999999999	11.190000000000001	0.006210408569530609	0.010405806296829197
27.800000000000001	14.332456613185519	0.41154943876503325	0.027623543263064765	0.00070658227821377676	2.9237701606312125	20.264737932525463	52.20246979828952	3.0196445444557205	24.027468534966225	65.073477282004077	35.510000000000005	16.390000000000001	11.669999999999998	0.0061814610310624556	0.010342126725395169
28.0	14.119460378988832	0.42984782973702274	0.033926461820760985	0.0043480151728845741	2.8357018083063599	20.077138674734123	52.061109486279044	2.8119969299981165	22.106799976951599	63.348864649953384	34.959999999999994	16.349999999999998	10.91	0.0061450203719076533	0.010241219757539211
28.200000000000003	14.281702675703572	0.4142157026483827	0.026721759119229881	0.0028792956193323623	2.9502686948072627	20.049040091591607	52.157476225234632	2.9785982718228095	23.519025358154643	65.694411382718272	34.829999999999998	16.580000000000002	10.640000000000002	0.0061179654846522458	0.010224850819735218
28.400000000000002	14.370249410631443	0.41301329611340198	0.026635428363886576	0.003964584623146708	2.9252680264057087	20.423776092174936	51.687779623137985	2.9104161774755526	23.62996924481385	63.317916007339548	34.809999999999995	16.52	10.34	0.0060973889527596971	0.010186522550939782
28.600000000000001	14.51006080034956	0.41141116763306246	0.026800969828384674	0.0021293064153894295	2.8928491505160059	20.215202043599497	51.327447025749414	2.9710899949132403	23.976244906717632	61.849071262510051	34.739999999999995	16.039999999999999	10.540000000000001	0.0060545848975316055	0.010009236881518929
28.800000000000001	14.356218730364064	0.38874025451002181	0.027526009354248836	0.0049971375936125892	2.9092303605204628	20.360009953763932	51.191959707620022	2.9190570383814025	23.878847263479546	62.549425535569888	34.799999999999997	16.190000000000001	10.860000000000001	0.0060237217404876418	0.010032989378262139
29.0	14.270581535762483	0.40521642940409774	0.029248501921571839	0.0029542044432025001	2.9741176773144766	20.505113650779371	52.396963621457829	3.013069932614258	23.308826496229663	63.205899779456921	34.82	15.560000000000002	10.640000000000001	0.0059930310478608544	0.0098581070053039253
29.200000000000003	14.237770608435504	0.37183482452139566	0.02833330968705387	0.0063446273544033776	2.9746184500072084	20.358217091740872	52.664701028429548	3.1186726302911851	23.533915921548818	65.746890655420884	34.160000000000004	16.080000000000002	10.369999999999999	0.005960460326166153	0.0097657388503817368
29.400000000000002	13.996578809555363	0.40103248690963733	0.028920169183130156	0.005121814752502462	2.9163146579260104	19.794613607644628	50.848898438538043	2.9820322007624185	22.953660272950142	61.413558190636763	34.119999999999997	15.800000000000001	10.66	0.0059298810075168193	0.0097662536524593391
29.600000000000001	14.370822749079016	0.39576617846832346	0.03030985472232009	0.001698668358154392	2.9426611103045666	20.611612780629606	52.188908859169203	3.0155599854871182	23.036049395861333	65.200835949288404	33.950000000000003	15.569999999999999	9.8099999999999987	0.0058911567127862968	0.0096321188856979129
29.800000000000001	14.119572712251065	0.39707848799173873	0.027707429615813982	0.005719563923309634	2.9148863584323386	19.870436334025687	50.638478251244443	2.9758898230628441	24.746264270034171	61.480659399692669	33.849999999999994	15.880000000000001	10.420000000000002	0.0058683551001243433	0.0094643323435386305
30.0	14.101046624380118	0.3931396953789047	0.024741001545810572	0.0035993501401126574	2.9547520897628083	19.853675708139221	49.26056777517114	2.9547418228847526	22.392273403126548	59.820944068808572	33.890000000000001	15.440000000000001	10.440000000000001	0.0058370717972081633	0.0094243166169461594
30.200000000000003	14.339154392982131	0.39283809713558349	0.035294009843328936	0.0042548584087575576	2.9515378139924522	19.640661044004489	50.761547131232383	3.0703583793083764	23.021213983962973	63.525241094483214	33.750000000000007	15.35	10.27	0.0058059052254057731	0.0094442805142886822
30.400000000000002	14.268742112352049	0.40899325787723007	0.026496379161381978	0.0017022090569234903	3.0284065225733676	20.39585172019882	52.619561520580888	3.0952501080124906	24.180907721719343	67.942805616990256	33.880000000000003	15.119999999999999	9.9599999999999991	0.0057856534406324611	0.0093676288769969536
30.600000000000001	14.097382505373435	0.37679233526301176	0.03126265564091054	0.0048727354358714123	3.0380161238294034	20.473234200874877	51.039425538143973	3.1933018110879292	23.344063970261843	62.711901945877777	33.130000000000003	15.300000000000001	10.550000000000001	0.0057565706020939397	0.009288792531344351
30.800000000000001	14.321793797756213	0.36148160858299133	0.022032383245816269	0.0042685547045800826	3.0436440939100993	20.47116711782607	51.588255663830182	3.1742144842019187	23.820958476610109	65.864264297258629	33.57	14.5	9.6500000000000004	0.0057205821098408605	0.0092430762461583153
31.0	14.260871621016911	0.38073865449253197	0.021878744218619753	0.0041171237104646926	2.9421462245060725	20.368813087962941	51.534230306236296	3.1324460146728823	23.552283952355406	64.847977614505595	33.100000000000001	15.129999999999999	9.9699999999999989	0.0056940661537468861	0.0092035794682512537
31.200000000000003	13.836490677775476	0.38694987422817501	0.018476678377185324	0.003967082191592872	3.0002041900819463	20.210960191019826	51.195819601046217	3.0080252417783631	23.341861175958098	63.743075849647354	32.789999999999999	14.819999999999999	9.5800000000000018	0.0056709132403764979	0.0091523130102817776
31.400000000000002	14.132603930336195	0.36028280847123417	0.025433482294363118	0.003071587176960031	2.9730107415206475	19.629277710572048	49.318338046145058	3.065460712183691	22.386208091293749	59.572461016115525	32.969999999999999	15.049999999999997	9.7400000000000002	0.0056381531641842963	0.0089345916903769175
31.600000000000001	14.152579093235579	0.35040943895303867	0.02781628298693456	0.005615970422285177	3.0202380898061127	20.059609425717991	50.128924698076943	3.01521105290173	24.557785436326952	63.582109350321119	32.849999999999994	14.680000000000001	9.6600000000000001	0.005619625625084587	0.0089411998100908351
31.800000000000001	14.053872943862595	0.35875530528940863	0.017018383216650772	0.0043297936392110055	2.9923564772212314	19.799468294473662	49.743381558144385	3.0256025548183638	23.137303368078459	62.731940781781134	31.909999999999997	14.1	9.370000000000001	0.0055862705657576906	0.0089132933242442973
32.0	14.298694992291781	0.35552063879213469	0.017154129986788016	0.0030285816727911108	2.9567862465628494	20.147886775315808	50.372883415141466	2.9894042032025849	23.806243978873404	64.279680661545612	32.630000000000003	14.35	9.4399999999999995	0.0055609385128064012	0.0089528870764956255
32.200000000000003	13.581687830073081	0.37017673574309329	0.017288718482299119	0.0023365275686910657	3.0267691493267561	19.380319713437249	49.596587715855392	2.9782632082388658	21.855710345784118	60.746889932379077	32.579999999999998	14.170000000000002	9.6000000000000014	0.0055414420315457475	0.0088429575577663629
32.399999999999999	14.236549606443594	0.34392621574866755	0.026997978166441349	0.0059220628667195265	3.0493108077202331	19.591138409899791	50.075561035365936	3.1601881788033754	22.747488070813745	59.482433016720528	32.239999999999995	14.35	9.1499999999999986	0.0055068724843017744	0.0087049238821458579
32.600000000000001	13.924744658123867	0.35088170558932769	0.025627435046809737	0.0036536806068743349	3.0487360066696483	19.915714750070993	49.86388969013597	3.0991039254060708	23.853570803477659	61.895542878930634	32.289999999999992	13.779999999999998	8.990000000000002	0.0054905350214032884	0.0086412751634242137
32.800000000000004	14.069985843449667	0.3421135791735706	0.0077393953261370137	0.0024743231060467227	3.054530696707515	19.964727269564577	50.57348710342886	3.1444513292183673	22.556923433572727	62.512221067711643	32.020000000000003	14.040000000000001	9.0199999999999996	0.0054580214264081505	0.0086632680092923534
33.0	13.658304099487037	0.35330874908099363	0.016124774329952758	0.0023756711805552879	3.0586190709995487	19.893112593653836	49.926494581009919	3.1221984173674251	23.05678482500101	62.538271573607894	31.380000000000003	13.99	8.8300000000000018	0.0054384183867563548	0.0085289811999376998
33.200000000000003	14.199807047857183	0.33600818899729579	0.018341996358705568	0.0007513962400714898	3.0702694648502087	19.522227543489485	48.611504793064071	3.2473000411240269	22.203254136189539	59.244769867587365	31.339999999999996	14.09	8.8100000000000005	0.0054206875409503396	0.0085045798608932195
33.399999999999999	14.095044031373511	0.3408498038239916	0.018573010018223094	0.0024518553307680763	3.0698724256585215	20.346023544595532	51.040529239289533	3.2348117904117695	24.018150993507955	64.486153946120282	31.370000000000005	13.320000000000002	8.5700000000000003	0.0053959545517760932	0.0083954893762171225
33.600000000000001	13.696111348095764	0.33929931526176133	0.027121214554225014	0.0049031917978874916	3.0475449171828459	19.198839195738948	47.371479126383171	3.0714745536965435	22.001109208443758	57.147294351117957	31.010000000000002	13.73	8.5600000000000005	0.0053697046898487002	0.0083090744112152108
33.800000000000004	13.84491687843189	0.31796407391701459	0.022223455085460635	0.0016050940851936595	3.1262201114158374	20.332261631351983	50.63878862761122	3.1189813288348271	23.808844140922695	63.855533078799354	31.419999999999998	13.109999999999999	8.6999999999999993	0.005352352771901968	0.0083886397987500642
34.0	13.794557791052785	0.32614962676229886	0.020672358842545507	0.0021233886548888666	3.0949632896585562	19.587316616142623	49.263044674445965	3.092849948877606	24.123457025385555	62.138888046724375	31.699999999999996	13.76	8.8300000000000001	0.005322245966035085	0.008274400594592498
34.200000000000003	13.815091141951145	0.33379853096883361	0.019996965400254977	0.0034812223074904753	3.1371085028669379	19.885952614781804	49.361919456118756	3.2530416124648118	23.066529090888302	61.953866349561977	30.800000000000001	13.23	8.2199999999999989	0.0053031793614628535	0.0082598549572333087
34.399999999999999	13.462457369032489	0.34590423378176849	0.027538402523767054	0.0022219881463173712	3.0821146809489717	19.583393891745924	49.343576138879435	3.1932999939091395	22.55166789931075	60.113967318862059	30.680000000000007	14.030000000000001	8.7199999999999989	0.0052733251531058333	0.00816336037048126
34.600000000000001	13.902853887505898	0.28781908011300961	0.012705635833589145	0.0039397348833067839	3.1194390987040497	19.359928557790717	49.536063865969091	3.2256722857939435	22.674223467789968	63.987328914278031	31.290000000000003	13.51	8.3000000000000007	0.0052534702429796135	0.0081941967616535605
34.800000000000004	13.539296746299241	0.31763242549797699	0.022408292998494686	0.003278546975203541	3.1015252256099091	19.461076249926744	48.684773197141922	3.1712994788679416	23.178928164599238	61.53691790144002	30.199999999999999	13.739999999999998	8.3300000000000001	0.0052314885956448644	0.0079971468227862299
35.0	13.77178660021643	0.32246973658134481	0.022601573998778584	0.0055173447669443695	3.1011979770982649	19.877084911832391	49.540802924555599	3.1332770820146547	23.350468974562848	63.009087289051578	31.039999999999999	13.479999999999999	8.7100000000000026	0.0052062738079391747	0.0078717710819421333
35.200000000000003	14.03489000890667	0.31507257785331749	0.023192595929882848	0.0058353703077644141	3.1807755417921815	19.617456230298021	47.769346164044393	3.3157809438878703	23.500496052849414	60.949203356325015	29.98	13.15	8.2900000000000009	0.0051925596944773838	0.0080404552558992967
35.399999999999999	13.987903067906371	0.32457294594074582	0.012962516868214636	0.0034558608190519099	3.1074895665686286	20.235954476775653	49.612842401116502	3.1482495339909633	24.093338987442944	60.930157909056902	30.380000000000003	12.73	7.7400000000000002	0.0051812666325615469	0.0079284153526431467
35.600000000000001	14.032566827193293	0.3183542632332057	0.015094322843036056	0.0030368401256735478	3.0779580660556514	19.578184480000512	48.328317378157799	3.1656312037764338	22.607714173392246	61.0366440109878	30.359999999999996	13.140000000000001	7.9400000000000004	0.0051414325546552909	0.0078518718247915942
35.800000000000004	13.828803942478578	0.33158976116491035	0.023538502209909801	0.0028470802198307566	3.1209846546788129	20.157152654157535	48.81135978535039	3.0848316703153968	23.412054995132536	59.65907540024233	30.199999999999999	12.760000000000002	8.5199999999999996	0.005110834757165522	0.0077711283242569403
36.0	13.605686307817347	0.32323414300686326	0.016142876590033051	0.0022203319138792213	3.0944252719279168	19.360451004827588	48.648850994832756	3.1665995316491746	22.324314352295982	60.109360088799541	30.649999999999995	13.309999999999999	8.2899999999999991	0.0051115528053053121	0.0078413708849227777
36.200000000000003	13.850175108035218	0.29965468336182943	0.011234381259133546	0.0047826192920141872	3.0787972408157045	19.537848743359497	49.886513347496894	3.130122478300664	22.870388872222566	63.437546979158995	30.259999999999998	12.73	8.0399999999999991	0.0050812161495469785	0.0078833749129792741
36.399999999999999	13.944923616280152	0.3166593369124352	0.019036598953254331	0.0032490771834179136	3.1803550065444082	20.130312596517321	48.93986212192155	3.162449541206541	23.655666776885518	62.49119845491991	29.080000000000002	12.469999999999999	7.5900000000000007	0.0050637502807571204	0.0078070396344556616
36.600000000000001	13.873003263951707	0.29017875944813809	0.017698383445146067	0.0044243627008443498	3.1493651727923426	19.718079363432057	48.069488006134037	3.1962141427836097	23.122614060373728	57.675099628308168	30.050000000000001	12.039999999999999	7.6900000000000004	0.0050510070654899517	0.0076469452276082843
36.800000000000004	13.912849157037696	0.29040671683421532	0.02787391035296511	0.0049449333280792516	3.1204381415671598	19.561373177832444	48.070320979724599	3.1587564762736964	22.007900235448666	60.244880131429134	29.909999999999997	12.32	8.0800000000000001	0.0050275972892785707	0.0076297058170220313
37.0	13.821487530470597	0.27507934369484166	0.018163342442582647	0.0034134981614492655	3.1244506525202191	19.211078670496384	48.365438328222702	3.1450169233020304	22.01178782763084	59.837356349030401	29.739999999999998	12.890000000000001	8.5299999999999994	0.005004674082828767	0.0074814418635878429
37.200000000000003	13.64376122474178	0.28271132977234298	0.014836330657415594	0.0025381947689757487	3.1196747301552579	19.135832313418195	47.496100804998676	3.0682932541657744	22.595439421968756	59.649646652657324	28.93	12.74	7.7000000000000002	0.0049913027234272603	0.0074219965094174303
37.399999999999999	13.556487761969521	0.29708352296445656	0.0097151525653513225	0.0011854575377633174	3.2301234246007744	19.732076790480079	48.589966009106789	3.3239147860359743	22.497314116998563	60.269300651817218	29.449999999999999	12.19	7.6799999999999997	0.0049598639417073407	0.0074498805015848742
37.600000000000001	13.60240478228598	0.28160236211679635	0.016896278660129639	0.0043845678067137251	3.1546457506077816	19.998577311902515	48.894037144104061	3.2013093840547184	23.136864057195183	60.012797990466971	29.110000000000003	12.07	7.6999999999999984	0.0049472622914889493	0.0074209647618233825
37.800000000000004	13.815599200392418	0.28476175037049456	0.017034397482282436	0.0051221765342231648	3.2444250928177487	19.438961466792144	47.40894135577129	3.2950231688751592	21.934912085929408	58.483931283871627	29.260000000000002	11.809999999999999	7.6799999999999997	0.004922824889686441	0.007325332945643785
38.0	12.969285122343319	0.28521001813909125	0.021157246352959628	0.0033777751797621053	3.158705120220338	19.274615647798321	47.237227698773793	3.0844022581251194	22.20845558743023	56.672989306171175	28.770000000000003	12.440000000000001	8.1700000000000017	0.0049198337521334148	0.0073039632200612783
38.200000000000003	13.904887041676316	0.29099341475393892	0.02216007457857757	0.0027115274943191109	3.1978222331924617	19.819675669027809	48.692456411741304	3.2067773263009491	23.052116852852741	60.176011032385325	29.260000000000002	12.379999999999999	7.910000000000001	0.0048964309035681207	0.0074218197863846662
38.400000000000006	13.708282388969156	0.27136321607135588	0.015248160539100103	0.0026134470147689214	3.2023636545354917	19.108592232712223	47.945338715006379	3.2332141035493671	22.468207327188416	58.681232597805561	28.57	12.459999999999999	7.75	0.0048749512224417002	0.0072087157349160604
38.600000000000001	13.863152606719108	0.289845460977602	0.01417555798816449	0.0017401967354301971	3.1876503267891239	19.492182829778393	46.967994272249328	3.3532559935602726	23.308760764716517	60.05478862924501	28.699999999999996	11.879999999999999	7.6499999999999986	0.0048616019045552893	0.0072834269278371205
38.800000000000004	13.42812901920731	0.25375625088450471	0.014944094681707381	0.0034922101763931778	3.1322359308435819	18.963714994596362	45.754317919773953	3.1409643430886369	22.086793320593088	54.920339988983116	28.93	12.4	7.7799999999999994	0.0048365846369070797	0.0071657667629413347
39.0	13.577704971338738	0.27507617569519771	0.01065250459270357	0.004157399998668247	3.1875618357545821	20.1857464939119	49.203775608946856	3.265478682322585	23.560702259791633	61.71717609912622	29.219999999999999	11.859999999999999	7.5300000000000011	0.0048314089358136667	0.007181264724518294
39.200000000000003	13.545602232066145	0.27863583252997592	0.017776515980558672	0.0036765811361890686	3.2442732352439725	19.327777938723727	47.675525127454598	3.37055263580418	22.487715414749861	58.762971638295156	28.330000000000005	11.66	7.6900000000000004	0.0048144047931118466	0.0071308970681743869
39.400000000000006	13.873277100399356	0.25911174077132099	0.011957868979940965	0.0016493382506331043	3.2741378635757696	19.718085763449892	48.391508137414682	3.3935813157151302	24.251166147661984	58.696595018171877	29.100000000000001	11.93	7.3799999999999999	0.0047838245530204895	0.0070715311849308682
39.600000000000001	13.293695340196708	0.27622336455485491	0.011127966433707033	0.0038581149249102185	3.1846074796113393	19.119123107290097	46.613580694816072	3.2813888673456653	21.776610687274164	56.770883242178868	28.710000000000001	12.080000000000002	7.3699999999999992	0.0047661000116067985	0.0069726450934755836
39.800000000000004	13.46052440915625	0.24547414292834038	0.013079222123205322	0.0034421949915217701	3.2238708927800594	19.541845919570619	48.143473888445826	3.3081857631991047	22.907781508278312	60.447542128056035	28.619999999999997	11.889999999999999	7.6799999999999997	0.0047531994702169423	0.007047815909226882
40.0	13.499237734131896	0.25082799557984031	0.018511912636688027	0.0058654112758431427	3.2497541281443496	19.5062261913749	47.505177226466628	3.26637554705309	22.885403479004253	57.76586868926789	27.850000000000001	11.780000000000001	7.0999999999999996	0.004737875306064644	0.0069428676942680425
