f	stdf
1.0003462256955589	0.10039493684699302
0.37206649674111708	0.10244436122734948
0.22865774012839812	0.10286926288641716
0.1654234297378134	0.10004405908380881
0.12996954518019369	0.095647699866505925
0.1073114184336552	0.090847825533242832
0.091549980933877409	0.086514410985089829
0.079941831561468793	0.082713195390713048
0.071024775915252303	0.079451891393439708
0.063962672524614864	0.076600996978410427
0.058229259093698582	0.073995850306291022
0.053480123690633	0.071658696204056752
0.049483696575098518	0.069483240904589599
0.04606922194409404	0.067460058662653144
0.043116318845540805	0.065620754413628385
0.040538580979071426	0.0639149413538012
0.03826664542843574	0.062303724675234554
0.036246860744304187	0.060798736640399191
0.034439986899166442	0.059396701932851806
0.032816186879046909	0.058075305375314586
0.0313501966579669	0.056797501447028109
0.03001717162254048	0.055595860872342154
0.028799340372001957	0.054422508063468482
0.027683058085654015	0.053309312486890789
0.026657937067511042	0.052266526486134807
0.025714494680203495	0.05130991269029013
0.024841168031732957	0.050371144831056321
0.024030823531611119	0.049465514482653662
0.023275629524971492	0.048573884914943237
0.022574771852706142	0.047724604249746748
0.021921721496737028	0.046969201286615372
0.021306730375846652	0.046175592735743815
0.020726441916077847	0.04539668719220534
0.020172763453939986	0.044111789333370476
0.019649565484990094	0.0431164083891196
0.019149417716485859	0.042116710212261842
0.018674608851084129	0.041180056965883859
0.01823516830794282	0.040375984745588775
0.017813629303435372	0.039566289797730025
0.017412037624967163	0.038747655616423071
0.017036279292701521	0.037962718617100613
0.01665630447101954	0.036963866063424021
0.016331149189875303	0.036884665639699776
0.016002642845779444	0.036056363116992576
0.015666944795471271	0.035265495897773717
0.015352892196292269	0.03425892603737149
0.01506592147551246	0.033622654066457411
0.014777101446897352	0.032544091583342726
0.014534001454350111	0.032233533900921513
0.014265469411793869	0.031179011682224009
0.014019204335266568	0.030950273731365156
0.013794951579257671	0.030089464463457144
0.013563243473285908	0.029436489086419142
0.013335588279018502	0.0288854022441596
0.013127607903093008	0.028420795373558721
0.012922328843872606	0.027651248748267677
0.012758481526298571	0.026959068664120851
0.012546127988819752	0.026935098909347713
0.012365082252852029	0.026008742180084261
0.012194839562592702	0.025568719746873674
0.012018851440444754	0.024934515876392234
0.011858243535419123	0.024755205281922304
0.011705742090121964	0.023929217316987272
0.011558175348458268	0.023327348697374174
0.011395936751468428	0.022799960264311102
0.011245494226124624	0.023400413901258344
0.011118828095734546	0.02240063816377209
0.010946693349137721	0.022156680005446794
0.010853080429857855	0.021423927827540018
0.010695228475583577	0.021333366738356403
0.010592760554809439	0.020586684588629004
0.010479864182756942	0.020391458058729692
0.010333692081058001	0.020241624692383921
0.010191393906317259	0.020069544856737054
0.010104968339266661	0.019343990169133771
0.009990597336708219	0.019177949039416126
0.0098929225240968581	0.019403168357566634
0.0097904789001693037	0.018677608716980227
0.0096734036178467275	0.018510555296849609
0.0095952680504911222	0.018192993945178225
0.0095006509596414594	0.017714326790662305
0.0094115271048794864	0.01718494593938049
0.0092842234667359167	0.017191439174092545
0.0092067605211426946	0.016874126780337163
0.009106806010488501	0.016753957557517501
0.0090418634706462414	0.016541101448950043
0.0089307140875994079	0.016370806852781063
0.0088438928118006032	0.015907618984064276
0.0087997939797277765	0.015645062859373962
0.0086912584289898284	0.01586263667089453
0.0086158557648543105	0.015216563837507991
0.0085408818182633912	0.015163215270619444
0.0084898414668974059	0.0149651192904429
0.0083976821890731287	0.015191382742855664
0.0083295011350065992	0.014709975955366487
0.0082618864203550559	0.014606675020596073
0.0081976514231030286	0.014800215764746045
0.0081069450481689974	0.014392375505885534
0.0080631017499509482	0.014444874505742215
0.0079819780743797478	0.013993797942008834
0.0079438986596666976	0.013973949945240292
0.0078843545787025821	0.013552593931678373
0.0078001171257270387	0.013470176447859828
0.0077385899888734568	0.013258852744993908
0.0076922431029511707	0.013573153810920502
0.0076097314697582468	0.013149760945835304
0.0075622303955424335	0.012945310005420641
0.0075395583379677276	0.012940051926789854
0.0074607959156631964	0.012520855928231505
0.0074091890288881515	0.012674843597830549
0.0073597631620179902	0.012420552895356577
0.0073069442349179923	0.012223302897148231
0.0072681863821173675	0.012164969886539142
0.0071998659653995439	0.01218171832203124
0.0071830744147690258	0.011876450782133759
0.0071416617872873886	0.012480612123161225
0.0070421237208293146	0.01174547721475464
0.0070166069564408882	0.011992375531151145
0.0069642921856708454	0.011564768614760851
0.0068972886057752231	0.011346700645718962
0.0068936960191019383	0.011252911927265482
0.0068674542141737797	0.011333763223498295
0.0067988644224657438	0.011017135525004804
0.0067345455659717788	0.011138487037696798
0.006742694262499912	0.010963535503288857
0.0066595685515150761	0.010692241866997106
0.0066114889880465842	0.010493778708128869
0.0065896995102827519	0.010594651814817113
0.0065585731447793645	0.010567365204505708
0.0065001403332457476	0.010673368213097228
0.0064491325498241582	0.010535826930317191
0.006434459865798008	0.010178651959832107
0.0063823918359868061	0.010215428246696304
0.006360662837642952	0.01033337145146385
0.0063126655646276782	0.010007163785426404
0.0062955304257806205	0.0098685104942884145
0.0062588924157819846	0.0099973808239413355
0.0062222560316662076	0.0098535431645248306
0.0061874334416920614	0.0097896619731044528
0.0061633096220435196	0.0098657376771790241
0.0060925052391666776	0.0094840375559240731
0.0060553722299950489	0.0095338780679909297
0.0060705615221290157	0.0094935824819250142
0.0060135975493051533	0.0092678854477824413
0.0059847603491023482	0.0090595849597271839
0.0059770619756000674	0.0093453720492911035
0.0059064707180095655	0.0091162652318627288
0.0058824292303441012	0.0094468087314923312
0.0058435315266738607	0.0088261080750290048
0.0058528586037955308	0.0091046323982194935
0.0058206075039782049	0.0086979712973413743
0.0057708745044352154	0.0090800697744070989
0.0057640337909019975	0.0089023135705460586
0.0057045884580807782	0.0088244233458281071
0.0056620040937755255	0.0085821856857055522
0.0056790044674974657	0.0088061825421863974
0.0056642285968191465	0.00866356084622966
0.0056166191514884171	0.0083726558479660373
0.0056034554813536117	0.0083449544621353941
0.0055349139622205071	0.0082183346592934158
0.0055142260695428824	0.0082584677143025271
0.0055126000827385672	0.008163986628270125
0.0054312978758752359	0.0080400996652898252
0.0054725146978144021	0.0082623477316144493
0.0054079090752349969	0.0081753030322528186
0.0054249715444733013	0.0079814150914690202
0.0053950357456521965	0.0080745015439922536
0.0053440120930376032	0.0079060479498981543
0.0053289058411064094	0.0078028043714660168
0.0053381098978502435	0.008123568976464499
0.0053023861390792586	0.0076885258023749225
0.0052853364180745844	0.0075650922861883307
0.0052307913168061033	0.0077989738085706721
0.0052143313570888862	0.0077671857985348964
0.0052173819157883073	0.0077269980431868097
0.0052119827323549757	0.0076016144074053972
0.005176361969120827	0.007690755488813877
0.005133142357231133	0.0073531174907939065
0.0050964723310537438	0.0075312153604681631
0.0050776605914518644	0.007409569961015358
0.0050874703601585334	0.0075268887438061684
0.0050434016137111725	0.007513288887627795
0.0050288362057072039	0.0075377018205950424
0.0050325715929085361	0.0071886458368255312
0.0050236258050694446	0.0073542005399088173
0.0049980096028357278	0.0071888382015848152
0.0049540215910974473	0.0073033086899513466
0.0049203598142969554	0.0070533512471150457
0.0049428190897760124	0.0070573412513409853
0.0048980757859580278	0.0069463341981608716
0.0048847251892062838	0.006780303291202037
0.0048737713615797131	0.0069749258951481655
0.0048240579717840825	0.0068975585264424866
0.0048500594719785269	0.0070306565864932183
0.0048175423339393408	0.0068202029316951013
0.0048102413299996065	0.0069154420322329905
0.0048050426928427778	0.0069435283482512213
0.0047598999016440742	0.0066509351798240994
0.004743828404971966	0.0068352866307704258
0.0047411705621576584	0.006652670999385657
0.0047232612866908866	0.0067382385281334915
0.99929479488757056	0.10032501294824271
0.37279563503186192	0.10340573636290845
0.22936653723522488	0.10383843094996893
0.16610208168927718	0.10046801472397876
0.13054933623535925	0.09630615859808922
0.10779261265079047	0.092044693059927019
0.091956909962696037	0.088143210922089862
0.080305074443047339	0.084546771300009441
0.071358200853078646	0.081347611631934727
0.064267841001056661	0.078547664932274844
0.05851186431587363	0.076025537310362698
0.053746577101539357	0.073764655206169275
0.049737768844559951	0.071662791083363236
0.046316981875105842	0.069720979054411755
0.043361331514310895	0.067927227518689709
0.04077827840460007	0.066254443337188954
0.038504097143348459	0.064706374938518926
0.036488781181151668	0.063266889670638385
0.034689998843624878	0.061905200691868133
0.03307200366544126	0.060620693341508727
0.031606625705326866	0.05940986563591704
0.030274971287217303	0.058248520818097137
0.029060779053376635	0.057171476185861464
0.027948056113714429	0.056176107946004597
0.026925501877227163	0.055280097143823315
0.025984301594282763	0.05445368860527823
0.025112051987145806	0.053652736325187821
0.024303644760451881	0.052940405080981613
0.023546662389200706	0.052232311476178524
0.022839096290695415	0.051541841574988888
0.022170929468331973	0.050824245772726463
0.02154160171502047	0.050116260343226811
0.020948597755558487	0.049376295216222055
0.020390098118365681	0.048664379220972338
0.019867854002621678	0.047983873413856917
0.019376854481172261	0.047311316269182321
0.018907548700593513	0.046550148862882397
0.018464829928960449	0.045466948561913419
0.018039896532591648	0.044680239071103058
0.017639246331659669	0.043943604129224587
0.017254142073426241	0.043244329849853741
0.016875594838122777	0.042409600133150913
0.016517182435707583	0.041519449387607807
0.01619280183354951	0.0406360920932771
0.015871566494354932	0.039899743343037905
0.015565751144310759	0.038906385875425151
0.015275365857862037	0.038224320547410998
0.014998277452466279	0.037478122087425264
0.014729078815748028	0.036619630821273938
0.014464618362769183	0.035727341778380127
0.014209899973221141	0.034959777697818682
0.013973987494314933	0.03438362357649126
0.013750548304859139	0.033590653761051151
0.013521998617607667	0.032655197739949189
0.0133073944437096	0.031938862577709434
0.013094445303992177	0.031721652098604759
0.012903123419630284	0.03088353650392258
0.012720274254533833	0.029957183056690682
0.012520313575783572	0.029756724542129548
0.012353914602652718	0.028584914764376797
0.012172797035374352	0.028481227498117233
0.011993885830131418	0.027891300031430671
0.011834152023145937	0.027733739488397347
0.011680393962464217	0.027110099424597127
0.011515105860600571	0.026438949122473715
0.011377508382015435	0.026554503549017679
0.011215444708966902	0.025406742422557613
0.01107405727535692	0.024944962328317409
0.010947023210308587	0.024561386885014167
0.010821920383944328	0.024799353825689222
0.010710132091662921	0.024279055265410517
0.010558566320385121	0.023091400444828939
0.010451462412261451	0.023104252673846921
0.010340440478827493	0.023492180307192512
0.010203247030365847	0.022085940822550998
0.010093688373027404	0.022084734046126511
0.009993038870118983	0.022251232321677569
0.0098702370269427887	0.021618627573135721
0.0097902103911792354	0.021567305893804886
0.0096810669833958009	0.020710692883650326
0.009591221014339282	0.020908428458953399
0.0094820597785357265	0.020061156312477565
0.0093708197245464652	0.019785068081936738
0.0092846346687798231	0.019392992300148938
0.0092002025099728827	0.019526248333056332
0.0091071756601083034	0.019274230037982371
0.009038607496919213	0.019167578306760049
0.0089490565711262769	0.018545347275988285
0.0088496276212172535	0.018407440296852939
0.0087741820065670353	0.01801141263361556
0.0086773117114704156	0.018143782383076863
0.0086324109167435423	0.017596020150738353
0.0085492755832201929	0.017486031947010493
0.0084464123109989232	0.017077615890777057
0.0083907458903758388	0.017196382434324944
0.0083321762721207844	0.017265431708721711
0.0082607280502807502	0.016701194446491735
0.0081669650605313542	0.016222164247197881
0.0080957171082607915	0.015781381870135856
0.0080753686180404394	0.015980576391606025
0.0079855101968797221	0.015378296027975438
0.0079150333489265406	0.01539608142745726
0.0078607434899283998	0.015382506928321897
0.007798575371303876	0.014943380390583559
0.0077331165705815238	0.014842193987553293
0.00766846339246967	0.014813308601043781
0.0076242476262685377	0.014580602185000157
0.007534597299418677	0.014632363411859176
0.0075027884762239802	0.014123145408344176
0.0074362094158920656	0.014059080651659676
0.0074131815385493644	0.014060073668357785
0.0073472356780172011	0.013599963238830469
0.0073165786542075109	0.013958515242420366
0.0072755059159128133	0.013470804404841137
0.0071886084231053415	0.013295095971413347
0.0071693794845046179	0.013501757484245418
0.007095158502958227	0.013213375709684456
0.007036019405678203	0.012958405765311735
0.0070084561573568469	0.013037232379947007
0.0069476026451405354	0.012643184532623013
0.0068906280025501903	0.012658967299251136
0.0068599013642482035	0.012379512510120696
0.0068340211434414697	0.012282649605202775
0.0067754380118217414	0.012298675937308831
0.0067427317625309482	0.012312863652400965
0.0066766492523388024	0.01207343339529895
0.0066523800889828058	0.012051470134188955
0.0066000362002899661	0.011701112427151081
0.0065807102745632064	0.011531257537497189
0.0065454010808088901	0.011941267160086436
0.0064966715200630463	0.011609702727024688
0.0064720718193823183	0.011577717017034528
0.006470584694677717	0.011108105040143201
0.0063769133917643507	0.010859335056215197
0.0063350783385619312	0.011066207484630927
0.0063051151530513572	0.010921795355660176
0.0062480685251582015	0.010855767161635546
0.0062279381930108587	0.011038651438063716
0.0061862253101189106	0.010703659277369576
0.0061753745463512411	0.010505796928871087
0.0061451311362695762	0.010450397698651052
0.0060956600595414162	0.010442823303581594
0.0060888598589916524	0.010615182838490651
0.0060373307914951893	0.010367812501935525
0.0060340262187093124	0.010475614816399803
0.0059628106477525745	0.010117081076385231
0.0059340245482199256	0.0098622836586219273
0.005877659640203598	0.0096427100836648984
0.0058793034279986077	0.0098703749819758456
0.0058540783273282179	0.0097197560031053488
0.0057986842932785691	0.0095053758409306167
0.0057709017840269642	0.0096755349171795142
0.0057556761006919291	0.0095270526127877418
0.0057383118167459056	0.0097168312887449225
0.0057032684979514189	0.009755771201325732
0.0056609724420876983	0.0095354909704885114
0.0056461405636762446	0.0093212574755011501
0.005618987478420775	0.009317236283045682
0.005584147360244803	0.0091324272263738644
0.0055847396263514126	0.009122925739074068
0.0055529671518584501	0.0090843660505042865
0.0055236557163490683	0.0088825443992037525
0.0055007020754620954	0.0090965712493303059
0.0054798434679306385	0.0088215305656133697
0.0054325000859742796	0.0088098034042636015
0.0054089322369355094	0.008881679904978913
0.0054040509616346153	0.0085406087132646382
0.0053648828862418287	0.0085456794395521035
0.005350288980047759	0.0086021425794472334
0.0053423266618512549	0.0088780483424563648
0.0053087314617114283	0.0086249086982220884
0.0052647316438103166	0.008659071755946629
0.0052977068010602573	0.0084134673700352689
0.0052756778049661852	0.008375510992414013
0.0052419977281476238	0.0082610277576936689
0.0052073070304914596	0.0082914853584553326
0.0051649230624864388	0.0082982495786109584
0.0051607318143632921	0.0082925429354902443
0.005131737572058548	0.008102981855094506
0.0050986582893349812	0.0078580241624971996
0.0051048530920562701	0.0081973901129169177
0.0050595292157536945	0.0080893504509014138
0.0050565428338062886	0.00815193626190896
0.0050329574805520801	0.0076562711496451878
0.0049984299858981743	0.0077668558635731744
0.0049723012683777698	0.0074917618906066305
0.0049861508528972771	0.0075258248666565429
0.0049449743859684659	0.0077079512709292029
0.0049139722899589205	0.0075885706354982185
0.0049223627076498775	0.0073562927742503552
0.0048959378079492495	0.0073528437614008317
0.0049036405216994795	0.0073362604640484714
0.0048843953415861315	0.0073125610067155296
0.004867570723934146	0.0077173249277266379
0.004815605179961947	0.0073363305780172151
0.004808081136243412	0.0072706417304227852
0.0047774894772752664	0.0073162591374615988
0.0047911862899211247	0.0073257705296244863
0.0047335247915717702	0.0070776255086184058
0.0047429175167681839	0.0070952030851954128
0.0047348731027865723	0.0072762054733473179
1.0001472103519458	0.10041132588323855
0.37302690128371507	0.10405029118690366
0.22950770230276998	0.10472277433777875
0.16618286158580775	0.10183139683835075
0.13064133204178818	0.097449341564227951
0.10790467620213358	0.092757875168447704
0.092094446657020629	0.088224545249967645
0.080437673956415504	0.084204287453596094
0.071485061369068265	0.080601752633979423
0.064381596171668859	0.077491102060156636
0.058612507346292177	0.074762547724700229
0.053833121027878295	0.072303563614165581
0.049804934656004218	0.070126814945479732
0.04636542122770345	0.068161457952415641
0.043394183528873323	0.066367944657110808
0.04080075645864089	0.064811229915458721
0.038516553815377302	0.063480950866131938
0.036492247720063375	0.062227579085159246
0.034684716081157654	0.061103113619047383
0.03306121020555057	0.06008835708285535
0.031594526179138493	0.059136897220587729
0.030263436120990774	0.058183253932490825
0.029050484990342525	0.057258556122809313
0.027939765611090371	0.056420324052019341
0.026922631668633682	0.055669438981436441
0.025983250455572801	0.055001779930046374
0.025111612049332349	0.054307775953417861
0.024303813740808845	0.053644877029449436
0.023551947870868849	0.052987920286767527
0.02284922871774165	0.052343269696692819
0.022198619615019202	0.051804172813626079
0.021587940600226254	0.051288402647458771
0.021009403333527826	0.050704266509580279
0.020462105024075229	0.050126698797919068
0.019952277023934775	0.049628284147474493
0.01946541588895952	0.049031764225668753
0.019002465827388498	0.048427385229334569
0.018563104878435616	0.047832955964445908
0.018146709865325142	0.047253942968740081
0.017749110060238878	0.046672935913649294
0.017366894024101683	0.046082820797408511
0.017002733751528599	0.045457545964733517
0.016656308236069697	0.044857137557544585
0.016322248737128901	0.044368489981144066
0.016010356033887833	0.043646454034375212
0.015715509138109544	0.042967593305757078
0.015426736808035973	0.04239543320732797
0.015148199186372427	0.041903473223873326
0.014878218977681509	0.041439279863239614
0.014623030649798523	0.040884264580116826
0.014377583723821684	0.040334345981165823
0.014146359172738732	0.039654339727951002
0.013914785618956153	0.038754533915123096
0.013704795609298983	0.03843204189394725
0.013503033900385502	0.03773448355059987
0.013286428011935591	0.037153962805178346
0.013099464656234936	0.036778798950918255
0.012902605708673881	0.035624298031004982
0.012723026617616815	0.034346700906201656
0.01254666238082666	0.035361433375320203
0.012381700282428814	0.034434308514034166
0.01221169699831832	0.033919242354344681
0.012034827229104473	0.032384980274400697
0.011898967547726408	0.03352065460608581
0.011722722085019783	0.031996494862321555
0.01158175835938652	0.031227809499968718
0.011427066682020471	0.03056731611408206
0.011319232860020805	0.030920092016278704
0.011155596320367557	0.029048417913945086
0.011050933680097188	0.029697145907428592
0.010901459275646052	0.028878686333508898
0.010784379393105758	0.028811369967005913
0.010663400100331455	0.027876548711868
0.01053927715601799	0.027058111829095621
0.010440334392177949	0.026799830890066691
0.010297990501498098	0.026355965877375757
0.010174819473224584	0.025767762566816108
0.010076954040520409	0.025302905740867427
0.0099694122606241928	0.024769217495314824
0.0098858347847265767	0.02521373332926757
0.0097601727155519503	0.024358160076156408
0.0096638858333771126	0.023560424159899836
0.0095668893291678513	0.023726589759324644
0.0094973317882562219	0.023339248100571669
0.0094016958415387604	0.023277739027526768
0.0092834010683552366	0.022387001983887007
0.0092068351362228351	0.02196080304830322
0.0091117449118582102	0.021829041967633675
0.0090182935825016235	0.021464068641749413
0.008960195187696432	0.021641865753932312
0.0088895520847615938	0.02137032729922736
0.0087859208488545379	0.020546381293031241
0.0087055586396336277	0.020514982734950966
0.0086375551104990143	0.019868796428176912
0.0085559463508043023	0.019548985459969574
0.0084656002645203936	0.019273975616882561
0.0084412271369815935	0.019222220575843624
0.0083432920426447805	0.019400353743634361
0.008298556104043911	0.019427304808562789
0.0082115184421704315	0.018590873137317658
0.0081609600263127212	0.018211782641286787
0.0080818335227200219	0.018015435245528896
0.0080373997820489731	0.018629526777312371
0.0079238508608704874	0.017076907036832026
0.0079178820385180024	0.017861388455961483
0.0078502244845097807	0.018106541903275521
0.0077680261843746969	0.016964339891989165
0.0077255858496187609	0.017359994637944395
0.0076759787464725218	0.016658295057122987
0.0076195031509025419	0.016782802706011214
0.0075437150620984708	0.016105959265057566
0.0074844956318200068	0.016653820987395859
0.0074366134609049617	0.016049052723897575
0.0074028918534585061	0.016058904159887935
0.0073511203258974315	0.016137820163507642
0.007300308956850827	0.015768223970031574
0.007251997617951424	0.014970365415963706
0.0072048937085352404	0.015303245226495642
0.0071229339124133685	0.014479056531752429
0.007113112320495777	0.015305773857520494
0.0070355374387309549	0.014688511326452883
0.0069978576004210155	0.014464754453738024
0.0069279478693159008	0.013409075424128223
0.0069150090666586072	0.014003307017113394
0.0068803661030934094	0.014245575540948475
0.0068363181750351965	0.014069618351784137
0.0067706849849367779	0.013389752879813728
0.0067501380739241291	0.013498610551350801
0.0066932849185171719	0.013337455748969943
0.006652971978684228	0.013009887858337382
0.0066176017973443449	0.013601521254993882
0.0065813219183301916	0.012975017747721499
0.0065543687791836339	0.013033683344709841
0.0065310368961520576	0.012864118526239735
0.0064826952588234567	0.012357958792410218
0.0064091784411647182	0.012630720504025628
0.0064209010556745948	0.013184939377282824
0.0063596526470310801	0.012775890166676554
0.0063445919642828152	0.012696006303148722
0.0062696819713537353	0.011854387215923847
0.0062518214871693303	0.01162415195498351
0.0062614357082203774	0.012450498094771032
0.0061698560731135322	0.011691198906558713
0.0061493444250351192	0.012080497807464998
0.0061139072561783971	0.011985276537407271
0.0060714206557664777	0.011315231177040032
0.0060762971222862979	0.011860669155078768
0.0060499437953700193	0.011505918152064375
0.0060008796187058736	0.011529250672625684
0.0059570092474695675	0.011223794557339748
0.0059480882054563436	0.011108500434298145
0.0059311327069164919	0.010792829684036912
0.0058864412169819203	0.011254627633306043
0.0058889820998481984	0.01080734218512136
0.0058177751957645216	0.01050214159424615
0.0057741539768762515	0.010798998246002998
0.0057673731865705334	0.010733089543351757
0.0057324949081828721	0.010448094693119374
0.0057076384916291793	0.01025846785798324
0.0056712928955091309	0.010571563839410372
0.0056765772965550665	0.010815541396606015
0.0056466531038062238	0.010384085785753438
0.005635492880707446	0.010380126829385933
0.0056153669496345014	0.010054336299806685
0.00556786005623421	0.010284205050807087
0.0055522276128571208	0.010181748095629837
0.0055274967321504911	0.010039438403255217
0.0055294077089496976	0.0099918456880554139
0.0054669857557372564	0.0092779736794029819
0.005458043582202983	0.0098683330209333037
0.0054333862854449091	0.0098043167783246152
0.005429521305360183	0.0095875557822191967
0.0053770929580801092	0.0098218250093894
0.0053336717254156354	0.009453391855249231
0.0053207064523977067	0.009053942375784817
0.0052801460055278988	0.0091650609174832968
0.0052934607453112431	0.0093628749160124536
0.0052988082751169218	0.009106562582058603
0.0052454899933127826	0.0091838779506563974
0.0052067089734104668	0.0092755646825056319
0.0052150977402087651	0.0091604601875854008
0.0051702215693863749	0.0092151675566310813
0.0051881091566039631	0.0092745765890408123
0.0051418978804078589	0.0091252731868000595
0.0051143312568361979	0.0089136369946439982
0.0051042678625608734	0.0086578502237568029
0.0050884585532575636	0.0086057977986293572
0.0050498513594334563	0.0086516511823182141
0.0050208629760090566	0.0085515972916723818
0.0049975531972308342	0.0083472476121025235
0.0049837581280203483	0.008445587185578975
0.0049844797095136917	0.0087905984357473793
0.0049638039894072099	0.0081496023969107514
0.004931197913169272	0.0084165088926726316
0.0049472215213385504	0.0083739748587391572
0.0049158464095451658	0.0085313065457060504
0.0049064039701733472	0.0081152529628786604
0.0048794786696797921	0.0080182594293235019
0.0048197469959111337	0.0076615466871567959
0.0048057022514902013	0.0083269797802090571
0.0048507931928890562	0.008538203334954109
0.99944758000309342	0.0981460042981709
0.37292763857477407	0.10245257547437212
0.22944583597899595	0.10266921972783848
0.16610699003694518	0.099454784104786087
0.13056124624129867	0.094545047514847783
0.10780250151439517	0.089450266454165164
0.091960008144255201	0.084834922050862308
0.080273526882902957	0.080953334260183599
0.071294692512544708	0.077669899953758462
0.064185612400263423	0.074658057025997537
0.058415624777642394	0.07193496490475372
0.053634061730138384	0.069564815156736598
0.049609721118971238	0.067424735043905684
0.046176289972278114	0.065442087663859949
0.043209015826623717	0.063682583359377362
0.040620609287772808	0.06212773545167144
0.038342460281435106	0.060777427064308095
0.036318860265976076	0.059590272873168822
0.034509981856117602	0.058502115923810626
0.032881553661353834	0.057453083783886166
0.031407067463998288	0.05642432760080978
0.030066010638499469	0.055490766905673887
0.028844049526963927	0.054607591803153895
0.027723858280331134	0.053768187480561717
0.026696177091730926	0.05293374226355517
0.025744349117390822	0.052131306430077989
0.024864914774526171	0.051422478321855779
0.024051206410479187	0.050702657361570251
0.023293008773568845	0.049957921754807025
0.022583436763318525	0.049210202001862727
0.021920546187301788	0.048520520529793207
0.02129687465004991	0.047833916065436036
0.02071191392131402	0.047123326413818063
0.020163167516639768	0.046354565193092674
0.019669410970236612	0.045496949675230137
0.019187858577879104	0.044607584378213841
0.018743318781945972	0.043794459501029906
0.018305826052883865	0.043264236103869702
0.017888434953324386	0.042715516817957988
0.017475934346787039	0.04188287037882004
0.017092512601387437	0.041252280352743226
0.016724771192047613	0.040515795981432901
0.016372082489908821	0.039738548673218931
0.016052446490292142	0.03914861524010585
0.015733027739590063	0.038656699990020027
0.015440934497409995	0.038232736725906345
0.01514511236790835	0.037423143235999268
0.014856385255937816	0.036392885502848506
0.014584876878830666	0.034935926302523193
0.01432949476256401	0.034156518071338952
0.014077348248282572	0.03348471322283323
0.013839800650455232	0.032647894742144738
0.013633520259615246	0.03314358161950906
0.013419319629790021	0.031998304288397707
0.013204863556959023	0.031663756258217941
0.012996950603595226	0.030950669589828502
0.012794638789564357	0.030713858597809476
0.012619809836121629	0.029808017791918308
0.012431529528744451	0.028740943660560857
0.01227639615088145	0.029346725721333965
0.012128651066369124	0.029563785233061
0.011950905574761693	0.028203057764947307
0.011796583225320369	0.027462460720280951
0.011621485662081986	0.026522430505339957
0.011485723544049887	0.026074856619095938
0.011344147866236661	0.025572490299211333
0.011199009854080981	0.025442698506186464
0.011077088973764724	0.025683135780868321
0.010947377871657896	0.025328241205164487
0.010825439673828216	0.023704696424404131
0.010695391964194638	0.023618155368164397
0.010565880139428845	0.023349358966793764
0.010475345347414079	0.023431865813190338
0.010340230520118421	0.022116615596026859
0.010241743416847368	0.022956810470744965
0.010114140059005841	0.021275689335231589
0.010013259309930139	0.022185626842610114
0.0099022309747278901	0.021773655877904186
0.0097632386586134785	0.02011669383708679
0.0096778092313641786	0.020070017438725864
0.0096007028490686826	0.020062353826876836
0.0095172520252458249	0.019783916537527743
0.0094286211929882711	0.020359174708720163
0.0093386985475132252	0.019449535044539348
0.0092367733166600803	0.019851127193423319
0.0091663298125703851	0.018775529510184109
0.0090719733665969287	0.019159325548665035
0.0090063753014743928	0.01810686159916337
0.0088945872706185369	0.017897025006334142
0.0088204017130397317	0.017754383482284645
0.008718546674437274	0.017696108605568552
0.0086577132389102293	0.017374600604964704
0.0085802428898203893	0.016774543025201882
0.0085089985791567419	0.016361340110399421
0.0084835042962408055	0.016771767069281473
0.008384783380801555	0.016376661047995331
0.0083086891334320217	0.016415185624425593
0.0082327171458356115	0.016116598617886248
0.0081222931222355715	0.015910162694203873
0.0081152350436804622	0.015634052815695996
0.0080156420381426365	0.015234691082568898
0.0079624169281015886	0.014980597261387223
0.0079234203416809253	0.015235364592876268
0.0078686876605863262	0.014379429580048456
0.0078356342346356973	0.015371201508952596
0.0077224247059909457	0.014688565430444254
0.007682077703658168	0.014208505559399585
0.0076796072766082144	0.014549262203754069
0.007554241592918883	0.013787149576115735
0.0075294421529995574	0.013894106149929626
0.0074708650154292526	0.013697453307590868
0.0074034262214346122	0.013500463259432592
0.0073512487776201318	0.013346766888185571
0.0073153156189714767	0.013307143442939491
0.0072479355625933179	0.013202804648064417
0.0071975301582309064	0.012487861324227809
0.0071678377349607292	0.012870813833012213
0.0071292832761542238	0.012782010286423832
0.0070816278901333785	0.012631988571029332
0.0070081993959725574	0.012255633104557826
0.0069632719694295592	0.012286671410476631
0.0069151716153641853	0.01209351036084471
0.0069198422645506156	0.012833925517451735
0.0068805128325744036	0.012035607339650648
0.0068009057089806419	0.011402176070233529
0.0067557660525256868	0.012262913076949492
0.006727782716007707	0.011962081290770457
0.0066658130474395345	0.011409269184185448
0.0066264046854514142	0.011113109935971536
0.0065940765900415546	0.01146426009731296
0.0065691559656846634	0.011451129988765331
0.0064973343820729909	0.010986994797687636
0.0064829815883352586	0.011420562682522563
0.0064779379380016187	0.010904718103374506
0.0064061210767326349	0.011324162429985818
0.0063863593801066426	0.01049595596691239
0.0063517958472305682	0.01060700568347357
0.0062935214959575752	0.01094622688394762
0.0062476355173704309	0.010349439836246303
0.0062226104078020828	0.01043656214991546
0.0061923000448299206	0.010509974041205234
0.0061523532735345225	0.010461816267960956
0.0061622016747988739	0.010722898430748811
0.0061060286933427594	0.010299047201610043
0.0060780108053955523	0.010116007191728272
0.0060438940530223081	0.0099962009407263581
0.0060413324599497701	0.0097424393975168271
0.0059985230398940182	0.010310177192494319
0.0059658367168416524	0.0099427844451361706
0.0059150059379888004	0.0096304237790368341
0.0059242486121670471	0.0096877074585748554
0.0058419571831058587	0.009662088593483803
0.0058573390744691856	0.0095396355710438609
0.0057858515891802027	0.0094224281974170879
0.0057639812865165783	0.0094915505618492248
0.005754652522637526	0.0092307713197599915
0.0057768479923354585	0.0095284089315037929
0.0057116543385350074	0.0093037607280116764
0.0056937613052109219	0.0092007576220136597
0.0056440959200440384	0.0090641015129940637
0.0055985423464219274	0.0088356359197165821
0.005584913127616456	0.0090663578726162351
0.0055387711876252561	0.0089273654868881145
0.0055341079152726796	0.0086884262194891586
0.0055218148455612927	0.0087784989123226333
0.0054984351893854339	0.0087799048056409947
0.0054763696400070032	0.0087227636313775992
0.0054795311983274909	0.0086307101625286101
0.0054329422709262784	0.0084112271218385205
0.0053992876783120125	0.0085364106788126566
0.0053426588646699712	0.0078887364140065776
0.0053113091868760946	0.0081687028186591733
0.0052769503020518227	0.0081294063025513629
0.0053094557221837861	0.0085473637998526551
0.0052676526808989764	0.0082231570769195367
0.005243270415482274	0.0080292140479945769
0.0052422992542281114	0.008357321329630232
0.005189679597210361	0.0077642526398948534
0.0051853139358851181	0.0081281880289474813
0.0051378387373080267	0.0079566743586971054
0.0051845452591500829	0.0080696055149824218
0.0051419883503451844	0.0077977737054861903
0.0050920477394177715	0.0077452156830377988
0.0050761831544767775	0.0079562033995955756
0.0050504893573821135	0.0078548016165369671
0.005014726372549033	0.007199709752588569
0.0050169082701672163	0.0075256725443869597
0.0049868374014197143	0.0074065862657447697
0.004977018763697532	0.0077268309466819833
0.0049259850292794373	0.0075909115919094543
0.0049428242275465365	0.0073433243537690202
0.004943467158855643	0.0079413148097315766
0.0049283555097981678	0.0077917632399393463
0.0048676565687385091	0.0073069900107736417
0.0048573776353108581	0.0073324419507907789
0.0048899185334690962	0.0073011373891054129
0.0048949608659508426	0.007294980637626531
0.0048014360962303953	0.0069108174450569432
0.0047924027849655815	0.0069984460761080627
0.0047979099188634284	0.0072785935476229954
0.0047777662837196998	0.0070955419225156328
0.99902664732968538	0.10528560885057463
0.3722284317354686	0.10957947903395453
0.22886026279440802	0.10984690347613187
0.1657364151066078	0.10513587388749455
0.13029450912734308	0.099488485333912344
0.10758148627817229	0.09440186609527132
0.091781631335843286	0.089864929283391279
0.080151620614041574	0.085866606894979852
0.071237633753874624	0.082175328183352894
0.064176900477914064	0.078841099583872004
0.058442332881832156	0.075799322071874675
0.053688593650627614	0.0730823494222025
0.04968093061095534	0.070709033098340451
0.046256019730145329	0.068562383391050363
0.043293291354421011	0.066570627564513721
0.040700793335006785	0.064739070289669132
0.038416175228753131	0.063070717163534656
0.036387130688064387	0.061553692794982233
0.034571881719789685	0.060214793922248565
0.032938818890125822	0.059029448155835919
0.031461364243552815	0.057969969041447536
0.030120855828137252	0.057080223843982696
0.028896649383689691	0.056246493904380634
0.027777531129877846	0.05548913486509232
0.026751070209568874	0.054729877307236552
0.025804266966967693	0.053958025594631212
0.024927822481838356	0.053202739323080457
0.024111484213369748	0.052462387415374942
0.02334713321424985	0.051706976137200746
0.022633065262206608	0.050996396412418966
0.02196292704940811	0.050279259512775572
0.021334512773628873	0.049573761927341711
0.020742900989598655	0.04888757365355903
0.020188352644996067	0.048193709090505389
0.019683420033104537	0.04772184317038939
0.019208100223603312	0.047221927062673683
0.018751196012569936	0.04660099936523595
0.018311028116480145	0.045976439023767073
0.017901776542314788	0.044992579388748656
0.017500803155256834	0.044086068319127723
0.017128420339067869	0.043503535605979117
0.016752874785555181	0.042466605118307847
0.01640547261972608	0.041752467585158125
0.016071888754444152	0.041032024225356199
0.015747668679679503	0.040006225550102067
0.015434020940039594	0.039413608245902884
0.015147172734744389	0.038643661561456814
0.014873567379483319	0.037413431912586712
0.014612435060907319	0.035357845730751243
0.014357084799939197	0.035219775206051192
0.014127689787389651	0.034296453638303734
0.013893672040282537	0.033497962779510601
0.013660162376852433	0.032196067716737123
0.013455806437330266	0.032058853671350432
0.013233512441776276	0.030343637257696874
0.013011605515247136	0.030141438288839684
0.012831097473799652	0.029318411349670698
0.012661955627189109	0.028771470132212228
0.012466883921538973	0.028089595955328662
0.012291529497740981	0.027154469050615627
0.012126462830502645	0.026648465396022166
0.011949367666912278	0.026811457942815448
0.011789318244710469	0.02580817747756961
0.011642733723999692	0.025044180362310771
0.01149562422739773	0.025360465976853052
0.011356898515241744	0.02432624726141432
0.011173449476828461	0.024161318734398349
0.011058017565678667	0.023666365792153574
0.010915504742313283	0.023074505750672589
0.010787933297250174	0.023206556683101686
0.01068236224645302	0.022746869142514423
0.010536081437824571	0.021945522579915059
0.010413580920032715	0.021634858297008158
0.01030263472825634	0.021579834570120197
0.010202277707883499	0.02122955218352034
0.01005644374310068	0.020577625067833449
0.0099667491707830427	0.02019735671069638
0.0098289410856724508	0.020114660736558928
0.0097785915504671802	0.020280974990489635
0.0096390280645014172	0.019169088071513254
0.0095418914297831711	0.019076078042213417
0.0094789502657895621	0.018902057181440612
0.009357205028277811	0.018414037510978545
0.0092678876865681104	0.018401397909275179
0.0091743438937319389	0.01775938304702817
0.0090851893065388867	0.017876918063999287
0.0090041713186054043	0.017712033272204327
0.0089257135257228802	0.017338357404927517
0.0088628916060064997	0.017277591353881804
0.0087672877686504527	0.017145245092893904
0.0086927505878403796	0.016822850152944425
0.0086443250323719849	0.016463753068144855
0.0085352349701952827	0.016034538293530191
0.0084827140459160337	0.016322736495208247
0.0083834359241663457	0.015886603901006907
0.0083527357265214749	0.015573291134660239
0.0082680355999609559	0.01594907388269275
0.0081737187413071337	0.015236001163388206
0.0081399515648212569	0.015583338535043045
0.008040929256679331	0.014936847095747826
0.0079459534313234149	0.014697351562959269
0.0079185385747466402	0.014838896773767518
0.007852497511624373	0.014415071910958172
0.0077966759108522229	0.014191455350398776
0.0077298148752148865	0.014363346359766056
0.0076752785075846928	0.014225276697942928
0.007621623372134065	0.014050114088772814
0.0075824044630233177	0.013926758924206103
0.0075357479910629199	0.013572816657625995
0.0074389907461243129	0.013235981043032996
0.0074634144125618057	0.013835964117082492
0.007376619795759134	0.013009096621641372
0.0073065955920019092	0.012906960835462703
0.007246416306250076	0.012868077527589681
0.0072033883250361445	0.012448243588138985
0.007151102813347316	0.012429393657974974
0.0071189553707416897	0.012951982996509638
0.0070562799898315999	0.012176857165205788
0.0070154008278705627	0.012059759810404995
0.0069660228212106781	0.012325068838022873
0.006913454777253341	0.012375229896156296
0.0068973804741117523	0.012131761020076326
0.0068152134685177043	0.01196977959733091
0.0067814146732559904	0.011725142999749876
0.0067220305244431542	0.011438837912166145
0.0067067494635562053	0.011152674532684499
0.0066596083800037143	0.011708463084724736
0.006629559842932683	0.011389858667334404
0.006598136376590482	0.011251863020090975
0.0065501641751158392	0.011129795635117125
0.006474549800004393	0.010485508842122227
0.0064579189872331693	0.010705526136471926
0.0064240628236436077	0.010607934826517812
0.006391497012309226	0.010583407349720459
0.0063429957778174386	0.010790446684022735
0.0063100952213585243	0.010342752700957827
0.006271116263062624	0.010197199310390386
0.0062411348474975927	0.010472346604263388
0.0061918136887416549	0.0098638981586331755
0.0061818217497711728	0.010058345745756994
0.0061286707386309126	0.0099997203465104177
0.0061222646998425325	0.010088480604254935
0.006059265798399052	0.0097279286311340758
0.0060427190471202315	0.0097127972352095086
0.0060327181778838807	0.0097057540383789515
0.0059723372613289753	0.0097607343865537283
0.0059529449049349897	0.0095678026025488114
0.0059269503523549771	0.00944188297133834
0.0059041901468367946	0.0095319026572184638
0.0058612237887640363	0.0093752074595722032
0.0058220846951989756	0.0090732393775090799
0.005796302517920562	0.0093192069808365318
0.0057730179015019556	0.0092440849010600856
0.0057627364736891062	0.0094634313380641162
0.0057030799665081702	0.0093203366914628161
0.0056773159325392338	0.00892393432864165
0.0056443663250578232	0.0089212330479568995
0.0056301842263968083	0.0088684807418243049
0.0056077587672531317	0.0092649339898923187
0.0055749683500950003	0.0086205416032309901
0.0055961845780611802	0.0090373354309358136
0.0055328406600328051	0.0086478479244992586
0.0055198913547716459	0.0085002529005010954
0.0054531609327135673	0.0084903896576884515
0.0054585695692522937	0.0086536218904160068
0.0054035445380585167	0.0083100023131080347
0.005385862110298548	0.0083227147761843791
0.0053701594854372999	0.008443958268414771
0.0053832469624173259	0.0085372697459887761
0.0053509285403312411	0.0081572622532281626
0.0053125194430653994	0.008269238027209273
0.0053113872323425982	0.0083206225552664246
0.0052704329712922856	0.008023686490332858
0.0052260725879475622	0.0076833850035140849
0.0052300996588261145	0.0079722679311626486
0.0051844026465885165	0.0075571344312268807
0.0051443478222416078	0.0076947752888370325
0.0051998173193765762	0.0078386789899154603
0.0051363721750002809	0.0078095775822781257
0.0050991241343837767	0.0076075456886126706
0.0051179643157513348	0.0076879675970926839
0.0050657423132916277	0.0078645858600223974
0.0050618747800410153	0.0079323951474749195
0.0050456530205120857	0.00769211065559637
0.0050355813353647975	0.007629197110953897
0.0049980175873444782	0.0075731539894003698
0.0050040833644592305	0.0074744613568179146
0.0049464486706090336	0.0074410402382876425
0.0049438307096290419	0.007601994752904173
0.0049140151597890985	0.0071983083887777414
0.0049125637222416042	0.0071678166546078007
0.0049017960590487649	0.0074320465328904821
0.0048605123367777732	0.0070319737006026136
0.0048693844585787748	0.0070906086060604214
0.0048264282162625658	0.0070816129161825284
0.0048198522542817028	0.0070774175251066239
0.0047912978470400309	0.0071001970471766635
0.004794393889724774	0.0072095183579232169
0.0047651462052066716	0.0070853552760201553
0.0047603928490627841	0.0071381381468775523
0.0047515251735706088	0.0068232057728042613
0.99978647328554393	0.097856649968755968
0.37289942295756917	0.10146419465070355
0.22937966550548738	0.1017774181957381
0.16600429788003065	0.099079119852625755
0.13044186967273685	0.094642302412807799
0.10767778915847373	0.089921020641297575
0.091833105070834989	0.085609814360592076
0.080166176343647394	0.081781562303649358
0.071200712677229577	0.078548161703586653
0.064106779277894169	0.075699513842306193
0.05834947760676365	0.07319464828454883
0.05358131493392753	0.070918635702483329
0.049564694791540534	0.068852243286891185
0.046135186361292192	0.066964749133189866
0.043171089087074566	0.065214632132342631
0.040583029461337843	0.063612272848206947
0.038302422650798806	0.062181562410195117
0.036276854303901755	0.060849429527995109
0.034466161655099782	0.059600386264775235
0.032839298380189404	0.058420966783620139
0.031370750752638787	0.057345706361968125
0.030036557583481623	0.056376413632927634
0.028819700710866387	0.055483822919506848
0.027705959858108347	0.054663405113717187
0.026686838916510639	0.053827015338655332
0.02574809585100735	0.053015027851358011
0.024876015382172854	0.052209574804372341
0.024063828521302573	0.051418827396150384
0.023310457505189241	0.050686610281007384
0.022611445384718806	0.050016366014648136
0.021957031142384491	0.049395248525125911
0.021340688002497662	0.048825086800626284
0.020757540821706531	0.048214110102010016
0.020205764714387627	0.047614698280321777
0.019687440014718279	0.047199442237684242
0.019192488441613698	0.046652425661208356
0.018718334734863562	0.045840051124388687
0.018271501076393113	0.04510379267465197
0.017852305783992661	0.044395599121255236
0.017453910358509211	0.043523418716489432
0.017081515079618484	0.042758466443168608
0.016725564628981907	0.042054270827228561
0.016387151236861314	0.041838881649580897
0.016061584170435208	0.040944067030296898
0.015751561524672678	0.040259344229966798
0.015454323840648444	0.039135488314914001
0.015177564356161508	0.037533753049222109
0.01489248152291164	0.036986770720644616
0.014652220367020586	0.035938975830689772
0.014387159984698524	0.035918913569158911
0.014155035653143279	0.034846460248223278
0.013919753197421234	0.034609020149200524
0.01370649128126542	0.033539671826754533
0.013478553805425073	0.033250311985430922
0.013274761787063494	0.032781098676660562
0.013078428210127281	0.032151172238217202
0.012875019115651287	0.031874135451498413
0.012695536513175674	0.031451425622718403
0.012509385915646149	0.030669507364777027
0.012334030835186241	0.030212996770316712
0.012154532244471404	0.029413458542952225
0.011982888417187176	0.029431920870634488
0.011823727110679914	0.028712296711922925
0.011667090089022379	0.02813634507896293
0.011525729184533923	0.027446284735317093
0.01136704369539188	0.026928313016249126
0.011226430148139633	0.026760992445211958
0.011102583237972188	0.026300117711922612
0.010943907840123789	0.025643600844141232
0.010805437526564723	0.02544389596935195
0.01067889618797439	0.024627737041614754
0.010569397261613732	0.024876771906621045
0.010439284113575672	0.024060855034420178
0.010333400295734043	0.023719556988166687
0.010195355583090513	0.023098898983620719
0.010079481681524331	0.02228457774452515
0.0099709688653827691	0.022268684901197204
0.0098636553053906943	0.020992069436509334
0.009767652706029294	0.021109222196500275
0.0096562848459103411	0.021187595303901467
0.0095795791314422212	0.021220859403257838
0.0094540558536640937	0.020640416848690543
0.0093615496926715436	0.020314407890377681
0.0092761961660806375	0.020084570100731051
0.0091885487124414075	0.019508947070107495
0.0090972688668504512	0.019634148802706808
0.0090122140461867551	0.018391641645186026
0.0089335236290216495	0.018580058667248545
0.008820712919406868	0.018117416893053087
0.0087635209635151846	0.018050156676427197
0.0086820844431446144	0.017981981431713322
0.0086104965465900202	0.017751108326101522
0.0085683844004024699	0.017702841281952496
0.0084443152211281826	0.016814472163676149
0.0083789808249157254	0.016985798101202761
0.008322224606250898	0.016484217867475812
0.0082381394856067217	0.01622352405119178
0.0081840209301035412	0.016871741691552089
0.0080897742685739505	0.015780031449857165
0.0080409621873556957	0.015763291970514695
0.0079878546047705574	0.015830987064075753
0.007900362657000233	0.015543139346831238
0.0078640235349579941	0.015117261920214465
0.0077807318037491306	0.014987859731254284
0.0077615422165397607	0.014779675524310002
0.0076767475598367449	0.0144377971992722
0.0076058401762969441	0.014163554859521241
0.0075629902355750876	0.014810963999979476
0.0075031221598464148	0.013938177733401782
0.0074451060473538725	0.013748005973928204
0.0073804982952712789	0.01349665289720654
0.0073455334414146214	0.013280344848416841
0.0072765815252914048	0.01350582166562867
0.0072327687195790323	0.013326831217461057
0.0072094430039172739	0.01358119497340681
0.0071511086969964022	0.012942507740192441
0.0071105762317905446	0.013136640247151093
0.0070505699731493966	0.012511133500812465
0.0069995983905056436	0.012777191132153896
0.0069617182976523121	0.012424744978341949
0.0069091947816046434	0.012055119289263647
0.0068859594055533241	0.012028410063695762
0.0068454340595255373	0.012373475481306084
0.0067802591896907512	0.012286681433453024
0.0067563659294369513	0.011843212126300885
0.0067035122060696596	0.01183932872539332
0.0066375762462848788	0.011843685709365115
0.0066176974095271176	0.011757770872151789
0.0065953279397378767	0.011177097165352768
0.0065415155579973292	0.011350410448019181
0.0065009370182338667	0.011261248786014064
0.0064840676457886574	0.010894591496994795
0.0064261177004564267	0.010963232354183932
0.0063862989141708088	0.010892819734309871
0.0063542672817686373	0.010655537837683617
0.0063194197807791945	0.010506703198925603
0.0062973278121828567	0.0104679263200637
0.0062433401201068004	0.010673579780896064
0.0062220152927870203	0.01020973848983325
0.0061737020513392867	0.01032825553849949
0.0061509303786237259	0.010355466007344324
0.0060925285850624072	0.0099763244649828907
0.0060935470229095115	0.010255255002430217
0.0060678751497623435	0.010026277655144068
0.0060100434855924027	0.010081295952322499
0.0060015766444374095	0.010176155775250465
0.0059639431302474667	0.0099219337869180871
0.0059180617491100722	0.009663829744784672
0.0058665815575881406	0.009809323276853521
0.0058856372468807754	0.0093619240332908811
0.0058426871176709624	0.0092469057039293884
0.0057962825134908521	0.0095778218069621866
0.0057869139290567763	0.009371883683797589
0.005740026734792323	0.0088495649413646814
0.005726953460119406	0.0091804529284876327
0.005700378914577941	0.0094460014368695985
0.0056676311090407923	0.009237513167080753
0.0056574595977462484	0.0089754264923188817
0.005625355243346084	0.0088969771590877503
0.0055962778825652763	0.0087954842116998201
0.005580054342713186	0.0089957499388548801
0.0055598393196319403	0.0091771059916816999
0.0055462749666382897	0.0087143187143440357
0.0054803002613620479	0.0085775622599071569
0.0054421653670913917	0.0086337526737078653
0.0054538469282777342	0.0085711290033440787
0.005420244041653738	0.0083911379466774273
0.0054162335439155145	0.0083952821700126676
0.0053812927990677974	0.0084238832364579835
0.0053655496660986127	0.0083608722305697231
0.0053316566631600526	0.0080835026758250238
0.0053190171271888555	0.0081293190833887259
0.0053040416714212404	0.0083478230936675571
0.0052824056353130457	0.0083513842908227859
0.0052525651633857553	0.0077818697080699328
0.0052206687137377958	0.0079100178170470065
0.0051904757176243653	0.0080889369607119871
0.0051838137419238477	0.0081003288625072292
0.0051480837793147971	0.0078268195464721215
0.0051079890715890648	0.0075106623940570877
0.0051156591836813235	0.0077492234579306781
0.0050860531732764523	0.0076807808428511135
0.0050614259598141496	0.007543296920871888
0.0050592082747944632	0.0076757385649077001
0.005044452579994951	0.0076666688891973553
0.0050415050027748957	0.0075785547027461828
0.0050046695092643553	0.0073206165121400667
0.0049591147557901056	0.0073761562551205228
0.0049453071251270029	0.0074365774998176115
0.004928857687341406	0.0073199655186295251
0.0049729083238516502	0.0077881984242432981
0.0048535996407020627	0.0072910762700674411
0.0048777304043676386	0.0072111898950314108
0.0048470322922183531	0.0072671772300085345
0.0048230453332498814	0.0069568365078730276
0.0048424713819040493	0.0071152215258607392
0.0048197161161094284	0.0070969282808381867
0.0047885773965055467	0.0072209522198921627
0.0047886913907523908	0.0068993776380849667
0.004758989273945401	0.0070119469966192522
0.0047554259955505246	0.0067834543797699771
1.0006114424996169	0.096982485241118535
0.37253068393826372	0.098818370823478496
0.22894596708548937	0.09884963750574649
0.16561762588339538	0.095459491931089005
0.13007342618827972	0.090664767838033108
0.10731160068996508	0.086081150468000744
0.091478686677652118	0.081933168031185805
0.079821102514081504	0.078268048693091508
0.070868896706607981	0.075091943042815981
0.063774391492565863	0.072358474862719763
0.058016241513806611	0.069913356103425431
0.05324720750013489	0.067717392249378255
0.049234194258440694	0.065716617421278975
0.045811487975272368	0.063880772948266704
0.042855852837057486	0.062203311232603843
0.040275351822704468	0.060687348971657493
0.038005498863101908	0.059231061238983557
0.035990528100899241	0.057877183187899535
0.034190929302937254	0.056600150977584501
0.032570993367710487	0.055410628690475625
0.031106473700979187	0.054287766643250621
0.029776377797870065	0.053205453193831985
0.028561770938357791	0.052145789009295417
0.027446118731892517	0.051114833902781466
0.026417735040828429	0.050152509106414285
0.025467490053848189	0.049270065458512154
0.024588304490585484	0.048427705906425755
0.023781543243952454	0.047698413785367974
0.023037889663222424	0.047049568588303191
0.022346684191112097	0.046262373479736545
0.021696358339988172	0.045518406813042783
0.021077963211191736	0.044759350023719717
0.020498820478399501	0.044047308367611525
0.019953618619552759	0.04337574890475461
0.019437083067518401	0.042748395416674176
0.018949666579880786	0.042175303833648418
0.018487969438174556	0.041539158448778569
0.018056855355869636	0.041320028371685434
0.017635892346832438	0.040680046513065268
0.0172416207242049	0.040022231989426511
0.016863668310063768	0.039208135398391887
0.016498333873717318	0.038424537334461092
0.016155496605075932	0.037458251557091718
0.015824829977147441	0.036582627625064278
0.015504313839976412	0.035492146643392689
0.015220511082163221	0.035198176773331889
0.014929525738713981	0.034665368379589521
0.014648068205418318	0.033399959866269244
0.014388988164852762	0.03356233895171512
0.014138140731913391	0.033080182057443251
0.013905411273677495	0.032373519718196964
0.013667665238399022	0.031919345059759061
0.013441058778981201	0.031167323438580846
0.013222402240607672	0.030494715513123476
0.01301437934573417	0.02990566263276645
0.012827067253765497	0.029334883634246876
0.012643212424949044	0.02959950915635931
0.012432296312817684	0.02807460565031247
0.012269703560343386	0.027119355750547011
0.01208037929162774	0.026872562827660169
0.01190867335958609	0.026208541889698261
0.011755359551336992	0.026030645658013482
0.0115980130115012	0.02503970190306623
0.011437373076247837	0.025493873953244185
0.01127918118469466	0.024475378026294851
0.011152515593486146	0.024904115736215721
0.010990454139735813	0.023401149211105764
0.010848909996197599	0.02330117866704742
0.010732754101936592	0.022954375150187348
0.01059089754672978	0.022169401235824782
0.010470061215444981	0.021824594722110253
0.010353029893940846	0.021352236006128945
0.010228306517054366	0.021009164165107799
0.010092946745185788	0.02056566338964361
0.0099907105050270877	0.019929129744767869
0.009879632066360642	0.01948600387182408
0.0097725735366331629	0.019225397378323236
0.0096753151232450794	0.018690921694948764
0.0095677821730670229	0.018566015925614316
0.0094709993043872332	0.018567453636790531
0.0093743535842815244	0.017940076078382078
0.0092847023432088421	0.017737926064552097
0.0091877719120383831	0.01746787200831032
0.0091050353779447667	0.017447802415085655
0.0089908796698524793	0.016862058572811815
0.0089229162438121696	0.017017374285615613
0.0088302255103584436	0.0167935608584074
0.0087438331986760959	0.016321904995969132
0.0086420400429975501	0.016061749621485131
0.008587522390881324	0.015644812869052661
0.0084968036881094486	0.015292114456393851
0.0084262975905815048	0.014859775185116525
0.0083787716857622319	0.015160452469363338
0.008291031357066405	0.014730711613913636
0.0082070679409690876	0.014539495296706614
0.0081735279350896479	0.014543678108872405
0.0080672294521376749	0.014460627871612409
0.008033272312449732	0.014192429082070239
0.0079529879813429408	0.014045106357308998
0.0078994706054109614	0.01375527593937219
0.0078040212872898373	0.013476982572671051
0.0077582022721731075	0.013535900807636687
0.0076916276675222496	0.013160551584391165
0.0076178736833024188	0.013568627715132569
0.007568063787520376	0.013078469286622776
0.0075138457947673543	0.012698344121359874
0.0074316200782378718	0.012776119977845491
0.0073798584092720308	0.012028297072137683
0.0073470707628791616	0.012378652077826478
0.0073080897646360986	0.012275535399664875
0.0072563969225605601	0.011893082444077604
0.0071971609838307367	0.011648496217511933
0.0071570436877574197	0.011713845316142705
0.007102087688877187	0.011564920877185907
0.0070481869087060415	0.011417456237544641
0.007008305135087046	0.011629919054856823
0.0069428432422963572	0.011515216413003619
0.0068938030966355967	0.010919941877217877
0.0068313240251043107	0.010976469396595374
0.0068293643357513929	0.010975916863630308
0.0067496014356518081	0.010767502746860306
0.0067020506795054495	0.01086517032038584
0.0066656445389920889	0.010609061113560081
0.00664269985636396	0.010406427142234345
0.0066124081969789516	0.010564963959950029
0.0065643734314807835	0.010344004379049863
0.0065106385006667702	0.009886263991815393
0.0064663540617055093	0.010028358778323487
0.0064642762784518273	0.010220215753337061
0.0063779810039180269	0.0097518749396016714
0.0063612035197579001	0.010151928164948094
0.006317572231182106	0.0098418771296915099
0.0062734811395360954	0.0098657444279227832
0.0062353620463535056	0.0096695929641025819
0.0062010808881695139	0.0093029228230623439
0.0061764514911752267	0.0093217399870363614
0.0061507233170290587	0.0094155174672731472
0.0060980959813157348	0.0093487383570139762
0.0060624520216582996	0.0091557310383520336
0.0060215045182494481	0.0089666190578305931
0.0059819937337138125	0.0089591044481952837
0.0060014590195945064	0.0090964939094244131
0.0059748670127801346	0.0089191433134170259
0.0059389095228440649	0.0088574496989462792
0.0058742045382676779	0.0088379288588877197
0.0058320078912110808	0.0086360510043083996
0.0058184391732251295	0.0082308569946264801
0.0057994884541134016	0.0085902983283269937
0.0057646339107177806	0.0084334596450072099
0.0057345368354976868	0.0082551018780328885
0.0057009414557054562	0.008327211947046673
0.0056866248178055849	0.0083013076400135378
0.0056447983183931134	0.0082252482024355381
0.005643536598450875	0.0080109477023882943
0.0056098087661476531	0.0080707276920331597
0.0055662461558137755	0.0079488982972034574
0.0055310862689222267	0.0081224709248971967
0.0054998338940474688	0.0075784045375871913
0.0054854172143613605	0.0076610472132099747
0.0054588419588699902	0.0082300131452996798
0.0054057248826972727	0.0074758209648149538
0.0054094048047211686	0.0076595871050717437
0.0053727611183576737	0.0074347657402239658
0.0053540475037211739	0.00754767570372463
0.0053428050880170285	0.0077120909446476331
0.0052911877338189615	0.0073869625514167555
0.0053004411864613519	0.0075589544144396212
0.0052733479410539295	0.0073432360973641206
0.005222942800237244	0.0073370617584017136
0.0052036441068907821	0.007237296252621218
0.0052101080890877526	0.0073451603225702586
0.0052081252235193116	0.0071837032670860612
0.005195053284361627	0.0071765061084768777
0.0050986021569983091	0.0072657437166504298
0.0051095183917620451	0.007159953419062959
0.0050733383281830252	0.0067366154256722549
0.0051146439257264194	0.0070003345404682808
0.0050669531974840629	0.0068818740647896464
0.0049827281690293865	0.0064519818721065414
0.0049854200904399931	0.0067902774831256662
0.0049494483717183761	0.0066056927270364274
0.0049572241869335161	0.0068051477733771853
0.0049457209617932004	0.0066868946722690604
0.0049299788326425962	0.0067949822840186556
0.0048902549202367637	0.0066711296659996153
0.0048843326656784307	0.0067115505675943111
0.0048540690339347438	0.0063972869257268444
0.0048806470808059558	0.0066813357971735095
0.0048117264915640504	0.0064337361631700684
0.0047811120369187204	0.0064042599562849963
0.0048374205216382337	0.0062836564469082824
0.0047936553197949457	0.006399817725340662
0.0047641119964374748	0.0063234121147029993
0.0047485002025291455	0.0062131910740220401
0.0047012390645213556	0.0062197188332942157
0.0047148159693193425	0.0061273847336286852
0.0047096957699816373	0.006268082546115189
0.0046734935351486033	0.0064198315596688919
0.0046529915684652146	0.0061455933395386155
0.0046546215331388901	0.0060139219602732335
0.004618697041100882	0.005879508185299382
0.99709067768142523	0.095749746491507359
0.37201483777133104	0.099792375380298171
0.22884419072789564	0.099605075349943561
0.16561270385007054	0.096441123094946915
0.13012067852284842	0.091656887867115538
0.10739174676196958	0.086892141198979811
0.091580688592624887	0.082432083755688598
0.079937405799176936	0.078314353484744748
0.070991910296340707	0.074690861233518813
0.063901365734493551	0.071432396014846022
0.05814208646905665	0.068467599099257148
0.053365459039120586	0.06583974464543621
0.049338630672325037	0.063494784114389358
0.045900059534595181	0.061415325606310918
0.042927160581929753	0.05956252012240091
0.04033336103955297	0.057905206476142904
0.038048128452941872	0.056432871584925347
0.036020317250391461	0.055090276407557551
0.034209764500158557	0.053905914942783358
0.032582655772556528	0.052843493345819025
0.03111240621444547	0.051798810449975523
0.029775329194581941	0.050839272937320476
0.028555052215059624	0.049929420363842417
0.027436811488013513	0.049038316165066376
0.026402336713330997	0.048173739399458362
0.025444320521452318	0.047302155315484318
0.024558930274127703	0.046452883130820764
0.023740036823304684	0.045700996150734009
0.022980420052907839	0.044937185676047903
0.022269440506295198	0.044123734054034372
0.021608285682551125	0.043381015145044589
0.020993563108747396	0.042770970177369499
0.020413673227339883	0.042228847415973353
0.019861440528239457	0.041366877247600305
0.019334826103299178	0.040479256999211212
0.018842121366637477	0.039848542158171477
0.018353029989920194	0.038753130133517041
0.017916555587824089	0.03768680625085697
0.017496773942612301	0.036945288560073362
0.017101159762785301	0.03608764792085125
0.016730510046932653	0.035375143401465803
0.016374022658755046	0.034519817083228051
0.016039948706068473	0.033805419312025908
0.015702481783432001	0.032974363355050669
0.015398691494172242	0.032401392846100482
0.015117932925121948	0.032122896099680304
0.014813540261776345	0.030997933344909603
0.014552956791202439	0.030449358979138245
0.014288063183901025	0.029690663359193233
0.014033207304946586	0.029098117240588514
0.013779281697751706	0.028396958246667804
0.013561659266723574	0.028364179483255335
0.013322061940040673	0.027362564780788079
0.013130268924711834	0.02684017487638048
0.012922422284807293	0.02646332953293621
0.012720818943468971	0.025905792645561313
0.012500550342438042	0.02529049749220794
0.01233860992259659	0.024930553788927872
0.012151516074158306	0.023997521655626734
0.011979565401763462	0.024056076896321364
0.011814883011146523	0.023251885411111308
0.011655464266864817	0.022667374018286585
0.011484586261226077	0.022791510169543831
0.011339952509004868	0.022389520148711629
0.011177148131026708	0.022124485004699105
0.011032070769262246	0.02140804423287973
0.010908910956817832	0.020723173354523432
0.010748690981757356	0.020665701868204031
0.010611988520317368	0.020131827552504245
0.01050158545186212	0.019976696391054431
0.010376724802742772	0.019252121883336196
0.01024684987161153	0.018908271487645574
0.010150152182762429	0.019017226568734225
0.010042295804589494	0.018563984148230472
0.0099075255351399032	0.018449422555594983
0.0098029505062248203	0.018227261602931515
0.0097000139892472453	0.017959349772168877
0.0095831576953323196	0.017412914689817781
0.0094816009971190468	0.016767384671520485
0.0093853591610326241	0.01655337003223423
0.0092974135219031934	0.016551915087947684
0.0092108310529771323	0.016394697455713272
0.0091263127412745705	0.01602306775884044
0.0090083207831788345	0.015832924584919177
0.0089344904751287712	0.015381160826294208
0.0088455108865167099	0.015826089721742806
0.0087555658427544182	0.014997030312989396
0.0086823557528433806	0.014870991518068682
0.0086182091400726392	0.014974087423832105
0.0085294603735529325	0.015054794958585471
0.0084623641835590256	0.014404443608627129
0.0083798173715514904	0.01401865788588561
0.0082933190639549528	0.013468330791666545
0.0082315165899114473	0.013656146884444626
0.0081715132239402397	0.013410966947520284
0.0080812186726088812	0.012950955191704598
0.0080448858835248469	0.013174785706680812
0.0079659596640455372	0.012939507017192537
0.0078938948028679651	0.012755945532848749
0.0078430734462776354	0.012600971809528768
0.0077863282089216581	0.012369328960282691
0.0077147751308620956	0.012293048140396123
0.0076548358685350681	0.012129657017751656
0.0075563526771418093	0.012009267912698312
0.0075399455964175674	0.011863688302358717
0.007482047229554499	0.012133835133236976
0.0074153551230262465	0.011872833569859617
0.0073783082826239139	0.011702988756026191
0.0073225888666804267	0.011448527410034571
0.007252666108617657	0.011272630043092874
0.0072335422778674746	0.01140821892856868
0.0071684126947679323	0.011200651325827428
0.0070790258874484733	0.010729026389521225
0.0070414673417494057	0.01082598751908293
0.0070355292987678312	0.010943022070699745
0.0069425194683879763	0.010713246985205529
0.0069285493162685383	0.010557451967201443
0.0068941595172542303	0.010872990310039637
0.0068349912577199395	0.010660737998243599
0.0067806258709594671	0.010153069630055803
0.0067490628216318512	0.010230419706987176
0.0066851163477356845	0.010109794287844533
0.0066340670424683912	0.0098766939246719924
0.0066443436206993518	0.0098493977465054575
0.0065739886497781352	0.0097117196732235782
0.0065155999339573277	0.0096659604192393476
0.0064802271537752103	0.0095165161220485284
0.0064898595925415936	0.0095385793119447219
0.0064145666814906443	0.0093092207847731909
0.006394812770203517	0.009517428488143357
0.0063480692401662086	0.0091558849876553373
0.0063095487471217168	0.009350634549386885
0.0062428732013994669	0.0090973857850393317
0.0062331706153216987	0.0091787858983894896
0.0062118495224689017	0.0090981010294003111
0.0061369201746707168	0.0088515247436042194
0.0061375816181447329	0.0087516607186920482
0.0060851047989650148	0.0085513997654038283
0.006077323590876366	0.0088656705917003458
0.0060591128653396959	0.0088397165573107731
0.0060350139840745411	0.0084898874840279945
0.0059894541433647176	0.0083754922888760117
0.0059689070595850564	0.0085703358183686091
0.0059131297185787152	0.0083550879478618383
0.0058796545352982899	0.0082413168645967573
0.0058774421882108185	0.0081973241335282672
0.0058141539892762762	0.0081650386255438644
0.0057941220770914717	0.0080754237249477927
0.0057327559635805183	0.007945282153126558
0.005718271275479813	0.0080197238252329283
0.0056735021705672951	0.008149904279906561
0.0056509573542091211	0.0077460655809202762
0.0056470749983067951	0.0077617901559756189
0.0056181266647015527	0.0078135180829788011
0.005579366303702921	0.0076107023645301738
0.0055870443009150483	0.0077264667021809544
0.0055360588627297175	0.0077204065416798173
0.005487637198791191	0.0074102113710828111
0.0054935962689732602	0.007723353595298358
0.0054627969548730069	0.0075187932059285313
0.0053957643823147414	0.0073966353114858817
0.0054059234022198182	0.0074338928547129654
0.0053704127394675252	0.007356865520375914
0.0053735891321764753	0.007262062718988915
0.0053326786837624403	0.00727471531947654
0.0053286498377549344	0.007157661673862609
0.0053076779119879038	0.0071223827319918951
0.0052826252774385964	0.0069208113545094155
0.0052824040044603619	0.0070641987655950993
0.0052345234706356594	0.0069829003245443213
0.0052102060009643052	0.0069651070786895695
0.0051542157382568274	0.0070719887727181564
0.0051319357114546129	0.0067667485139911807
0.0051261828139684837	0.006853743615711773
0.0051032881327886491	0.0068000538305850525
0.0051037597768578899	0.006826294881829946
0.0050807595029291842	0.0067205189545975963
0.0050761858297228811	0.0068390688298811389
0.0050342017056928196	0.0067853487036021037
0.0050057448779421421	0.0066300537734247447
0.0049859161823149053	0.0067261148874426246
0.004987609477891077	0.0068454822570642873
0.0049151829805944396	0.0065516307974304161
0.0049247575618291302	0.0063831203450482217
0.0049582527760246011	0.0064867857806208511
0.0048990611764340372	0.0062796669511014621
0.0048711091786895894	0.0060428879189787536
0.0048361412188806623	0.0065006892869474428
0.0048687210203702562	0.0062615574841094956
0.0048494714178675732	0.0061624064775951523
0.0048142815349865482	0.0062658192959282079
0.0048027041181075451	0.0062135933016466346
0.0047495975786797009	0.0061385880888950054
0.0047654508362267494	0.0063845089560896134
0.004739485756638356	0.006010659599640561
0.0047174866755649095	0.0063441320250113061
0.0047204452475699162	0.0061635621923716594
0.0046792987280998783	0.006039218645365837
0.0047095795422685367	0.0062562941647731178
0.0046770733329332915	0.0058662502978328928
0.0046119782698212271	0.0057845735429515642
1.0026660318185718	0.1052173702625981
0.37413265815744939	0.10854129462379235
0.23021664311323564	0.10822689350975601
0.1667349333819049	0.1043922319867913
0.1311233122320043	0.09906698523121707
0.10829793353887698	0.094042270651997384
0.092404346478147284	0.089656982114055095
0.080704793440972991	0.085747546073074193
0.071715185525586297	0.082479033547744537
0.064596417660710601	0.079597599994796112
0.0588189533461623	0.077016569506745125
0.054040362121592335	0.074699393501875655
0.050023160207918908	0.072586639019383517
0.046594667227302426	0.070638215248447087
0.043629946157865473	0.06886031611485019
0.04104137038772105	0.067187031187044971
0.038761792823352917	0.065571302773259635
0.036738251466759679	0.064070408932134865
0.034928464087461412	0.062687338957915242
0.033300047683738496	0.061394724791091919
0.03182415701737773	0.060201152195573975
0.03048021449205101	0.059072345006200573
0.029251855923972402	0.05803173009599203
0.02812384729763295	0.057041786101597124
0.027083834971277376	0.05613772988652177
0.026124363046368101	0.055306137868360694
0.025235513218444115	0.054564412337037793
0.024407313321003082	0.053772022351410015
0.023634261726293022	0.052935426363346819
0.022911999685777899	0.05209241565046676
0.022238352236303417	0.051273778455864547
0.021606329751107749	0.050488611223930016
0.021010567794792229	0.049699582980719498
0.020450835119236822	0.048942737202139798
0.019924685705856825	0.048395952532186017
0.019428513607108747	0.047964261788460624
0.018961174624948462	0.047357938015594681
0.018516155829010707	0.046722872643370016
0.018086707699159415	0.045954722696575079
0.017675168242858745	0.045003366879870589
0.0172845966364116	0.044142521260436073
0.016936748215634428	0.043923472680106483
0.016581715350438002	0.042655462028177604
0.016266222846589629	0.041912225075591163
0.01595601359763554	0.041240716682782855
0.015647919968115293	0.040451777561865868
0.015358768495834023	0.039729073287419529
0.015086924800429714	0.03923816382294356
0.014814993510764943	0.038302615817430857
0.01456210132647753	0.037713525149027115
0.014319855037625269	0.037089769607049378
0.014085531627929374	0.036193996430526246
0.01385681841678851	0.035967464464396012
0.013640817883466617	0.034997843379020593
0.01344786843508384	0.034218569354285966
0.013236835181922053	0.033661773333101018
0.013065488153833673	0.032713401147632049
0.012856528017298747	0.031929749366117616
0.012679496830044894	0.031318102254903224
0.012499937381364396	0.031156822036239887
0.012323593829040762	0.030548418699254901
0.012157696176572315	0.02982625914385776
0.011994583528218999	0.029186374255452105
0.011850825286020867	0.029492618428363093
0.011688779257263774	0.028204377873554218
0.011537220122112331	0.027704239694485155
0.01144463873583948	0.028344611559807241
0.01128514168221292	0.027034334595992405
0.01115927756400167	0.027028948102674033
0.011007634187068981	0.026314455442584397
0.010892852613779319	0.025523773566384824
0.01077070597827425	0.0255165274843639
0.010667814564239668	0.025180422582549558
0.010536326096874649	0.024667507740440769
0.010407241657222779	0.024453498766419824
0.010318490422960444	0.023927602915117682
0.010184602015616927	0.023589177049951653
0.010095485598287102	0.023115354357433407
0.009990195961961313	0.022998859843121396
0.0098682783070917959	0.022145825715909784
0.0097628557660185602	0.021977047702630235
0.0097063509566926234	0.022093164076358453
0.0096353792050069137	0.021563892779864348
0.0095190607129540736	0.020891176591600259
0.0093907053359921378	0.020937370226677941
0.0093388996386546391	0.021059861890433098
0.0092561597093530346	0.020617859050334381
0.0091585343299377849	0.020088114863573932
0.0090590930109560024	0.019941938506106024
0.0090055899445394341	0.019756831515406827
0.0088965665740040542	0.019221810650679301
0.0088526009328039872	0.019776750339276724
0.0087711376335883173	0.018816106781534187
0.0086933736277552132	0.018814947501502706
0.008587885352893421	0.018441317672596502
0.0085388991176987925	0.018436628530835039
0.0084436295027957055	0.01803096344975089
0.0083954651931078383	0.01789710272386686
0.0083392519359157865	0.017254402911262571
0.0082612302501614606	0.01757345829900446
0.0082068988051080365	0.017233175627725125
0.0081480124731792922	0.017192889454439607
0.0080289911900232065	0.016420262672401709
0.0080085273780644319	0.016475068979231948
0.007937196318648013	0.016131043462419385
0.0078948510418378921	0.016253936608284957
0.0078331188832626211	0.016247536445024101
0.0077898394775162303	0.015712718663711375
0.0077469528586370084	0.016146867021448193
0.0076565770833234995	0.015583626775991807
0.0076033307528712898	0.015289202569026215
0.0075577740147971277	0.014694570936860633
0.0075174159492921036	0.015493536218449861
0.0074661032992925074	0.015328966267661769
0.0074292115286362179	0.014807735212933841
0.0073649281800054469	0.014560806356089237
0.0073155362269021803	0.014712931495591275
0.0072659986363589899	0.014777356740318515
0.0071628740450266652	0.013846401838311578
0.0072078648028040815	0.014131944647450257
0.0070800613851928042	0.013387487385910045
0.0070632347281593478	0.013785739962689222
0.0070367090369235124	0.013821987364874026
0.0069566925706450559	0.013375755749272479
0.0069319511936641589	0.013371694147564176
0.0068755202347391435	0.012937013593597545
0.0068523465446644113	0.01284790719009694
0.0068301947398256135	0.013076787955273847
0.006758819603262349	0.012928957636177192
0.0067560037536211082	0.012613425284122496
0.0066869631265683415	0.012604700385172998
0.0066403373822581154	0.012504268894795825
0.006617056127577456	0.012552347367501169
0.0065636604692631707	0.012271340367135572
0.006559410398493247	0.012172305667317052
0.0064887704430290228	0.012144520089068703
0.0064448765670934499	0.011837477555990244
0.0064699684924581953	0.011967260081090659
0.0063767211351669333	0.01189663571970238
0.006359759109751042	0.011836586285134891
0.006304834691372687	0.011764589394121672
0.0062552586396842375	0.011454760070218638
0.0062660936216770028	0.011840197914156483
0.0062046831293357382	0.011298679470687823
0.0061814080797348578	0.011523000624621001
0.0061727357707468651	0.011171308897381693
0.006149149128758055	0.011240598049661991
0.0061170850858443086	0.011042640851926121
0.0060540908495175672	0.010984308615961214
0.0060363464748406075	0.010472778086240251
0.0060058832361446395	0.010916496049610135
0.0060093447009062903	0.010909327543610625
0.0059292210685644008	0.010346648306448804
0.0059200979680181154	0.010688227492291872
0.0059080162877091025	0.010511165195590019
0.005862638724816573	0.010528639807735694
0.0058196318654592663	0.010270391937456715
0.0057748523508863413	0.01012965468199512
0.0057627800938492195	0.009779017526228239
0.0057273927469329638	0.0099575144418652516
0.005724441214940805	0.010478729247482369
0.0056994873571996219	0.010082849735678063
0.0056468650943685824	0.009897951081781738
0.0056465865128042976	0.0098343363110419725
0.0056201677422443412	0.0098912232712221292
0.0055825810123323084	0.0096648149556581315
0.0055653057455256763	0.0095576759002159728
0.0055259156943713601	0.0095100584266908476
0.0054832064337430901	0.0093455668792529895
0.0055005690997534749	0.009568338650467488
0.0054696894473359788	0.0095128365902606028
0.0054503151066156511	0.0091680113328697806
0.0053820373319769556	0.0090578605058423915
0.0054168229900277819	0.0092033526678004796
0.0053442464203841862	0.009180741531921827
0.005333361676155543	0.0089342984120062436
0.0053109769445123097	0.0089752718952517824
0.005309865798255483	0.0089884313534192121
0.0052773545956513604	0.0091096821781257251
0.0052512593045673786	0.0088739194071489058
0.0052272073153927954	0.0087209105134213368
0.0052000384038961159	0.0089674587687493465
0.0052196176913570248	0.0087596435009151541
0.0052101563222071495	0.0086507197053075947
0.0051557374083425582	0.0085672541055058365
0.0051182610744095244	0.0084609732897180205
0.0051232504302077099	0.0084427750145696211
0.0051039823170087664	0.0083017069666631565
0.0050860794892278556	0.0083567011227030016
0.0050648957049797298	0.008331714117469349
0.0050271824399388864	0.008402968419994274
0.0050200525612384243	0.0082405194627688839
0.005032320782489625	0.0082584767903255765
0.0049969048537875085	0.0084642307713726998
0.0049591021236302718	0.0081724884844966792
0.0049796347606417815	0.0082236673127078341
0.0049112845384681513	0.0078656589331203269
0.0049055695955317197	0.0079977358338222462
0.0048927341633886803	0.0078759617542274191
0.0048738747225536092	0.0081558817630798079
0.0048122016922654345	0.0076688177348566249
1.0016003011735268	0.099752161143714033
0.37341929870407281	0.10268274985317231
0.22963276913212333	0.10330021906826695
0.16619840482271234	0.10029120945880167
0.13062101445626548	0.09535451303196886
0.10782889561195418	0.090576709721514811
0.0919688896094919	0.08633920554970001
0.080292062562227956	0.082574879857489944
0.071331689676575799	0.079207738319700946
0.064239362623617305	0.076111382464588345
0.058485914251031314	0.073250067791820986
0.053712492916451214	0.070710663469671031
0.04968997786696068	0.068440924361652236
0.046252091110606075	0.066402972186113407
0.043280053789587866	0.064567381073574764
0.040687427222819601	0.06283698075317784
0.038403045838274988	0.06121385409830335
0.036373802473550355	0.059720289009312789
0.034557491607851598	0.058332420565331645
0.032921629793420615	0.057032520746204123
0.031443168214296879	0.05581080128505838
0.030101033279349002	0.054644586548234536
0.028876721876407645	0.053564314482793481
0.027755390747622542	0.052511542109920026
0.02672513846708904	0.051480165924019335
0.025773434814686209	0.050474414111792112
0.024891707436368392	0.049508301820799079
0.024074090927497856	0.048657830649007854
0.023322310972204798	0.048138540084668086
0.022614717206056859	0.047504129745228336
0.021956775781435574	0.046902133650077206
0.021344638438193741	0.0464637858761923
0.020796874305908191	0.046412347319859437
0.02026319968683658	0.045910495063047896
0.019748904205517729	0.045176804217589316
0.019270813490078035	0.044377235543195212
0.01882850918867747	0.044245956881350655
0.018416889901590787	0.043946856190562503
0.017991195785893286	0.043163223747544388
0.01760389625950691	0.042639094196979331
0.017183172365305734	0.03994798598940074
0.016828143902896442	0.039502607562860288
0.016498099586520328	0.03896811580777914
0.016173006777993298	0.038284029912228408
0.015899691920645036	0.03959414153189901
0.015597993833697579	0.038867838154242683
0.015303192151748362	0.037057980059150744
0.015028655348210102	0.037259283577792068
0.014773672399806381	0.036786770055150339
0.014523579571915142	0.035882191515004075
0.014282448325477299	0.035932366023991413
0.014063327349986313	0.036044618543506504
0.013821977205335295	0.034611426953419393
0.013625287391373682	0.035056600027059591
0.013418469266354123	0.034148415904603567
0.013188034831029238	0.032671537865331002
0.013014398048637719	0.032519392102487041
0.012840817867096482	0.031862426483381473
0.012675682150919076	0.033482496977397878
0.012533076111258477	0.03322662490614494
0.012297118126014439	0.030697679266009671
0.012190375316649751	0.032695769670251319
0.0119920899047506	0.030588995493217089
0.011800036836722181	0.028871864321683392
0.011651045093944549	0.028140877293208227
0.01160270705483812	0.031098739101634052
0.011451552568825629	0.030972292450421626
0.011182662970580853	0.026938317675890465
0.011079201826576245	0.026502001241538013
0.010931067886939637	0.025878971605487019
0.01078682496951157	0.025268326175781876
0.010675135669884548	0.02469968946582831
0.01054362622081368	0.024079273908481746
0.010401151109630026	0.023550231707750894
0.010321968632197802	0.023940682391579336
0.010213798267664697	0.024109262048901774
0.010057677894896751	0.022366247472074979
0.0099729196472648947	0.022636140473472875
0.009837037098168952	0.021564594458560966
0.0097436379474834574	0.021414139370692031
0.0096147043274101094	0.0205954660066111
0.0095900847907565371	0.021349218806992067
0.0094788955485211983	0.021086460048233197
0.0093722587326078056	0.020256172440497995
0.0092668906558785232	0.020515110666904746
0.0091887238186879258	0.019740679227683848
0.0090971718425958102	0.019693344334855832
0.0089898167923301488	0.018554485278049038
0.0089069490486121585	0.018328208139343636
0.0088131205445494323	0.018596973575395876
0.0087787536741190386	0.018366256524249485
0.0086765019064349597	0.018587918678344351
0.008585984819321428	0.017678745257621229
0.0084968160757980249	0.017040986729708451
0.0084151283216215584	0.017103458687832637
0.0083871041635722992	0.0178390100574825
0.0082639090748882933	0.016386930174335606
0.008219949073841314	0.016484372705863681
0.0081340676550245711	0.015778667742202712
0.0080763797497726639	0.015648707455585602
0.0080031879917220276	0.015386326449981591
0.0079632264239401611	0.015585426684545933
0.0078940873982596485	0.014969609834603598
0.0078398190340016292	0.015315824804339755
0.0077631485362138937	0.01510266355894309
0.0077148578694690448	0.014821802176141199
0.0076544006095887436	0.014796305382895445
0.0076036498225787157	0.014194227223651854
0.0075362037613546894	0.014196859685814531
0.0074728705193635369	0.013737606911286986
0.0074254616967480746	0.013787727385237062
0.0073792884813583546	0.013320256428110827
0.0072903523116379741	0.013346778239619165
0.0072680005969310117	0.013184130261533452
0.0072067975326283304	0.01357729416487031
0.0071895255458883775	0.013734548835136511
0.0070933683528734042	0.012738952889706733
0.0070588994422455913	0.012495049513558672
0.0070409142722258266	0.01303047070913625
0.0069681917564688384	0.013169073182681373
0.0069208360972689391	0.012238111149694508
0.0068926293838047223	0.012763650313136149
0.0068641516433535091	0.012543650732460467
0.0067889054506807796	0.01221307781225248
0.0067664449188317649	0.011932409431815456
0.0067021384434948423	0.011684547801992747
0.0066784826068730079	0.01196248148056806
0.0066235078655885338	0.011484507251653791
0.006594792915096322	0.011450699209967627
0.0065446439002781725	0.01122201213076421
0.00652418526106705	0.010977604162397746
0.0064827839770803608	0.011376250514456392
0.0064575787954169201	0.01109687296068242
0.0064185366749717745	0.01136334619188142
0.0063785288565864871	0.010664870060303413
0.0063136443026569839	0.010922492522488794
0.00631542356666799	0.010839533134102514
0.0062468385177078386	0.010672697187888543
0.0062078737326116077	0.010527621580201719
0.0061877334686233285	0.010729260097529513
0.0061670022852253498	0.010774868644428557
0.0061538684876826883	0.010367941125290764
0.0061197298832131484	0.010029502172168216
0.0060722309484967469	0.0098268338485467416
0.0060484839587137025	0.010304113938551929
0.0060190233905319645	0.0098656106125739884
0.0059478480867540583	0.0099495010014378944
0.0059345466508422201	0.0099428467435535468
0.0058997634094021716	0.0094483943340454776
0.0058685832631983825	0.0094799814153157212
0.0058339906819141378	0.0095298537803147568
0.0058046741712407942	0.0093785526214363313
0.0058120180074565419	0.0095030041325682036
0.0057634476174323419	0.0092912107392442711
0.005731567240213311	0.0094057285463526961
0.0056782540997073524	0.0090904110314432834
0.0056557676331537689	0.0090047976871600495
0.0056518084973478395	0.008941991526818089
0.0056323460246242895	0.0091500614486855446
0.0056073853601155792	0.0090336608836467623
0.005564902862958505	0.0091505887902529389
0.0055391027411417987	0.0089313172801763398
0.0055062555497439923	0.0087009216333376656
0.0054958328406030923	0.0088740841663673495
0.0054537437507092184	0.0084194655938072318
0.0054398072336697377	0.0083744936042686301
0.0054243913341318669	0.008715620547533191
0.0053734296889876186	0.0082672642051451178
0.0053648310507434897	0.0082886159743007903
0.0053305450150934221	0.0081733672574028932
0.0053011172658317951	0.0085616735584420518
0.0052978346325841096	0.0087444819179906125
0.0052672091825533137	0.008097306501955016
0.0052514796358864631	0.008440905875985262
0.005227429412069288	0.0078114565534750371
0.0052045007540123681	0.0076659751203003975
0.0052073480005933401	0.0082155136060587716
0.0051936683949309042	0.0081192957776811629
0.0051765712895540704	0.0075890451701647703
0.0051379435012275272	0.0077989913314850364
0.0051273662326207442	0.0079694551070131174
0.0051003531909845721	0.0080547130270819459
0.0050681444984361527	0.0078871049510125871
0.0050567065345688391	0.0073463871483379541
0.005004817467636106	0.0073865276032798093
0.0050162582153228932	0.0076723590667812647
0.0050103064502974685	0.0075813334663168913
0.0049702824128602949	0.007378336505549225
0.0049622849595297664	0.007194740470335902
0.0049459201698497006	0.0075958888212578797
0.0049267356259548138	0.0072091143669800644
0.0048871425851409293	0.0075980449664569622
0.0048646263130891956	0.0069720315895948964
0.0048722617243919016	0.0069430722231517703
0.0048787992042176728	0.0073534009686840769
0.004815740907167596	0.0069062964254005049
0.0048077114057070653	0.0071445205959038268
0.0047649114277189897	0.0069222726488072945
0.0047623542685660426	0.0068909638594578746
0.0047193427412559746	0.0069385725151729525
0.0047422310222515534	0.0068409280680480728
