weight	lyapunov	err1	err2	err3	m1	m2	m3	std1	std2	std3	null1	null2	null3	f	stdf
0.0	nan	0.7407889604198693	0.1239112433817094	0.020914198899143505	10.876291367191444	15.613142234144053	13.537849920301372	18.49428027145597	30.507857228580491	26.735422024513404	99.219999999999999	99.219999999999999	99.219999999999999	1.0000017384726541	0.10001213019349138
0.02	-0.34749325295860595	0.88395257894730084	0.99985740859336281	0.69699227568332767	8.2197336667473824	35.016887510163308	118.07292646911444	8.2034440103672264	32.407075995077548	107.6500944057902	73.230000000000004	75.030000000000001	23.93	0.38328592303079895	0.10322295221972155
0.040000000000000001	-0.17115518982338149	0.90366063467243729	0.99977240448262772	0.7845710877152916	10.233762638097982	25.167144155379816	168.63573095944156	10.001448181272098	23.982769018666158	150.94975705659812	78.239999999999981	83.52000000000001	18.140000000000004	0.23722509908809752	0.10373318228516641
0.059999999999999998	-0.025285738845289295	0.90331054865697491	0.99915197892481566	0.78767560384749391	15.065993228274603	21.724577722687968	117.08529142219841	15.306939682565655	22.488206034243468	113.82938295525207	90.789999999999992	86.450000000000003	25.75	0.17214985904797855	0.10085877685445455
0.080000000000000002	-0.096581320178572724	0.91508539306607939	0.99885533492439849	0.82762367212863575	15.569155773222539	19.955513861903487	131.7077860740616	16.603581538092826	21.51841743455639	120.69191945986343	91.27000000000001	87.470000000000013	27.389999999999997	0.13545762977120829	0.096403639071499486
0.10000000000000001	-0.187087938610593	0.92326239909802532	0.99841953747387957	0.85387174926194986	15.039816560084395	19.878216948784779	144.55937689095762	15.804668400492023	21.26633959883916	129.81959904152251	91.450000000000003	88.36999999999999	30.699999999999999	0.11190906882277854	0.091794103273811392
0.12	-0.19319953284305524	0.92799065243999235	0.99750929947898181	0.87830580413727477	15.0319326868016	19.433293767213456	134.0537663314538	15.522547959539841	21.819467536958843	124.88511259313832	91.620000000000005	88.739999999999995	35.399999999999999	0.095498750034895663	0.087547616293085537
0.14000000000000001	-0.18556611268395423	0.93369646388778449	0.99689254131911653	0.88567388261880975	14.444900159164131	19.18523814650311	123.07753078290379	15.296934739849764	22.046155554145507	115.92521254930048	91.280000000000001	88.919999999999987	40.209999999999994	0.083401855737242972	0.0837235907027718
0.16	-0.19163183287015292	0.93887343461324124	0.99641875382879719	0.88523363408666922	14.533113422571736	19.664891565917728	117.28087631251712	15.156652903347702	22.194775560745988	111.19398633172531	91.379999999999995	89.260000000000005	44.700000000000003	0.074105348792515471	0.080367026366911565
0.17999999999999999	-0.18679111198459841	0.94231415345024361	0.99588526696640989	0.89828744325596799	14.26753030988977	19.664769295912947	114.08037213688483	14.675888767004935	22.129633437089431	108.45936685596124	91.460000000000008	89.150000000000006	47.689999999999998	0.066735059339753391	0.077391475275373114
0.20000000000000001	-0.18832215703896937	0.94535691664231725	0.99498900285929337	0.90652089664763336	13.788939985545264	19.20901792498962	113.35299025080704	13.971934482454532	21.932030338995752	106.13964559824372	91.420000000000016	88.780000000000001	51.110000000000007	0.060748389633723809	0.074719514190816405
0.22	-0.18264027467589716	0.94841006897174451	0.99470086600754715	0.91765555840300672	13.73770373551827	19.605711726611432	108.09714245916965	13.59047134073543	21.779915718797323	101.42441516126064	91.590000000000003	88.77000000000001	53.299999999999997	0.055787093545982658	0.072315365062941658
0.23999999999999999	-0.17508889002546671	0.94941448652413118	0.99460704292105628	0.92324267169816066	13.152352407220652	19.173689698751126	103.72507533240064	13.291549956622637	21.616602744684076	97.474655790389718	91.420000000000002	88.530000000000001	56.379999999999995	0.051607140097011547	0.07015592581246631
0.26000000000000001	-0.18037331637316856	0.95158184184873529	0.99421017233304698	0.93086032290898224	12.39449821238833	19.058353767939153	100.50474060917351	12.647815470791807	21.406683641186437	92.753887126883797	91.050000000000011	88.280000000000001	59.269999999999996	0.048036985908158782	0.068194888279068139
0.28000000000000003	-0.15957813915601377	0.95348565312120104	0.99387420905330381	0.93423777622274429	12.134764072172647	19.00663227899512	95.566170244862775	12.258099746938315	21.049435544375058	87.246402314538756	91.13000000000001	88.150000000000006	60.670000000000002	0.044951373667668805	0.066401102145079355
0.29999999999999999	-0.16568504406965456	0.95537732952995325	0.99371352824852488	0.93651397888972521	12.122674323323679	19.124235216184296	91.322294265451816	12.09007884497395	21.282827716157485	82.435588839959919	91.240000000000009	88.269999999999996	62.550000000000011	0.042256236647379729	0.064770275638908567
0.32000000000000001	-0.16083669247472662	0.9561984688781312	0.9932494048142031	0.93754743402554386	12.255138564499843	19.021211539834212	85.393047741428362	12.013543050247737	22.019838484400058	78.570557784643682	91.419999999999987	88.36999999999999	63.75	0.039882338227295699	0.063272873943787417
0.34000000000000002	-0.16412997502368643	0.95725084430410123	0.99304171272823805	0.94149990324199939	12.441164956213507	18.802815173862861	83.555928481210088	11.769898539086174	22.171694426133101	76.033433643403185	91.640000000000015	88.219999999999999	66.030000000000001	0.037774760584269415	0.061903008832448272
0.35999999999999999	-0.15713681303643887	0.95853521761370786	0.99275644008260622	0.94410881006599889	12.251640272659259	18.919277642984252	79.778688403864635	11.927141094472413	22.06849508243678	71.731276653110413	91.569999999999993	88.280000000000001	67.330000000000013	0.035890757152671954	0.060637506762898974
0.38	-0.15884832004630528	0.95955501893072981	0.99256468207892445	0.94520224667237129	11.650098806266962	19.123488803686193	77.155616301150104	11.820862805854219	22.367571811839589	69.227368681267066	91.210000000000008	88.319999999999993	69.249999999999986	0.034196462045415273	0.0594759398631464
0.40000000000000002	-0.15004006621344662	0.96012024400818663	0.99238517229160872	0.94467825726542409	12.238467684789821	18.901671133825907	73.698534995494896	11.973739883456251	22.063140195521857	67.07507169179874	91.680000000000007	88.170000000000002	70.63000000000001	0.032663937517175098	0.058394437088577868
0.41999999999999998	-0.14788523283609584	0.96083240522204638	0.99267977987183953	0.94527320702992268	11.80443820426186	18.571181048286846	69.150240917549112	11.526042068593124	21.703046983124324	64.464521697104374	91.470000000000013	87.859999999999999	71.960000000000008	0.031271318023747538	0.057379838820102315
0.44	-0.14660296018263907	0.96107911208325558	0.99285224490023061	0.94680555264053656	11.481950518842078	18.540156330528159	64.89952200732273	11.282649581051318	21.931960295949466	61.375610524965829	91.330000000000013	87.700000000000003	73.150000000000006	0.030000011489907018	0.056430478986815455
0.46000000000000002	-0.13832044371399113	0.96138414300057617	0.99265135036014451	0.94942489763272186	11.20111645452142	18.716581380957557	60.772436132136292	10.983791399428426	21.827429336097588	59.036773745873447	91.210000000000008	87.780000000000001	73.840000000000003	0.028835045817388882	0.055535660947760378
0.47999999999999998	-0.12931953859571674	0.96191071969903719	0.99225108345248147	0.95131789830051294	10.893031738366702	18.368354698708156	58.002318677808979	10.974953648350189	21.745569895956937	56.769762087374467	91.070000000000007	87.550000000000011	74.72999999999999	0.027763393874244653	0.054693166805947914
0.5	-0.11793946831258398	0.96258367921448562	0.99200576867320578	0.95323005597019039	11.090813708809788	18.107788307547459	55.515084070928253	10.870503312983256	21.703292609865358	53.803690246092899	91.289999999999992	87.390000000000001	75.349999999999994	0.026774862354586853	0.053894534182935182
0.52000000000000002	-0.096269801907355554	0.9630661106081071	0.9913485763940949	0.95346789652084385	10.81940483828069	18.021409386699162	52.519742496688728	10.850370879990189	21.768826807792038	50.58948698584053	91.149999999999991	87.289999999999992	75.430000000000021	0.02585937003014584	0.053142139491089632
0.54000000000000004	-0.086654564879071541	0.96332500332583726	0.99090927187642674	0.95399375156577226	10.626946990780553	17.664161869019562	51.328915510749809	10.883539621129408	21.648717372811095	50.093829043651112	91.090000000000003	87.090000000000003	76.340000000000003	0.025008891056916199	0.052423440679591357
0.56000000000000005	-0.088432629872063392	0.96268569317167274	0.99077902083338254	0.95288047698930123	10.29931093677296	17.844564379235276	49.603486232540639	10.692817097399525	21.336489378177884	47.94034369260465	90.939999999999984	87.149999999999991	76.870000000000005	0.024217946916970337	0.051744805669016
0.57999999999999996	-0.074416512146998626	0.96096728622479743	0.9905381268641873	0.95311347904926946	10.104165360055058	17.779975501861937	46.030267191560256	10.525243952115849	21.074220010229293	45.509027078542005	90.850000000000009	87.080000000000013	76.890000000000001	0.023480362519572549	0.05109831679302803
0.59999999999999998	-0.077346369646378837	0.96012066920415118	0.99009368846395485	0.95603620855733096	10.023339365898471	17.854721691524084	45.088108172215506	10.005987116413632	21.099590574947182	44.765723332121027	90.840000000000003	87.189999999999998	77.099999999999994	0.022790469804156804	0.050464106915813531
0.62	-0.064040723343380151	0.96035886752561572	0.98951106469368377	0.95519787327954386	9.9841555292927247	17.462696382695537	44.34361119734892	9.6796318798786594	20.473827469228098	44.048102170700233	90.900000000000006	86.929999999999993	77.61999999999999	0.022143744633851218	0.049847535720674865
0.64000000000000001	-0.032614678552973529	0.96014801064672928	0.98911715204098127	0.95239186849884006	9.9221048299359822	17.594288836272074	43.664381923254112	9.5324668388180562	20.259563610122161	42.625601478977316	90.789999999999992	87.069999999999993	78.129999999999981	0.021536596529737679	0.049261018052256036
0.66000000000000003	-0.0087913189509859213	0.96007006472042578	0.98810739409233506	0.94947953127532136	9.4432886381571457	17.022008876705485	42.438546035117881	9.2462530657870907	20.329374061445861	41.856088895901749	90.340000000000003	86.789999999999992	78.529999999999987	0.020964226183388647	0.048699906101992887
0.68000000000000005	-0.0042274935965725645	0.95747417900865206	0.98653620059304747	0.94657775642492137	9.3461867700168124	16.842278213772644	40.86237893473124	9.1998831385416739	19.844684634770108	40.762697960024624	90.200000000000003	86.579999999999998	78.640000000000015	0.020424666010857025	0.048161682349008542
0.70000000000000007	0.028118358521422381	0.95263960071135434	0.98108992988682231	0.94158187015352157	9.1322211049991218	16.093396222063454	39.927021741744881	9.12573783893043	19.501956617632921	39.949998622751565	90.079999999999998	86.070000000000007	79.159999999999997	0.019915915719052806	0.047582091182086304
0.71999999999999997	-0.0059687018475987749	0.9440886680068642	0.97676187345366716	0.92785993307003023	8.7639097401123394	16.17160031016742	38.376169728478608	8.8140001935366392	18.572221185308706	38.660923997854908	89.580000000000013	86.039999999999992	78.359999999999985	0.019437696873274644	0.047098874519887354
0.73999999999999999	0.086574918663934478	0.94634852785296741	0.97924145705847465	0.92429867208203897	8.6386911808691345	15.888251120516035	37.650830190359848	8.5946603590546218	18.041272186974503	36.966148302999187	89.370000000000005	85.349999999999994	78.509999999999991	0.018980794295895005	0.046572212685900345
0.76000000000000001	0.063809279461468152	0.92944707913155644	0.96190210937137588	0.88050979371080051	8.4635732818820522	16.007819122719177	37.283118361302861	8.3517240849229815	17.645981259611482	35.81384655735004	89.069999999999993	85.209999999999994	78.5	0.018547723227202471	0.046025038690393899
0.78000000000000003	0.16482927658086127	0.92644420207024591	0.96787047252089153	0.86804421274354504	8.187147045474557	15.460100784051614	35.208304367277599	8.0149970329990445	17.512122726112032	35.111071292905208	88.700000000000017	84.609999999999999	78.099999999999994	0.018135618686043891	0.045447003250464843
0.80000000000000004	0.18863447611631023	0.92166961372224299	0.94576759950607003	0.85802254114721477	8.1740641738117485	16.178141478812304	36.300697468465501	7.7289161640755761	17.516110703242184	34.911372975982616	88.510000000000005	84.879999999999995	77.659999999999997	0.017740466805203796	0.04481395439751816
0.82000000000000006	0.19331165308224035	0.92482422543004295	0.94898016910136584	0.84529778608842376	7.7410311394888867	15.462018521969572	34.897956028666734	7.580851583131019	16.918552078053388	34.003196478033622	87.890000000000001	83.549999999999983	77.500000000000014	0.017363221022765191	0.044275327370058043
0.83999999999999997	0.19519012374135791	0.90330582461795594	0.93249407044184718	0.79622476250698582	7.641620322589378	15.639605068816374	33.603069291014364	7.6456530994464256	16.641982435377759	32.287909396054751	87.780000000000001	83.989999999999995	77.340000000000003	0.017005123626203003	0.043695602973343038
0.85999999999999999	0.28291808175695948	0.89152379800679904	0.91833950405214559	0.80485061045101103	7.3716373027013757	14.791519541666384	33.519244241284881	7.3936106847589	16.035916960241885	32.388044476319905	87.260000000000005	83.280000000000001	77.359999999999985	0.016658346147082666	0.04299502313743607
0.88	0.30877325090520369	0.85805709017294751	0.91183118673450303	0.71861185122161653	7.2729878982801051	14.990315932807704	31.901791678665933	7.3272558138563735	15.33994293671196	31.427609920007235	87.030000000000001	82.939999999999998	77.299999999999997	0.016330105955353214	0.042272032314214503
0.90000000000000002	0.48026283252499447	0.84239130667597473	0.90571091390264868	0.75675756484554257	7.1961254373256294	14.628639444615024	31.711321185811357	7.3328746349849991	15.314938205318544	30.585823531187039	87.109999999999999	82.989999999999981	77.0	0.01602767234509896	0.042390298271409298
0.92000000000000004	0.50223233686432533	0.82958430123700011	0.90054983777904418	0.73023145603429229	6.9581601445299102	14.367504612130313	32.361285066942038	6.9582846126447695	15.165030380275715	30.755074063416039	86.609999999999999	82.25	76.469999999999999	0.015724046501642198	0.04174339415875513
0.94000000000000006	0.54476405768471703	0.76464136929201509	0.88059987090525849	0.72011299614739299	7.2168968795066464	14.253245052360271	31.693892860723508	7.0233563341147178	14.598948659159342	30.690949296244774	87.079999999999998	82.549999999999997	76.240000000000009	0.015435756655189387	0.040898357157133587
0.95999999999999996	0.5269835937152636	0.78494660644992797	0.84982041415593412	0.6800538988654512	7.0405846942151999	14.135531400616975	31.478431931407407	6.7721546652354734	14.616234496545337	30.290783830077231	86.249999999999986	81.549999999999997	76.049999999999997	0.015152481496701731	0.040437109400529067
0.97999999999999998	0.53171230730548447	0.76587654888833478	0.8431727151662709	0.61973675753062962	6.7501601495113421	13.977214948317704	31.11823435340288	6.4352058975917359	14.064588215444868	29.07850860511321	85.690000000000012	80.760000000000005	75.259999999999991	0.014890307473961898	0.039553401679544395
1.0	0.67068579496450409	0.7059120725135124	0.80904670004398604	0.63119558178521917	6.6228969765739265	14.016304608768234	32.442999719456814	6.5116604940273604	14.034208164645998	29.378046312438634	85.259999999999991	80.629999999999995	75.439999999999998	0.014631398991291931	0.038935571979654228
1.02	0.61630291714681773	0.69769732610684632	0.81616892493014304	0.58805617578771996	6.8275260768660786	14.321236856071348	30.983721164154918	6.6271836767762817	14.159040434557713	29.071944728136838	85.429999999999993	80.700000000000003	75.730000000000004	0.014394493142937431	0.038232529685555364
1.04	0.53666468967532333	0.59359408767486588	0.74548133707984054	0.55169195643411517	6.6415765022985527	13.934641437095255	29.064148777133795	6.2763104845026145	13.785080786979439	27.067034007011546	84.879999999999995	79.919999999999987	75.189999999999998	0.01415643151141655	0.037457320392634962
1.0600000000000001	0.55240555762816923	0.61040546628864778	0.72794575202303724	0.50519848616832064	6.3929304284238428	14.075785620417179	30.259506132738665	6.137261146270732	13.859039843924894	28.390436853207557	84.320000000000022	79.86999999999999	74.36999999999999	0.013931334516261207	0.03702984254779039
1.0800000000000001	0.93752437532056709	0.63396533793924059	0.73764351868314504	0.46804094713990185	6.6140115502458343	13.941733652367006	27.48253599442749	6.176283015474338	13.025319919492002	25.180908243373164	83.929999999999993	78.980000000000004	74.399999999999991	0.013719334072874331	0.036447332687414499
1.1000000000000001	0.94754177714866339	0.58419433658158915	0.69981463968614044	0.44989414321839838	6.4873003899874817	13.370583202561809	27.631946457547322	6.1121883447890601	12.800386206543427	25.167005092382091	83.549999999999997	78.560000000000002	73.590000000000003	0.013501082688343985	0.03586547878251075
1.1200000000000001	1.2347394223865371	0.55371892485763063	0.62956719467856803	0.4035271352896318	6.4055557249288899	14.296720615926233	27.21132602457455	5.9954231470074859	13.303998449565047	25.274475149110671	83.329999999999998	78.219999999999999	72.940000000000012	0.013298817429109846	0.03474168464595221
1.1400000000000001	0.81563669928146487	0.52289749100311489	0.65452732728103724	0.37141632229999361	6.4267156299395598	13.527769215750023	26.800742419094583	5.7972829773227526	13.043765898093218	24.673196514746255	82.920000000000016	77.140000000000001	72.430000000000007	0.013107950077969804	0.034122714476740895
1.1599999999999999	0.88418472136602988	0.49437394008406343	0.59534025257773049	0.30356308727457937	6.376507719757031	14.117007919825284	27.638459114990138	5.7568853948838381	12.896637639751116	25.230728577301303	83.079999999999998	77.75	72.989999999999995	0.012918597399621734	0.033458425311673076
1.1799999999999999	1.1606749693068341	0.45557532864155015	0.60729996268079844	0.39453739953906874	6.3316562233288884	14.098020882704796	25.806603018653789	5.6949693961095198	12.708557645633103	23.794334609347725	81.969999999999999	76.980000000000004	72.579999999999984	0.01272154360819803	0.03284490564256036
1.2	1.6025125177849124	0.50802435610998875	0.55187918687915605	0.33391766538088025	6.4634009245646213	14.104153122706975	26.263665693252698	5.8769308241320584	13.028293495717733	25.497796521229127	82.100000000000009	76.650000000000006	71.890000000000001	0.012573982510425994	0.032758588375220006
1.22	1.1464656436879055	0.41198800057546842	0.49928052392748495	0.34706695555207984	6.3320644770367993	13.794693862819244	25.278975596472918	5.7159928888449079	12.660831867481704	23.004894506691581	82.070000000000022	76.319999999999993	71.469999999999999	0.012384783600208765	0.031726555032341168
1.24	1.3986561658476333	0.35420117764281611	0.46604553835378548	0.22283689609409735	6.4101725153176758	13.68948629676593	27.149907592698447	5.9171541713467972	12.398501972649232	23.904700774604194	82.079999999999998	76.299999999999997	71.929999999999993	0.012191051527727838	0.030908927512731148
1.26	1.2164839414213442	0.40568613569940198	0.51770920639726647	0.33270698934100001	6.4751506089770272	13.786935183195073	25.078594785001485	5.8074043040560941	12.306379128994241	22.599348687743756	81.170000000000002	75.679999999999993	70.900000000000006	0.01206666569560905	0.030736280127287307
1.28	1.4191138598512225	0.38599835010881933	0.46201447007734481	0.27037375531062391	6.577279765817738	14.763572381334274	26.82348555584344	6.0008478661050351	13.213451054741682	24.473406758965762	80.730000000000004	75.180000000000007	71.02000000000001	0.01188778753330183	0.030319535907822354
1.3	1.6736798585709525	0.3347557222390708	0.48525304948630898	0.25904012850618124	6.4766719381180495	14.325395177638878	25.497141306174012	5.9689591392647872	13.60459911320719	24.221481033320259	80.629999999999995	75.590000000000003	70.929999999999993	0.011777066198712695	0.030740381780284952
1.3200000000000001	1.8333118977313985	0.34655873431900819	0.434701171438444	0.21130005883865727	6.5743798079202351	14.589310715084242	26.750864800146996	5.9876129610178817	13.173039234453398	25.248749292375233	81.330000000000013	76.080000000000013	71.429999999999993	0.011645932101148218	0.030892738249642525
1.3400000000000001	1.6430240501636715	0.36788830927372734	0.44024881270549454	0.260915200903925	6.5038823716094072	14.303915676452169	24.879147383960664	5.8904195960771286	13.128224632976588	23.733369926924716	80.419999999999987	74.549999999999997	69.960000000000008	0.011436347808124431	0.028762024889075016
1.3600000000000001	1.4219589483975039	0.42521074879996046	0.47763243815762058	0.24361381629975881	6.6655945899869407	15.234135185932548	28.586206841890487	5.8872204935864341	13.930149818811241	26.974178134665873	80.489999999999995	75.75	71.219999999999999	0.011349882694939351	0.030374169098588921
1.3800000000000001	1.7703178030911833	0.29705293290662593	0.41172479693732189	0.21422405589236324	6.7657671815522322	15.098685223855473	26.056517972726898	5.9208040284907826	14.030591100492808	24.066233429338219	79.989999999999995	74.549999999999997	69.950000000000017	0.011227141840974442	0.029447088487544387
1.4000000000000001	1.974419765188286	0.30670565557078833	0.40032147912237903	0.15701292928849694	6.645587302647149	14.767055544592363	25.95700738804565	6.0332493138089154	13.485396530676201	23.48727696499158	80.129999999999995	73.960000000000008	69.47999999999999	0.011049210315023709	0.028100722029827746
1.4199999999999999	1.6226525959933515	0.2765011698460586	0.29559461116506114	0.089088962066223992	6.6360844756407591	14.973516051181869	25.808358633630757	5.8959929805622737	13.422487748478151	22.903427034707605	79.879999999999995	74.0	69.430000000000007	0.010917196779040288	0.027278524473276101
1.4399999999999999	1.7775390244856635	0.25918982815644331	0.32907875777077883	0.18550799792629147	6.8052991010650485	15.585411835670081	25.490536651911842	5.9437822062838981	14.118556999403111	23.330761582594082	79.13000000000001	72.940000000000012	69.010000000000005	0.010779061994346291	0.025901593578575327
1.46	1.9087619860873166	0.22921985250535135	0.34127003969220882	0.13439802281992796	6.9061461358922571	14.645963413487246	24.621797403699183	5.9632198873316522	12.835079795542692	22.857496893903214	78.920000000000002	73.010000000000019	68.690000000000012	0.010665579676672841	0.026420980424301688
1.48	2.2236440484551023	0.30518822773854287	0.3660182223497746	0.18986594247955998	6.70719525448047	15.280227779234067	26.439685847663885	5.8046770692131293	14.223465959177606	24.309910406086839	79.0	72.849999999999994	68.189999999999998	0.010563149880568581	0.026613266816944276
1.5	2.1378697678552103	0.25086795399884571	0.29499151620769393	0.13615955735881941	6.9163933188288125	15.618921837336893	24.725191655523862	6.1677382652870651	14.157221623526372	23.166525962143048	78.570000000000007	72.769999999999996	68.359999999999985	0.010445213094552725	0.026067517600567875
1.52	1.9283081302980982	0.22917520674058872	0.30344393552451565	0.2064640936109913	6.8030295861598118	16.201414935879203	26.253414629229912	5.9753635786432806	15.018611913378928	25.140878597338208	78.049999999999997	72.049999999999997	66.990000000000009	0.010347017357112968	0.025755359035818753
1.54	2.1194534990810685	0.17337141544977547	0.21985483659071789	0.12435638443022586	6.8252982081901212	15.200119041267524	25.019240781080391	5.9178957454060734	13.96762202384976	23.020183637928177	79.329999999999998	72.86999999999999	69.030000000000001	0.010226746792288677	0.024979259159255831
1.5600000000000001	1.9672118596395962	0.23192407130479875	0.27344849729976606	0.13684828427299561	6.9514107061545314	15.838259800403657	25.491175069563525	6.1076687588056746	14.09571009339731	23.364067611022719	78.61999999999999	72.370000000000005	68.310000000000002	0.010089980374954245	0.024000829364720755
1.5800000000000001	2.1500491026967303	0.20370175528837006	0.3233567846824198	0.14319481735103357	6.8587101695861392	15.436851643308277	24.303206732310677	6.0451902590275761	13.353248122075161	22.893244965857299	77.950000000000003	71.63000000000001	67.640000000000015	0.0099944050078915308	0.023854115142708313
1.6000000000000001	2.0422920337576134	0.24238621845419511	0.25693449809289615	0.11948226225381813	6.9048075169179981	15.582841607764319	24.692414808440073	6.0514652794334953	14.082916589780552	22.14507937006849	78.140000000000015	71.88000000000001	67.730000000000004	0.0099050473527225527	0.024020549066206206
1.6200000000000001	2.6076609845710714	0.15479660155953048	0.20687452864636074	0.098239617992256528	7.0270587483204281	16.370016562301124	24.428113995465115	6.1557134652460572	14.702257315768193	22.594892807993208	77.370000000000005	71.530000000000001	67.179999999999993	0.0098003250548615289	0.023032064190178274
1.6400000000000001	2.3652268146524618	0.18003549348576664	0.2041914261000306	0.12916648121820223	7.1989358068868272	16.563751083437687	24.3222912432771	6.4986252701239335	14.67535443138822	22.503014155096697	77.010000000000005	70.799999999999997	66.390000000000001	0.0096819154271239709	0.022735122477923354
1.6600000000000001	2.3532238713143454	0.16652192205374455	0.19525231766484158	0.09028849556841842	7.2954818492884836	16.717398661339441	25.09306317475912	6.2676300927984965	14.570205114492117	24.010617042925929	77.950000000000017	70.960000000000008	66.950000000000003	0.0095824454467507841	0.022655729558800533
1.6799999999999999	2.5197510448264291	0.19646083659326066	0.1846422409552668	0.10249225582419683	7.126315185551336	16.358499660739206	24.185989358621402	6.0324818604112371	14.976419185224893	22.325136411424943	76.460000000000008	70.210000000000008	65.590000000000003	0.0094601156092970051	0.02179485217038778
1.7	2.8303273460068561	0.22285338012778802	0.26361808216827065	0.14779619035588523	7.2023935864809303	16.434704479101221	24.607287713200854	6.0973501069145559	14.739166420255501	23.184415695934938	76.900000000000006	70.5	66.910000000000011	0.009395012834616509	0.021655589392210291
1.72	3.0047655762900645	0.18193734564659469	0.17132750313913808	0.085837187215926619	7.2930031751230517	17.288705145887384	25.920235391216998	6.5584921153803268	15.852252760572492	23.919947140579399	77.100000000000009	70.409999999999997	66.609999999999999	0.0093113008346426274	0.021541471334001045
1.74	2.5353027667941901	0.16734054548799543	0.21871347399203694	0.12423655720309865	7.2656740849480439	16.58370706546193	23.95755507550459	6.5260085482987815	14.712715647388389	23.054135048535237	76.290000000000006	70.239999999999981	66.349999999999994	0.0092377877442058592	0.0211247287765239
1.76	3.0108839261694271	0.16998352104114595	0.22092491867930858	0.096203649562363325	7.3946047723953798	17.414074894241814	24.617685906457744	6.6571618323732622	15.397256238277583	23.280133290262778	76.319999999999993	69.909999999999997	65.63000000000001	0.0091605224027055277	0.02070035743945715
1.78	2.8576613504753388	0.16123701882059724	0.15775154579495726	0.079443062495087619	7.3182705743925585	17.248965128521757	24.659774808808773	6.4325446467360781	15.25113584114861	23.726054667176193	75.840000000000003	69.549999999999997	65.240000000000009	0.0090552705516676723	0.019839634952396906
1.8	2.7787576696103957	0.15180749853590289	0.18425030655895999	0.12824149306412905	7.4570587175355927	17.44749564151827	25.400769939923801	6.5558964178066264	15.70104369908665	23.659559566907795	76.150000000000006	69.289999999999992	65.699999999999989	0.0089948334071676614	0.020928938402169757
1.8200000000000001	3.32768992310675	0.13433363794485292	0.17198699374683599	0.079596922767675299	7.3468541938738401	17.112665969109496	24.534833786365169	6.4040171265249146	15.86154763342825	23.000942027767003	76.47999999999999	69.560000000000002	65.739999999999995	0.0089327538476815151	0.020296161932339428
1.8400000000000001	2.8944172458691684	0.13734233652204575	0.16017040866025317	0.087439765187104793	7.4108834801546264	17.282416324422762	24.678304623825376	6.5447277070666727	15.630131400530274	23.19012574256022	75.960000000000008	69.789999999999992	66.150000000000006	0.0088075683705399338	0.019831140578606715
1.8600000000000001	3.0937449937430643	0.1667865170938497	0.15415434948552581	0.046207430336470456	7.2593891803519197	16.936208029315349	23.97622031096294	6.6064739912593655	14.882198327660493	21.49882471110401	76.469999999999999	69.370000000000005	65.599999999999994	0.0087298436555176395	0.019478745677153117
1.8800000000000001	3.6232368002194439	0.14468196494309393	0.13661644988250771	0.054570786064955967	7.497042817810339	17.875732697430731	24.360707243713577	6.8236676746012819	16.23651666026403	23.475176629257884	75.890000000000015	69.25	65.459999999999994	0.0086605289948249089	0.019644992681616631
1.9000000000000001	3.1623731373051074	0.14741430905204606	0.1846364718410333	0.13896332352138835	7.3204820481692838	17.326665825391643	24.994381757413613	6.32727526177767	15.619964938119967	23.129508424118221	75.280000000000001	68.629999999999995	65.679999999999993	0.0085857495761217616	0.018773361830805062
1.9199999999999999	3.0331196002571144	0.10941104399524142	0.098768699700349766	0.066692039702545641	7.3839678675149072	17.567641563741137	25.127172712679222	6.5899372996815995	15.715710500160935	23.694967053754702	75.469999999999999	68.030000000000001	64.740000000000009	0.0085431781315097096	0.019385934834054156
1.9399999999999999	3.7464135793039186	0.13639223035341513	0.15256165219729384	0.10165208643619797	7.5181564381539019	17.69587751108045	23.900229950278874	6.5742550332444676	15.984782459606075	22.254723874730097	75.560000000000016	68.309999999999988	64.810000000000002	0.0084748582974167024	0.019304287738245031
1.96	3.5106777186593474	0.12773872030899533	0.1421396711428119	0.070070164540782923	7.4122816856201181	17.911679051249259	25.101251263666736	6.46788876428423	15.803601510012673	23.1373477768309	75.159999999999997	68.090000000000003	64.75	0.0083887487887418354	0.018886905870312255
1.98	3.2191297713244533	0.12176360568833129	0.12174075675240541	0.048786837749587433	7.4635269601810394	18.149578673460674	25.140704438465256	6.7819970069062183	16.168092682501786	23.146187050476982	75.319999999999993	67.959999999999994	64.300000000000011	0.0083250722903335829	0.018801674136397696
2.0	3.5129665683484839	0.08690078215080313	0.070574471794205187	0.05956752735323062	7.5557359438233149	17.922641674542781	24.009581354532234	6.7290691462290884	16.113969523915056	22.290842784209456	74.750000000000014	67.600000000000009	64.390000000000001	0.0082608909905023883	0.018312680840471055
2.02	3.3915704036148626	0.11275263712533778	0.11167182725955546	0.078408508853426845	7.8437708477957546	18.921162008057035	24.888337858814076	6.9673886612410225	17.473276597752012	23.737968321799517	74.63000000000001	67.190000000000012	63.75	0.0081526603483188988	0.017551617610663161
2.04	3.2729589472077674	0.1477793392798227	0.13229705497576369	0.098273843550741327	7.5038184689287011	17.854853996878649	23.998676675047584	6.4721028895335895	15.734955060246397	21.9130151788858	74.460000000000008	68.109999999999999	64.490000000000009	0.0081197111142433127	0.018025043798854889
2.0600000000000001	3.8869356435642448	0.10347495799434214	0.11390229662345568	0.046307162002803673	7.6966106346680849	18.825233045029325	25.04614574089036	6.759841056461994	16.904661617439103	23.071232229188372	74.599999999999994	67.859999999999999	64.130000000000024	0.0080574712993371819	0.017834961293800161
2.0800000000000001	3.9182746224793332	0.10169204973642909	0.064837201144603007	0.040842057912760611	7.4011133882252365	18.75159097403283	25.14477675880396	6.7404825947982214	16.66442219646262	23.212151368830369	74.700000000000017	67.310000000000016	63.570000000000007	0.007998881681384724	0.017025553153704534
2.1000000000000001	3.7805669226380409	0.090645210590341169	0.091364656202901712	0.095913518005357287	7.7339459795094374	18.937863475489326	24.096799430644243	6.662734005356036	16.837524747190294	22.879324377133401	74.769999999999996	67.290000000000006	64.38000000000001	0.0079374751999286286	0.017222642635833958
2.1200000000000001	3.2103596935006005	0.10402693263513907	0.083090835009825767	0.049061758135491261	7.6671593005171728	18.657272499122087	24.672732468472567	6.8444731144900217	16.765523389996833	22.691314992094295	74.77000000000001	67.280000000000001	64.379999999999995	0.0078350901965674197	0.016816651589719313
2.1400000000000001	3.7609455572625374	0.10477462494023135	0.12369488257914991	0.053172201193021837	7.8476719978497256	19.724612940304276	26.618501924360526	7.0002753115632004	17.739801090181601	24.776928695085509	74.679999999999993	67.629999999999995	64.490000000000009	0.0077899743875986804	0.016920148504060602
2.1600000000000001	3.74196457783456	0.10484891734946092	0.077362347628313191	0.064009344490672818	7.5577355371503518	18.467767585894968	24.581175124306945	6.8615950239254087	16.831912926313613	22.76805296133346	74.030000000000001	66.549999999999983	64.189999999999998	0.0077604184242434978	0.016971213672512732
2.1800000000000002	3.3772602881427276	0.11997912764007887	0.08043192168437352	0.059308995222828662	7.7380362613986335	19.012977590429777	25.423884495059315	6.8161942120188197	17.505183618969127	23.87394217564043	74.570000000000007	66.870000000000005	64.060000000000002	0.0076940351925847902	0.01632570943510744
2.2000000000000002	4.1397502918697224	0.11480414013065006	0.10951062453409943	0.078686658660149636	7.6348400886637009	19.493969134467978	26.294486387422978	6.928627253617111	17.779770799727832	24.474714026548252	74.320000000000007	66.510000000000019	63.350000000000001	0.00766390416778497	0.016869224081831675
2.2200000000000002	4.4509687400640177	0.080382213465602884	0.08272923770077896	0.064660445592026841	8.0100870230472232	19.657707696897869	25.974405889505828	7.5039950481891804	18.068662033845378	24.689636711136792	74.5	66.489999999999995	63.460000000000001	0.0075843814082342826	0.016083711272374894
2.2400000000000002	4.0188301481653239	0.090824361164505776	0.097112092696239424	0.073332821920961327	7.8042469999566464	19.309641579064643	24.92845324907595	7.0633578072349987	17.607089839307303	23.690941580301121	73.390000000000001	65.789999999999992	62.969999999999992	0.0075212404764154039	0.016088878735113141
2.2600000000000002	4.0978037890530095	0.10211800651965566	0.086575433047950651	0.077065050260771012	7.85085738120776	19.760384085455165	26.237135396237996	7.1123713077588535	17.974605252352216	24.920152655718304	73.799999999999997	66.299999999999997	63.410000000000011	0.0074683174535356538	0.015707286924691637
2.2800000000000002	4.3455580347962366	0.088821896327738112	0.091297521276361399	0.053631014125671984	7.8041003949902308	19.371946257666313	25.039248399776405	6.979828866658826	17.614112181714894	23.058471270205366	74.179999999999993	66.920000000000002	63.960000000000001	0.0073862615551803599	0.015626715243132059
2.3000000000000003	4.0406049954142089	0.077694914865916981	0.082800432019151771	0.064034379719135545	7.8957351292511948	19.698295361317751	25.367069883401236	6.9143855219155821	18.375986145950744	23.760146626279756	74.070000000000007	66.069999999999993	62.820000000000007	0.0073597861538081512	0.015330685330322474
2.3199999999999998	4.7021649590386838	0.104072801286943	0.089591924942950818	0.030319562569184333	7.7509226795071315	19.396673884455041	24.961258514718462	6.904953152258777	17.535931555267126	23.279385683994686	73.72999999999999	66.080000000000013	63.410000000000004	0.0073331095519740402	0.015548004418099162
2.3399999999999999	4.0330271769121184	0.086330097311961757	0.062420352458221653	0.042552358382898503	7.8389460877280444	19.599564771690048	25.171504966951062	7.0972768325801594	17.507081578256621	22.802356811642635	73.780000000000001	65.620000000000019	62.789999999999999	0.0072416328457120356	0.015043702620354477
2.3599999999999999	4.0980949144317655	0.10598169367757601	0.071893356701210859	0.048813561622705795	7.6851474020557884	19.821481921484029	25.82985003600151	7.0676769298446676	18.482897118879059	24.730065466961978	73.239999999999995	65.990000000000009	63.090000000000011	0.0072155036009530164	0.015021398044863391
2.3799999999999999	4.5225260577751438	0.1031006671328806	0.096941568790886626	0.0442833874881262	7.8608110116396661	19.274196546528877	24.935363805910089	7.1413638064398288	17.494403236950507	23.322372654439356	73.549999999999997	65.349999999999994	63.280000000000008	0.0071714370695452334	0.014755620869757208
2.3999999999999999	4.4449438624583104	0.10937483857494761	0.072294220660866854	0.053624726521411106	7.8341295122854575	19.423320687151392	24.357066667737602	6.877152490773585	17.89324444148814	23.164667314169193	73.269999999999996	65.289999999999992	62.339999999999996	0.0071339249818757359	0.014966834470777814
2.4199999999999999	4.2390420174820456	0.09915307431070923	0.075137183257758727	0.050925558406746542	7.8581637612812303	20.084315703655005	25.11909926283429	6.9896173307704661	18.20754965984159	23.920982356044838	73.460000000000008	65.310000000000016	62.099999999999987	0.0071038776015896156	0.014676456466027698
2.4399999999999999	4.3032021414339852	0.096528076308267319	0.075292032245049392	0.021973677500204548	7.8690666600943713	20.192759471319267	25.96168942184973	7.094484241075202	18.579061266048924	24.235401533662547	72.789999999999992	65.259999999999991	62.450000000000003	0.0070289826012395152	0.014392882830490209
2.46	4.4745120245786154	0.08137596024394228	0.054897376216371849	0.050772190307647277	7.8324697092032007	20.299257824091203	25.519497026507217	7.2438891774838456	18.317467480280349	24.050486875294148	72.890000000000015	65.039999999999992	62.089999999999996	0.0069883554384900255	0.014183969010573403
2.48	4.4660172164674261	0.08322940630374967	0.087458894689770195	0.052016896341328125	8.0312434718536316	20.004253071625321	25.605274176421908	7.3196285660897731	18.15703917726314	23.386262016035712	73.260000000000005	65.370000000000005	63.310000000000016	0.0069575788403652278	0.014312291697902834
2.5	4.4407009605414443	0.076607485377682874	0.05769393451972863	0.042305349104307846	8.01870301042735	20.328207222376307	25.402260900786839	7.1707860272797701	18.657047019545146	23.880012377815945	73.069999999999993	65.230000000000004	62.580000000000005	0.0069022086706660617	0.014180476103220801
2.52	4.5623223371669424	0.058276654852247055	0.068695958804481067	0.037225822125497965	7.9304205986219545	20.937862902498289	26.676424039221182	7.2623909586805198	19.080201147525987	24.910001905686098	73.590000000000003	65.489999999999995	62.410000000000004	0.0068622834995997525	0.013609829342029686
2.54	4.7797652347697461	0.07789334421154058	0.087135775910392996	0.082687618319002038	7.8521454385191181	19.655548180542787	24.373186460549405	7.2768486283711269	18.564466793604122	22.922851611341166	72.97999999999999	65.25	62.149999999999999	0.0068344511876383797	0.014288249199107244
2.5600000000000001	5.0195805037199968	0.062511943376379317	0.0606051496476687	0.051837996035028436	8.0349293581930006	20.285878851221341	25.380278212436693	7.2299521077977644	18.681737788399449	23.510485749969767	73.030000000000001	64.75	61.899999999999999	0.0067477978928959263	0.013408387780862766
2.5800000000000001	4.4597396801563045	0.077101684400351242	0.070096166360604145	0.041771932377566531	8.094919635709541	20.510465616906465	26.280032740273857	7.4176852829626743	19.48888169689674	25.851456465694202	72.549999999999983	64.370000000000005	62.049999999999997	0.0067241506046436129	0.013374194243273393
2.6000000000000001	4.4147953942852709	0.09187027003947075	0.072377398663616727	0.05967758675929672	8.2197173367836367	21.030253971153321	25.756255444452357	7.3728539274409028	18.5610456329606	23.599943934757814	72.409999999999997	64.150000000000006	61.390000000000001	0.0067021985539289994	0.01358757824537129
2.6200000000000001	4.3750660959611691	0.079124799789101058	0.049423547354349222	0.012669457740613631	7.959590816345532	21.05966872081077	26.208203182561089	7.2667582254616452	19.836358709328543	25.194303262294618	72.549999999999997	64.570000000000007	62.099999999999987	0.0066391572412410936	0.013731592288328067
2.6400000000000001	4.5720263494404669	0.055974898052379242	0.062421165426236699	0.055154490752382303	8.224442794221023	21.200218699391979	25.473306169357151	7.4379029687217457	19.035610346857407	24.219731723395135	72.559999999999988	64.989999999999995	61.690000000000012	0.006585113039578214	0.013018570769980236
2.6600000000000001	4.3102875309805846	0.07265263414803326	0.033211358500358328	0.02219837991752532	7.9744510307746186	20.739643506360174	25.622896392796054	7.4200998554588278	19.607882590484955	24.469376483910768	72.359999999999999	64.489999999999995	62.04999999999999	0.0065972013251637566	0.013530237919857153
2.6800000000000002	5.297440834003722	0.065314530710735036	0.068858996426938407	0.042599999140268324	8.1632262617079512	21.087164516885387	26.306721686472564	7.2983246176046119	19.336084586060185	24.526897479144179	72.219999999999999	64.180000000000007	61.079999999999998	0.006551625923572414	0.01358564297687242
2.7000000000000002	4.7088047267401993	0.073023259312605532	0.022493613725085869	0.041568429486863234	8.2757824815710475	21.025057646780564	25.809246406845755	7.3719912642519647	19.555718592208375	24.375240491315743	72.150000000000006	63.609999999999999	61.230000000000004	0.0065498332844351652	0.013449541297828365
2.7200000000000002	4.8906528606137769	0.076552071026057197	0.060657633779151433	0.035545604254026322	8.3173629052563989	21.482647103274616	26.763450032449299	7.4605290227694283	19.112716343605577	25.615652981191971	72.200000000000003	64.599999999999994	61.5	0.0064753989350731737	0.012848411488116451
2.7400000000000002	4.9015618806533761	0.088679720030571799	0.04800720144233396	0.031847593152550778	8.2279693093437061	20.735435930209185	25.828519995831918	7.344522665497708	19.733463454768476	24.158728918202453	72.090000000000003	63.5	61.069999999999993	0.0064385852642370569	0.012741210268175865
2.7600000000000002	4.8745540275141712	0.068845234654489912	0.034862745797110392	0.034539350318896475	8.265700609158845	21.409284194458763	26.399420732017575	7.8575389542184695	20.147223557717233	25.457871850127805	72.530000000000001	64.040000000000006	60.690000000000012	0.0063974131502735924	0.012911483684054056
2.7800000000000002	4.6161999012919352	0.058679629737777503	0.040844262794696738	0.037303191704108722	8.2465441203524854	20.745554940160719	26.194143102279572	7.4473763123102543	18.807029910332666	24.016052542425275	72.75	63.529999999999994	60.629999999999995	0.0063589963805487397	0.012922501799258695
2.8000000000000003	5.2472157463780347	0.081466129336623144	0.044223599918938275	0.024788049897857531	8.2247252582300199	21.018073965139926	25.572168929292665	7.1804027051410655	18.823423750624393	23.475759225845131	72.120000000000005	63.689999999999998	60.969999999999992	0.0063085446419440198	0.012604129318847194
2.8199999999999998	4.6704646416106534	0.081998110194708304	0.056634862512394094	0.035230718462222595	8.4001226718407409	21.252773676944507	25.519762166815418	7.4193432603550828	19.394038014315026	24.406014302004877	72.099999999999994	63.890000000000001	61.329999999999998	0.0062760811288108927	0.012181988793172862
2.8399999999999999	5.030824795638142	0.091080247827233479	0.045769148842473587	0.022756567434065539	8.2164051711124415	21.606010468664532	26.525990994953844	7.7619297720888838	20.312517887369388	25.288734765621651	72.289999999999992	63.04999999999999	60.609999999999999	0.006263017714463903	0.012199271837047873
2.8599999999999999	4.7247868933888659	0.090500046686879401	0.054563710527186934	0.04611209351778963	8.3914190736037479	22.097637112558509	26.820719590234482	7.7471508157313291	20.320923331521165	25.025096734612028	72.210000000000008	63.740000000000009	61.480000000000004	0.006235133200252178	0.012497539112135064
2.8799999999999999	5.2739823178226528	0.084399676650906627	0.055713531500005999	0.03047734088797982	8.2656908951963874	21.565750629199929	26.685266559035647	7.389676763886742	19.636079470723548	25.439414915613806	71.969999999999999	63.740000000000009	61.299999999999997	0.0061878252676616933	0.012269324674748856
2.8999999999999999	4.9022892665967701	0.059761599750781103	0.040324476965614454	0.039135739710513213	8.3669495020209403	21.980373305812822	26.8383995021563	7.6998014475752683	19.893098306960404	25.049644369925474	71.650000000000006	63.739999999999995	61.329999999999984	0.0061562306045369998	0.012312828613885333
2.9199999999999999	5.172035610128372	0.04928158049109696	0.046497899601412138	0.038262221722769905	8.4406978285139864	21.895023192212186	27.215904805551379	7.6021259952112334	20.42325678943795	26.085143755907819	71.849999999999994	63.270000000000003	61.280000000000008	0.0061229678670859126	0.011787757874831245
2.9399999999999999	5.059635673002064	0.080202596778168905	0.078590492099434528	0.048557878551257705	8.2209467691602232	22.042456374995709	26.652353571986005	7.4126922698033413	20.249740061982635	25.078596891328363	71.72999999999999	63.470000000000006	60.560000000000002	0.0060747459238051742	0.011727133864948924
2.96	5.3943184762304961	0.070530791632525375	0.023120958227732569	0.018162098066718792	8.2344659767072663	21.869850846767029	27.164850895214506	7.4446628991581862	20.702748237299332	25.293557976614505	71.719999999999985	63.979999999999997	61.070000000000007	0.0060429697556267804	0.011899885231181984
2.98	5.3048568525577728	0.067640830239408228	0.042249461607922006	0.053406344511252646	8.4103025404195133	22.021618627700256	26.652623690659663	7.455772535990465	20.038161287082467	25.118761680699421	71.099999999999994	62.510000000000005	60.299999999999997	0.006020814031035898	0.011581292025047488
3.0	4.9183676358384245	0.084747970803391415	0.04337459234123657	0.039904878707906731	8.3549421513595483	22.00188196306906	25.749978042975279	7.6441715373387797	19.837047025167919	23.683661054265876	71.769999999999982	63.160000000000004	60.640000000000001	0.0059930802023517521	0.011467742298115627
3.02	5.2497134828604519	0.053959795867688634	0.028519693679489498	0.01632128627511558	8.5230351208795447	22.572546523965521	27.548995687874317	7.7854898335893763	20.823137760996097	25.959239787983357	71.489999999999995	62.560000000000002	60.530000000000008	0.0059289887047489177	0.011437800055503928
3.04	4.8162350607223319	0.049730101524352879	0.035819314437603417	0.031734698228934641	8.5529660513852104	22.315389988593193	26.64931955285234	7.5419598792153746	20.770372492685109	25.151654239626531	71.019999999999996	62.759999999999991	60.289999999999999	0.0059213598117799915	0.011617443217990724
3.0600000000000001	5.3610616006557779	0.07799765881286104	0.0435510778921104	0.031068678384944932	8.3182615746045023	22.052516469901139	27.263619665637442	7.4840759152592238	20.510737006550215	26.243015849023987	71.679999999999993	63.410000000000004	61.080000000000005	0.0059031581462124314	0.010971846646741813
3.0800000000000001	5.6530425189449884	0.061703126070963801	0.03501474864754605	0.019029669005580847	8.3857633412137425	23.133742634554512	28.275534176779423	7.6210645216399175	21.072779049720499	26.816979865295412	70.609999999999985	62.499999999999986	60.320000000000007	0.005870047776259304	0.011473257468418206
3.1000000000000001	5.6980166401883299	0.059541075626031406	0.035430095927995786	0.043112746401319749	8.5816131722077742	22.715738066366661	27.628494953755688	7.8222954559430091	21.352646637104815	26.406050249917559	71.549999999999997	62.850000000000009	59.850000000000001	0.0058392461530772672	0.011391656675278361
3.1200000000000001	6.2079986320668405	0.051359426793119403	0.032616584616760688	0.020800799144879777	8.7429773244068549	22.647639965462233	27.520537366360323	7.6130313552298334	20.458279437549958	25.429858588551923	70.909999999999997	62.120000000000005	59.850000000000001	0.005841410151003131	0.011145231889181487
3.1400000000000001	5.4084257921732499	0.068116970292893514	0.033080151852727717	0.038456653125815546	8.3076895123629964	21.964458082812961	26.928570464868869	7.5341983703433071	20.36792120993038	25.615815544383917	70.849999999999994	62.760000000000005	60.260000000000005	0.0057996343276164302	0.010936335115718855
3.1600000000000001	4.8815705062539116	0.063915187377273058	0.035804919177637951	0.050159368875704158	8.53387824196348	22.233647176915266	27.086871581746607	7.7793452525546698	21.251448377259873	25.605470840236393	71.049999999999997	62.760000000000005	60.710000000000001	0.0057839434140257665	0.011124272740747823
3.1800000000000002	5.6956195824047402	0.056068696683949724	0.054306830794511575	0.034746088265103489	8.35614631966952	22.128180619336426	26.573172823159659	7.6882712987934498	20.523688513846501	24.763970157193018	71.310000000000002	62.620000000000005	59.910000000000004	0.0057593142148284308	0.011105429618529557
3.2000000000000002	5.9557678239199268	0.061413025072614258	0.021115883671195292	0.048804736241193566	8.4868133366082041	22.451645173525559	27.143563332134267	7.5475272043301089	20.557633988323854	25.460322426903641	70.590000000000003	62.570000000000007	60.29999999999999	0.0056884674923147515	0.010595698383361014
3.2200000000000002	5.4697408921977297	0.061740606446839777	0.029651655148049121	0.051904707852733545	8.6152162164603254	22.75340471301817	27.432758997515293	7.8632083743010384	21.426038059317886	26.17243661510134	70.939999999999998	62.5	59.679999999999993	0.0056826954661724789	0.010886776843208348
3.2400000000000002	5.7602830089095365	0.083909593056161746	0.052295487798334837	0.036080904585366183	8.5030131351651299	22.58148003016672	27.260861175426989	7.9697598298831966	20.970012119173056	25.197686702158155	70.919999999999987	62.410000000000004	59.75	0.0056716817584177891	0.010988100944458483
3.2600000000000002	6.1594378692839058	0.0461874587092162	0.020642996719480063	0.012123969582269283	8.4616375232733034	22.570767382007702	26.773781204255965	7.5978193985258642	20.302133625179948	25.265210420356304	70.480000000000004	62.519999999999996	60.229999999999997	0.0056308530807357617	0.010734029446409239
3.2800000000000002	5.8361144415094186	0.052393621867182459	0.0077634594372624089	0.018618735357613003	8.5700519898656005	21.936218629596048	26.219713865338981	7.9474800486496706	20.59852663128552	24.485151854576987	71.359999999999985	63.039999999999999	60.149999999999999	0.0055904656631005469	0.01027790431118622
3.3000000000000003	5.6907633519924508	0.042183454226155506	0.018907691659255942	0.017973713185807563	8.5032503360050278	22.670087518468499	27.290686462232905	8.0486695978174279	20.734514464032177	25.447925111258602	71.150000000000006	62.609999999999999	59.719999999999992	0.0055878468043773959	0.010559253048992264
3.3200000000000003	5.5880992652809702	0.072001122594832226	0.024015913315701704	0.019676744735475073	8.4772313214655473	22.387387168207347	26.545234996914921	7.6537212496729126	21.018746053274484	24.875855433117128	70.780000000000001	62.370000000000005	60.250000000000014	0.0055642969719416537	0.010595805224327553
3.3399999999999999	5.5196072853457547	0.0696295281084367	0.06350741676432678	0.034331965661020487	8.5228875647424776	22.181003628336036	27.228975622248424	7.6646759517037513	19.930916794943027	25.093302692846098	70.669999999999987	62.149999999999991	59.990000000000009	0.0055304742289193302	0.010447999702986724
3.3599999999999999	6.6987511855973407	0.043425716219264388	0.025137742257557112	0.023284237080767038	8.4189258028268803	23.051893042447595	27.418251134877153	7.7687801544652952	21.091702900032683	25.521325573397043	70.409999999999997	62.140000000000001	59.339999999999989	0.0055086674881349319	0.010366204171758651
3.3799999999999999	6.3269279406735777	0.075492030635791477	0.048196350256319298	0.02703190027183807	8.7332993573082582	23.058938302216124	27.553136311050213	7.7464954815005127	21.706447635010946	26.351929417929863	70.879999999999995	62.259999999999991	59.640000000000008	0.005467372795692889	0.010270773530059151
3.3999999999999999	5.8120619492220147	0.034011153270012348	0.030533954785429175	0.011030424475787956	8.5456728675793059	22.815351292582463	27.619594978309845	7.7824705939258054	21.648456436323478	26.286520278166385	71.049999999999997	62.039999999999999	59.210000000000001	0.00542756216553625	0.009953857114148399
3.4199999999999999	5.933792238837718	0.051963030273544632	0.027869530831813129	0.038098897381259725	8.5642563555873696	23.02195175728513	27.07529718297414	7.613967014275576	21.134193885482084	25.411564403260613	70.859999999999985	62.239999999999995	59.560000000000002	0.0054081682912896171	0.010160780402089547
3.4399999999999999	5.7329616162647987	0.058553172839129843	0.029664097683652753	0.020499264946648665	8.4460028580934043	23.524622644159713	27.702289653965728	7.9726847112894479	22.055519209162277	26.349346976429729	70.340000000000003	62.539999999999999	59.849999999999987	0.0054338698286971552	0.010753373486874277
3.46	5.7605529871861583	0.052315548783921952	0.032786875839183986	0.031960530780756793	8.7553807479910155	23.132592845372393	27.477554229139155	8.1279168508810216	21.333495730842309	26.242383903881198	70.879999999999995	62.540000000000006	59.75	0.0053555821695956112	0.010055026534335773
3.48	6.1346673631368791	0.062315151588689943	0.032175109115210668	0.040686849595515093	8.6474356427698105	23.117322589152867	27.35163012028109	7.8310486162379123	21.690126472140015	26.47273388214014	70.079999999999998	62.260000000000005	59.799999999999997	0.005363133412495967	0.01003148896047246
3.5	6.2302539937271559	0.045003202520443271	0.031813170295750176	0.0063841628419806177	8.8225149508981549	23.011138825011269	27.218831192708763	8.1078558358892341	21.384084052940505	25.647492766665874	69.909999999999997	61.359999999999999	59.609999999999992	0.0053606773319743494	0.009997036337144858
3.52	6.1541405367610444	0.069106667101841365	0.038877292824349007	0.015967516501780157	8.6126916455399858	22.673982637679153	27.140769101364874	7.8283846648093647	20.759493661784774	25.637898552068521	70.649999999999977	62.279999999999994	59.890000000000008	0.0053515581750954774	0.010136423603892523
3.54	5.7074266464833832	0.06167566652654595	0.012616813140105206	0.023045534054936038	8.851464173071566	23.482711294490137	28.324741573995301	8.2617189608164292	21.873216652789562	26.126554043145369	70.730000000000004	61.989999999999995	59.789999999999999	0.0052924095553372845	0.010094086462203028
3.5600000000000001	6.7185697222495264	0.037285825502112055	0.019823345450899772	0.01776642550777003	8.6406292455653855	23.73587418611362	28.073994579937146	7.7655664590923497	22.089022099987542	26.770499013231881	70.140000000000001	61.770000000000003	59.390000000000001	0.0052917544470735215	0.0099758309817874983
3.5800000000000001	6.2555783943916357	0.040814240470585308	0.041507864050283935	0.061438281605641486	8.7933430992266022	23.490031549167735	28.331642317366157	7.7223144247334812	21.534745218327867	26.268466512872909	70.609999999999999	61.320000000000007	59.519999999999996	0.0052362216928066169	0.0094629309248472054
3.6000000000000001	6.0442632851382729	0.040861579940646361	0.01813727461927676	0.044000703130370321	8.6605901691829583	22.970266199222444	27.419802820794906	8.0240498278472216	21.493305409838548	25.716493440091625	70.099999999999994	61.239999999999995	58.799999999999997	0.0052659444525656575	0.010088366847305083
3.6200000000000001	6.232764559475628	0.032936530391766652	0.018831976042905561	0.021853388574942033	8.5364990712521553	23.483454290325703	27.873089871725245	7.9425913713173957	21.887092767901045	26.812725106876904	70.629999999999995	62.509999999999991	60.259999999999991	0.0051974260702728429	0.0093162774494226705
3.6400000000000001	6.8514207717910276	0.059589021056155309	0.025716214729344083	0.021910493494448284	8.7797174444307267	23.451620818488397	27.764563960434486	7.9592066599093538	21.903647884590221	26.152322049838652	70.399999999999991	61.919999999999995	59.639999999999986	0.0051838842379023069	0.0096306411314394987
3.6600000000000001	6.1480808031806813	0.065940934112846489	0.022709055578116977	0.021519813011358271	8.7184445263888453	22.690816760726467	26.96262562692549	7.9402577771820022	20.705690022052487	25.38912777235338	70.239999999999981	61.420000000000002	60.079999999999998	0.0051818840681295128	0.0097232090518002048
3.6800000000000002	6.2729849209724025	0.046014404718231101	0.016277615464382784	0.011804078874961849	8.6271370774197624	23.591689409368858	28.322947539070316	7.7656149422549872	21.989089933953654	26.550067514790033	69.709999999999994	61.61999999999999	59.36999999999999	0.0051532346979261939	0.0098822403663203651
3.7000000000000002	6.6538030321932311	0.049878318092194715	0.014264984319346946	0.03221763711566189	8.8073927770097278	24.323830763261277	28.788183106835753	7.9718298374224847	21.933751106981777	26.889868885878862	69.989999999999995	61.399999999999991	59.539999999999999	0.0051329076196732614	0.0097730395624379233
3.7200000000000002	6.7067602392946979	0.041806627490758586	0.013977266693722895	0.025106654841163339	8.8092277430913644	23.520829388786119	28.420155581664073	8.2691709576408581	22.648154444973482	26.835647788577187	70.36999999999999	61.520000000000003	59.509999999999991	0.0050931195808345446	0.00956114438065289
3.7400000000000002	6.737370217768631	0.036842944892209087	0.019656444391536371	0.027104933259908502	8.7087258319880814	23.286655925991102	27.732118341634532	8.381198797017392	22.177478587073455	26.502593789666832	70.249999999999986	61.210000000000001	58.829999999999998	0.0050810426087445296	0.0091997009631606362
3.7600000000000002	7.2047968693970423	0.034654938090505349	0.030493877941180664	0.0062162608234312038	9.0077107699891581	24.906026045790046	28.947490808604925	8.0134886255647935	23.144739992037096	27.678177269464321	70.050000000000011	61.629999999999995	59.030000000000008	0.0050433164282460436	0.0091570456814805481
3.7800000000000002	7.3250263721433075	0.038021656796870348	0.0061272220059178806	0.028085494622866729	8.8039563187977787	23.771716474652187	27.906508329723561	8.0321737198841952	22.547197985251799	26.469634512092302	70.049999999999983	61.239999999999995	59.569999999999993	0.0050331535262837113	0.0093456789462599242
3.8000000000000003	7.2106624125387979	0.051615066523978383	0.029464282183117196	0.036916829482272581	8.7576730030789651	23.752561021274992	27.25332670554824	7.9955988658276596	22.215577059792196	25.987514969364941	70.189999999999998	62.0	59.489999999999995	0.0050503980618427655	0.0092862639957094397
3.8200000000000003	6.1212310435999395	0.034063210796531067	0.0086341048705701594	0.03376054004045502	8.700488157299155	23.584589272590783	27.416460361251534	7.8902289780186097	22.566534463869825	26.790644177382184	70.090000000000003	61.510000000000012	59.210000000000001	0.0049981464429809368	0.0091317147803302353
3.8399999999999999	6.4934677322104388	0.039429988463205008	0.018056196401208053	0.03695228534536267	8.9340249487917269	24.201654354801555	29.245799943437117	7.9926077876058743	22.463898453896437	28.159222521787171	69.989999999999995	61.640000000000001	59.470000000000006	0.0049829056623142071	0.0092993278129928046
3.8599999999999999	7.0515857273955875	0.051564136800154571	0.02722000386349141	0.027508733744315096	8.8599629540933869	23.438192934461284	27.560104322060777	8.1509246635339334	21.816696049807184	26.348946722238082	70.789999999999992	61.560000000000002	59.810000000000002	0.0049710540190290153	0.009182323456273133
3.8799999999999999	6.8128872292340734	0.039336575501083451	0.02999440845968087	0.021866757944095847	8.9267808205668775	23.896953071214959	28.083821392281966	8.170061857843109	22.448941580246274	26.833601206893302	69.769999999999996	61.399999999999999	59.070000000000007	0.0049522128373670881	0.0091520756130261983
3.8999999999999999	7.1228375961402621	0.051556323415790771	0.036528195028247029	0.047538919784918178	8.7410887763333083	23.906232812892561	27.952884868878339	8.1663429426374545	22.760750106805837	26.925334981309192	70.039999999999992	61.050000000000011	59.059999999999988	0.0049462243851065577	0.0090740021769095559
3.9199999999999999	7.1470314469005611	0.033244697042906786	0.0089700623130027461	0.011092549991457531	8.8744910952390903	23.975637864256036	27.766066423621545	8.3411763047818557	22.383483763326431	27.06859422694609	69.629999999999995	61.359999999999992	59.109999999999999	0.0048906100558471968	0.0087988674994843828
3.9399999999999999	5.7783887818772959	0.059117711504770673	0.019708341443140941	0.022731732544281093	8.8751320153727704	23.881866167795771	29.203458123763916	8.2585245813391843	22.179628953596833	27.827452245027636	69.349999999999994	60.910000000000004	58.639999999999986	0.0048871124853243084	0.0090646860476880746
3.96	6.9060868348264117	0.047354578544987258	0.035413557134472209	0.027721945782173386	8.712443787554367	23.694786916899467	27.767463946050079	7.8881184510637947	22.134115747495848	26.8219424429223	69.829999999999998	61.189999999999998	59.109999999999992	0.004890500116221541	0.009039382970158957
3.98	7.372736647840787	0.044170710587393872	0.023296119775376298	0.0085400992463495612	8.8298390826445008	24.106177780368363	27.867299945541056	8.2177626900779437	21.98706607709827	26.243878499145588	69.719999999999999	61.329999999999998	58.75	0.0048635552140291098	0.0086208106668790065
4.0	7.0677540827088441	0.041109909862615743	0.02600621309301112	0.014872550927622848	9.0026433602285998	24.092869191346654	28.217322857613613	8.3006547992268516	22.466376515296197	26.391342042142593	70.069999999999993	61.170000000000002	59.099999999999987	0.0048750271712923662	0.0089917840175599093
