f	stdf
1.39792189045241	1.5119337053714337
0.93248124196080662	1.271603078579806
0.7207218742325433	1.1343018164411904
0.59651258245775085	1.0389595543493508
0.51306888146316798	0.96803031486587576
0.45273846185886668	0.91198266507041992
0.40680098483326288	0.86583607216472147
0.37062008980699856	0.8263104165506735
0.34129386431459874	0.79178758199511012
0.31678572251843878	0.76182949207287298
0.29591121961568068	0.73564410655140178
0.27796505097907143	0.71226728843049514
0.26230972814464892	0.69141877665465523
0.24852249793810524	0.67267817495357174
0.23623885192012173	0.6558786133010519
0.22525419067434616	0.64059959890745433
0.2153751115429571	0.62655237800400798
0.20643180052929069	0.61362904106580474
0.19831542190327497	0.60152070502056432
0.19088992936124716	0.59031236435783929
0.18405378591157784	0.57997258392184192
0.17774744804813059	0.57035190424238347
0.17189684122705284	0.56142619630398616
0.16646660831593232	0.55297868928376259
0.16139713696612923	0.54510984302563026
0.15666080547323771	0.53771478151766983
0.15222549069744928	0.53066130969959668
0.14807030731885015	0.52390326908623641
0.14415213387245193	0.51755484874434254
0.14045763036883868	0.51159244799445913
0.13697707163968931	0.505856678333926
0.13368912946163908	0.50038473128307104
0.13057736079629875	0.49514560210957731
0.12763231606630884	0.49007831197597024
0.12483513450987667	0.48521608992790116
0.12218103053792728	0.48051994275524507
0.11965984652064098	0.47589903625573082
0.11725906630371571	0.47142731502706492
0.11496420945481924	0.46715170651668808
0.11277113862276428	0.46303700504197048
0.11068304612712555	0.45898176870654256
0.10868604647025427	0.45502885425861189
0.10677798905532415	0.451179055752501
0.10496151264711046	0.44739966352071808
0.10321911571599256	0.44372531248197278
0.10154433564271975	0.44017319987791831
0.099931027297559594	0.43673171908749037
0.098375345449779161	0.43339719288618922
0.096873881407785994	0.43017634464278004
0.095423852096530967	0.42703620506560608
0.094028456517119566	0.42388679117158901
0.092679969140262705	0.42079516659546229
0.091375799674131966	0.41776818151019995
0.090114318065844509	0.41477108656952377
0.088894483005118569	0.4118204949526808
0.087712994395117205	0.40893357972325567
0.086569976731759909	0.4061278517616444
0.085460081058510662	0.40340094512589286
0.084383573581768873	0.40071600545177788
0.083337042679795845	0.39810414647078979
0.082320701118278633	0.39554839586137813
0.081333703138202137	0.39304134188620837
0.080374784518861958	0.39058193339007036
0.07944089171258796	0.38818443603125707
0.078532106500453669	0.3858480201243174
0.077646623010817886	0.38357349604691432
0.076783266447137274	0.38135882889499029
0.075943205847251394	0.3791969334224497
0.075125097669753213	0.37707113108618157
0.074327029827219296	0.37499149824100575
0.073548857549932622	0.3729540862299584
0.072789541790083942	0.37095510321970138
0.072050348983768275	0.36898639244850395
0.071330893192310882	0.36706317431779623
0.070627950812437737	0.36518515980065636
0.069940561263161213	0.36334036804179703
0.069268282824607563	0.36148818524015941
0.068610750880143095	0.3596424306126596
0.06796714629663686	0.35783803755199162
0.067337516203912456	0.35606498065897091
0.066720780962589515	0.35432709622061315
0.066116881213078904	0.35260796569118052
0.065525833720319476	0.3509296724497592
0.06494628829289692	0.34928830936144162
0.06437820312069803	0.34768172982413348
0.063823943282621406	0.3461004082874316
0.063280175386997428	0.34453892412477871
0.062747434651386214	0.34299889183225735
0.062224912246974032	0.34148562713876984
0.061711236390621982	0.33996316283117911
0.061206163250601048	0.33843869063132886
0.060711430812940143	0.33693423057299626
0.060229255518250889	0.33544336393003277
0.059757490880289706	0.33396730430696042
0.059295024973310587	0.33249801819241837
0.05884082379300979	0.33104192799922738
0.058393081938902199	0.32958070850625226
0.057951435570037874	0.32811239427593614
0.057518090546371213	0.32666354053057989
0.057094425208113281	0.32523419232694117
0.056680318130415866	0.32382573262185227
0.056272847738699484	0.32243409483954238
0.055871563923835972	0.32106208092020644
0.055476485465923958	0.3197075826142734
0.055087367916368792	0.31836983584121081
0.05470402269042747	0.31704805874606756
0.054326298347761627	0.31574206552418815
0.053954026544314013	0.31445154163861666
0.053587029652764177	0.31317587863389973
0.053224443390850779	0.31189055535089755
0.052866704734429691	0.31061790903018804
0.052513612791631241	0.30935810759117455
0.052165042756540318	0.3081112050449597
0.051820823209791526	0.30687664429216982
0.051480821481426908	0.305653585447212
0.051146014514281517	0.30443201453314273
0.050815054462562584	0.30319798745919574
0.05048790595560286	0.30196844063188882
0.050164518955050634	0.30074774858441305
0.049844725379758155	0.29953306670515184
0.049528621930513217	0.29831518672178081
0.049217071500535947	0.29708878290775009
0.048908699388327523	0.29586825774405712
0.048603394087360682	0.29465315747986603
0.048301064571648192	0.29343866788564049
0.048001652847417392	0.29222126244922225
0.047705018848313331	0.291008880763099
0.047411085294035059	0.28980155697875404
0.047119763021471979	0.28859946600331793
0.046833824731177059	0.2874041403699002
0.046550741110767256	0.28621452155971733
0.046270119669957373	0.2850305003875428
0.0459918960385279	0.28385252146487377
0.045716017240454682	0.28268117967892697
0.045442382137907605	0.28151667101642475
0.045170540416529278	0.28034938062605103
0.044899818842465064	0.27916503000126885
0.044631212631603308	0.27798734348364695
0.044366985997420255	0.27683177058476605
0.044101968671948197	0.27566015508338082
0.043840325752591766	0.27451253363135897
0.04358230986921794	0.27338858936275595
0.043326681466096244	0.27227328017296476
0.043073448433489273	0.27116702506904045
0.04282263100438722	0.27007048309817577
0.042574308454035571	0.26898479296309641
0.042327492600812165	0.26789546924348934
0.042082800567745049	0.26681173881056841
0.041840646234574223	0.26573961068651636
0.041601113773718529	0.26467874024769911
0.04136430927939716	0.26362943780002629
0.041130321704076121	0.26259177002564371
0.040899201124979231	0.26156583598093863
0.040670962809970422	0.26055138610650114
0.040445817736913005	0.25953242027921547
0.04022706898414468	0.25841297791026863
0.040011367663902987	0.25729856860428912
0.039798707448857072	0.25619206131250827
0.039589063628717794	0.25509648797311085
0.039382595644443116	0.25401303705071709
0.039179502835497759	0.25294278256428826
0.038979626282216344	0.2518859049109477
0.038782378353836071	0.25084663727952611
0.038588013341989767	0.24982134599892128
0.038397450178698209	0.24881152587278058
0.038213530696293303	0.24780603707685087
0.038027696695999709	0.24685467331999661
0.037844828166209002	0.24591491916427535
0.037658486705498144	0.24500951829436537
0.037489719830723939	0.24418238355226435
0.03730726245392698	0.24338604868743763
0.037153928827040973	0.2426712601361363
0.03699417545495768	0.24192250679861266
0.036838279616490215	0.24118616297713644
0.036698052195287351	0.24044797354768258
0.036520638188206937	0.23966593330135852
0.036382767673596939	0.23896348991993069
0.036235273459820805	0.23811857615846355
0.036072646825022432	0.23720654336248972
0.036014882641529813	0.2366213644036253
0.035878432603300453	0.23577211399997094
0.035773642019807414	0.23514973790575208
0.035592600902306558	0.23408374558249559
0.035415992574773396	0.23347669255629178
0.035350421428935554	0.23304048904559357
0.035186453077393043	0.23207391577374512
0.035083761842246611	0.23183019919024681
0.034994070209667716	0.23133388569616425
0.034803567169457331	0.23046818333361993
0.034676060241736362	0.23003131020726908
0.034662307077304125	0.23004013791551758
0.034523280287497272	0.22954849709234174
0.034339802770193717	0.22873040357368116
0.034295366112552295	0.22880906109027513
0.03414430572124106	0.2278483880247851
0.03399349138160708	0.22752077721884373
0.03386078038566083	0.22654239438036911
0.033819707430296553	0.22682557872721423
0.033674690581720269	0.22600442539138538
0.033489511479412641	0.22557187893510325
0.033400251102313164	0.22498802874925539
1.3748220018341344	1.48970924341598
0.91937078351746926	1.2589275218361702
0.71414473568265702	1.1213975663469675
0.59229599404682864	1.0272364092124506
0.51040752351020224	0.95648164817916015
0.4510385442414101	0.90022078288025276
0.40556706826773398	0.8543406344633494
0.36953941281384606	0.81575687968787491
0.34021312076762489	0.78252852989215682
0.31577281086170589	0.753628397052855
0.29513968043400329	0.72778792497440992
0.27745304188371744	0.70448246743755216
0.26206101353906386	0.68333408791461892
0.24853120866927528	0.66392233430605196
0.23647252313125433	0.64631050583147176
0.22566828417429302	0.63019312701939845
0.2158991885742903	0.61548808474878691
0.20701427321500085	0.6020403218210193
0.19889966368910009	0.5896643083696973
0.19145326253403869	0.57828058597678667
0.18459835460092536	0.56775573106969235
0.17826782508192282	0.55799890185975187
0.17241090344147972	0.54879426447110979
0.16697696359185932	0.54009875164682475
0.16191549932337107	0.53193180277909791
0.15718892035981899	0.52419782075224508
0.15276132472615081	0.5168903943869495
0.14860169427440484	0.51001927833383243
0.14468937214444844	0.50350315813377167
0.1410260393696704	0.49719677640187909
0.13757751463078516	0.49116359643007196
0.13433123550795356	0.48534432983159148
0.13125309594158563	0.47980094841678345
0.12833646495730353	0.47447959176287263
0.12556717485111235	0.46938831839814837
0.12293430267553206	0.46450892953081291
0.12042610175565897	0.45982962920288489
0.11803374156729914	0.45534305180666851
0.11574806266098883	0.45104068427774247
0.11355829917131692	0.44693670505999816
0.11146098962555365	0.44293973064234399
0.10945098295275653	0.43904973458462476
0.10752300511252641	0.4352425982667224
0.10566882274146419	0.43153824551055037
0.10388326324290457	0.42796590150692737
0.10216352184673014	0.42450418140324059
0.10050810494530919	0.4211052295623553
0.098913148405227982	0.41778689448483108
0.097374067524098676	0.41457366737393037
0.095886950024707623	0.41146795351899396
0.094447551568756158	0.40840831008434986
0.093053674089305441	0.40544196687894046
0.091703569788058492	0.40257631304767677
0.090396990200219365	0.39978822171816231
0.089131152547419157	0.39708324872490619
0.087904752880316017	0.39445978389384978
0.086721470790559613	0.3918972095994453
0.085577558842535248	0.38941257342745289
0.084469362197954631	0.38700796484430672
0.083396277503244326	0.38467187994373603
0.082356784201463015	0.38242331252604617
0.081346568717913167	0.38025429540786143
0.080371236523103851	0.3781456595799999
0.079426024939231218	0.37604318751764299
0.078506964230841109	0.37398453797678283
0.077612159189243177	0.37199344220159419
0.076740690531306999	0.37006732116674468
0.075891627402000866	0.36820463150648408
0.075062574543090774	0.36635517256945138
0.074253775946038575	0.3645511101485775
0.073464797705867377	0.36280481400706577
0.072694206608576936	0.3611107352992885
0.071940956933636654	0.35946502460598212
0.071206558250525284	0.35785696426894392
0.070489540277264826	0.35629817183811152
0.069790682409600763	0.35479122785056533
0.069107495254110266	0.35331793980387999
0.068439644568197261	0.35186430682278114
0.067790257672983925	0.35042846149464774
0.067155426397640161	0.348993956933905
0.066534228771235507	0.34757684695685864
0.065928070183920315	0.34616921452757732
0.065335861324301678	0.34478107508723965
0.064757469726316852	0.34339995704848375
0.064192097560575451	0.34202950947358485
0.063639605807734492	0.34067588809396054
0.063102566374914473	0.33935716793618059
0.062581280380251611	0.33807774939166296
0.062070819050794784	0.33683010311084338
0.061570852134300601	0.33561377775849505
0.061080638558673454	0.33441880931630968
0.060597286540164184	0.33319034422751803
0.060122734830977034	0.33197591489989253
0.059657641493566518	0.33077878958221674
0.059201402472446103	0.32960211824596863
0.058753529219121352	0.32845053920081019
0.058313780581149499	0.32732390471121081
0.057882248930854842	0.32621931643945101
0.057460322687270804	0.32512490019318557
0.057045602141161209	0.32402202113887058
0.056637998890147395	0.32292461756136248
0.056237349317008904	0.32184584022140472
0.05584347295277766	0.32078722209488852
0.055456267659150155	0.31974818533276905
0.055075568941393371	0.31872791638796033
0.054702938629337755	0.3176696868968501
0.054337131344529672	0.31661396931264874
0.053977269602987384	0.31557566304220858
0.053622919738042105	0.31454208044685694
0.053274161802664692	0.31352013860134581
0.052931748805424554	0.31248281801388367
0.052594189305112178	0.31140605741748989
0.0522625547074409	0.31030552475701567
0.051935025944499842	0.30918344989417657
0.051612009872159373	0.30807174367065732
0.051293189514378709	0.30696575201647774
0.050977525764238529	0.30584309647628549
0.050665946520838175	0.30473206219065729
0.050358334000324897	0.30363283347742726
0.050054588007501552	0.30254548298145917
0.049754556965194513	0.30146978694673321
0.049458139733379015	0.30040649907382344
0.049165322624456269	0.29935150215490725
0.048876554285977133	0.29826419955388078
0.048591160189155685	0.29718495284705959
0.048309017806121859	0.29611458154995313
0.048030016435700276	0.295053079862439
0.047759027917602864	0.29400761501524086
0.047492444442915401	0.29297425320557924
0.047228102096244041	0.29193608146456418
0.046963970213101211	0.29085459950712489
0.046702759029796925	0.28977835124459028
0.046444305705912702	0.28871061031256928
0.046188610330934562	0.28765240450188534
0.045935589471419028	0.28660358497248761
0.045685167968171202	0.28556433592657621
0.04543729565881182	0.28453521749018995
0.045191954600157222	0.28351647186234658
0.044951720350775569	0.28250332665143113
0.044718995083833972	0.28149991908302935
0.044491223972286678	0.28050223192736101
0.044266177016613596	0.27951194560960346
0.044043647527987687	0.27852934739865354
0.043823618957595248	0.27755466356996034
0.043606089398366549	0.27658778211075424
0.043390941570981792	0.27562837230072512
0.043176919104400177	0.27466551376318893
0.042965015008149074	0.27370856575596558
0.042755365336328031	0.27275914805079149
0.042547932366915925	0.2718168817356284
0.042342665229341964	0.27088194382319719
0.042139540956769313	0.26995453447122791
0.04193856441609236	0.26903474624696039
0.041739723070730178	0.26812239699602336
0.041542956673000869	0.26721729802450106
0.041348299864840725	0.26631984264842967
0.041155980701791398	0.26543034462673509
0.040966206438201376	0.26454890877068643
0.040781568350051416	0.26366941584552261
0.040609556925280392	0.26278846481676399
0.040442337860891645	0.26191959587000407
0.040280995785512648	0.2610686865044759
0.040127197356262898	0.26024732452819194
0.039984765552089137	0.25947950758842403
0.039855341203978732	0.25878746341138442
0.039730793025112975	0.25814366654706772
0.039618217532087711	0.25761788893397125
0.039524516134899643	0.25732015299804223
0.039503243053030761	0.25782057162815131
0.039516078291837259	0.25922042090776243
0.039519378501340678	0.26091696800317538
0.039524807344055161	0.26282019986419608
0.039472590104387945	0.26415274708129516
0.03939107407334147	0.26513960297027689
0.039294673693715976	0.26588217049208218
0.039189394260912051	0.26644880668184906
0.039078029336411288	0.26687559091240265
0.038963153040155109	0.26721473492293052
0.038845690399544372	0.26748507358906604
0.038725907661372613	0.26768300506780013
0.03860420668137314	0.26781276418821348
0.038481227596932163	0.26789495052531132
0.038357575959902364	0.26794666448600113
0.03823395430098301	0.26798973138262289
0.038111928193513625	0.26803228590556644
0.037989080156861928	0.26775930401156617
0.037867501522763865	0.26745962947744778
0.037751470868025487	0.26716661644170475
0.037632079188958556	0.26677674763212966
0.037513434183296938	0.26637110057859553
0.037398582248566813	0.26594249891226202
0.037283108835937696	0.26554383070572257
0.03716780850894031	0.2651366133831945
0.037054036717018832	0.26472729046614824
0.036941737383972224	0.26431674172642533
0.036830703010085612	0.26390330870483009
0.03672104143422622	0.26348748695438007
0.036613938869392217	0.26309110855080742
0.036518375360428915	0.26286822301243462
0.03642067201859666	0.26266883535045354
0.036326324482109026	0.26273753412924078
1.3941110071116918	1.5111900251064456
0.93512706638240528	1.2695893992501754
0.72867066742569042	1.1227031553519249
0.605179025797426	1.0217180971258997
0.52105765934318515	0.94767422952289837
0.45961358742563996	0.89020584161519156
0.41252828265772734	0.84394405096313219
0.37530249269742116	0.80506523249093409
0.34518969391020538	0.77129480247756088
0.32014446225473797	0.74188007889673202
0.29896566760978543	0.71569694201959866
0.2807951399276899	0.69213080960025064
0.26500875641292176	0.67059050616328408
0.25110463448188802	0.65103156229114023
0.23874428276164433	0.63321839398630597
0.22766022455994284	0.61697571413660579
0.21766674633065522	0.60206636498721033
0.20862138527182525	0.58825699853242497
0.20038075930693916	0.57540377116453723
0.19285377972381673	0.56332546337525358
0.1859333986851604	0.55203343142188399
0.17956592200320987	0.54139175137654427
0.17365923981190196	0.53144276893369902
0.1681562956000863	0.52214485159403601
0.16302255179109559	0.51336206724926126
0.1582215995382166	0.50499895560246222
0.15372714593105855	0.49701087271424399
0.14950155005986046	0.489452738417338
0.14552140468916269	0.48229485113348497
0.141772358600809	0.47545143667945811
0.13823151658815727	0.46892723067434272
0.1348807804542547	0.46270686355055957
0.13170461922870533	0.45678284687850457
0.12868783490691071	0.45114939875752513
0.12581825393626375	0.4457473362764594
0.12309634483798815	0.44050932691537692
0.12050575031599718	0.43544125511271958
0.11803338822836662	0.43057024704221181
0.11567843641362655	0.42585567372017641
0.11342758006811544	0.42129235105256813
0.11127299076118354	0.41688530266248608
0.10921087036239398	0.41264333611842496
0.10723213270414214	0.40854903676812998
0.10533124635324279	0.40461146093701172
0.10351402070222872	0.40074742924490875
0.10177245690518501	0.39692918046673503
0.10009990471986244	0.39322206471824295
0.098487855531919258	0.38963469187517108
0.096932342011837466	0.38618133226186785
0.095430589260218995	0.38285883516290536
0.0939811727838923	0.37964918096853278
0.092580146731967627	0.37656114477551345
0.091227018087305017	0.37356883673052477
0.089916857886168253	0.37065735948528455
0.08864931770987125	0.36783160874943266
0.087422243561763396	0.36509991117469287
0.086236580020969344	0.36245397484814545
0.085090263906139538	0.35987062249300461
0.083978293583187605	0.3573405845958359
0.082897427602140514	0.35479066768054746
0.081848808025708278	0.35230179196155637
0.080830457498470218	0.34988691119787513
0.079839815148365259	0.34754363632533369
0.078875723639692474	0.34526796380004249
0.077936142166281627	0.34297556817452735
0.077021836540801997	0.3407067022905711
0.076130694983278985	0.33849829340209353
0.075261813739827044	0.33634982677309322
0.074414384806983216	0.33425925383235672
0.073587587200355922	0.33222471164173689
0.072780624746541553	0.33024459022033481
0.071992787442062542	0.32831777221558661
0.071224755647479279	0.32643764910712902
0.070475089839747346	0.32460346953991942
0.069741439932650126	0.32277297522395793
0.069024949666014093	0.32092638501471643
0.068324204536433425	0.31911934301366102
0.067641585268625473	0.31733372911889768
0.06697393922198433	0.31558499279875607
0.066321343162553448	0.31386931837419374
0.065684573118210812	0.31215543778322868
0.065061571621970987	0.31046020084017051
0.064451374077789572	0.30879727080218961
0.063853660835496387	0.30714753365532321
0.063269207583066658	0.30550691641566374
0.062696678244263129	0.30388970615075128
0.062135546599764106	0.30229782911334879
0.061585641595376467	0.30073102070579566
0.061046145541765483	0.29919004665334031
0.060516739639297788	0.29767330628901367
0.059997135101059286	0.29617970690902234
0.059487043922795989	0.29470790091136528
0.058986059485882973	0.29325322673327603
0.058495346324744554	0.29179308777727364
0.058013515718725372	0.29035249956504794
0.057540243220808363	0.28893091293098661
0.057076820392929807	0.28749494986485225
0.056622870905378743	0.28605818336378791
0.056176743163927199	0.28463792812338551
0.05573841271031621	0.2832308580696849
0.055308708540998099	0.2818161542157554
0.054886186467928852	0.28041678087958916
0.0544706600632568	0.27903252737408307
0.054062009378410013	0.27766281264754172
0.053660957797459857	0.27629736787605091
0.053267568201119345	0.27495226905071241
0.052881939577894846	0.27363255388321339
0.052502759289627832	0.27233242132869934
0.052129713102169122	0.27105069621647709
0.051762652905614499	0.26978751811834939
0.051401421765343	0.26854300279458782
0.05104586852296835	0.2673168744425104
0.05069587417332367	0.26610914281666848
0.050350950726699921	0.26491021863666731
0.050010118425030683	0.26369801917773061
0.049674432096214485	0.26250308474175349
0.049343782450991434	0.2613252422092126
0.049018069755284333	0.26016435818765571
0.048697197671073361	0.25902057555515912
0.048381058037921566	0.25789364041533153
0.048069939930428435	0.25678511476803634
0.04776314404681186	0.25568876590646178
0.047460746659205973	0.25460969824647744
0.047162270652277009	0.25355332519431989
0.046867918774463294	0.25251571460292255
0.046577707797303941	0.25149553851918294
0.046291575488671216	0.25049283245938853
0.046009443913326578	0.24950744841842531
0.045731263041373302	0.24853839230095706
0.045457047025299097	0.24758034874128695
0.04518661389672618	0.24663995186475413
0.044919905162995814	0.24571759706722202
0.044657001785732939	0.24481187122578255
0.044399229326607073	0.24390766775998304
0.044146284633314416	0.24300667087308078
0.04389688528981027	0.24212232315516116
0.043650971633416705	0.24125461814905552
0.043408502210742439	0.24040357209453828
0.043169130233617611	0.23956153801911942
0.042933066017111013	0.23873649090190857
0.042700293090075253	0.23792940082723896
0.042470747667123401	0.23714077381794943
0.042244218948419232	0.23636161348167509
0.042020631891853934	0.23559234629858289
0.041800092938311946	0.23484259974769817
0.041582174313730402	0.23410690998283659
0.041365990351851609	0.2333721386833604
0.041152867365430446	0.23265935500618437
0.040942740081450719	0.23196864098996234
0.040735917536283903	0.23128379779906322
0.040532172607387194	0.23060673838614382
0.040331070457918422	0.22994864989187561
0.040132588620642395	0.22931022758284206
0.03993670659070081	0.22869216011460874
0.039743558333443292	0.22809204128341304
0.039553106857888154	0.22751146114145615
0.039365217538993705	0.22695317246905489
0.03917987938178237	0.22641805007346807
0.038997037796101953	0.22590609874993517
0.038816684411587983	0.22541827158010178
0.038638828485837197	0.22495561174597836
0.038463449451730067	0.22451847737058819
0.038290495410264101	0.22410618513305075
0.038120279700309685	0.22372436375300214
0.037955889860828235	0.22334988017713786
0.037801077633608744	0.22296294687966495
0.037646836578083771	0.22258189787426297
0.037497764339908278	0.22215476200627957
0.037348607276828136	0.22174885446805045
0.037203101865182095	0.22139672409565256
0.037069993196635211	0.22118561387114663
0.03694435008975093	0.22107140489616675
0.03681714833536999	0.2208971234550606
0.036692753281379664	0.22074759385673404
0.036565957323348927	0.22054662910742043
0.036441368334111483	0.22036937471203269
0.036476689039157018	0.2226149488421785
0.03640363791289055	0.22385302065317877
0.036288261326720542	0.22413541352953489
0.036180230389661776	0.22464663864451356
0.036076263414969091	0.22532449946039915
0.03595432780269401	0.22546979135849057
0.03583749901139497	0.22592193186115578
0.035708225395716997	0.22599355015617978
0.03557138428241801	0.22569561209401651
0.035432688166480292	0.22527530089530934
0.035294173817682815	0.22477176915352887
0.035155260779796436	0.22419049884422929
0.035016395886383958	0.22357330022573205
0.034878192050822106	0.22295312693548727
0.034740674391908484	0.22234995415218209
0.034603706070179589	0.22174975478310008
0.034467707462377505	0.2211543647894704
0.034332615545657634	0.22054874412868028
0.034198940629125485	0.21994965675693703
0.034067302853075229	0.2193416320631929
0.033936990843813311	0.21870861322960114
0.033808478580093011	0.21807848826068241
0.033682484946694138	0.21748829627582572
0.033556798161084131	0.21688631549348458
0.033437508718215998	0.21640721322201703
1.3761213384091333	1.4631664124204533
0.91496188931578382	1.2321054569568102
0.7101655376456526	1.0920912639112923
0.58966260069814214	0.99352128607254786
0.50799323412376451	0.92030965396000308
0.44810502440051597	0.86383936270778772
0.40215080847401558	0.81838392342923971
0.36584806424030808	0.78008652829025316
0.33628716773274503	0.74735712403163546
0.31164636681700986	0.71906333262129374
0.29074420381170551	0.69431937221950646
0.27268916784260916	0.67275019549023685
0.25699292640063737	0.65351642702968182
0.24319304827552266	0.63631104544316563
0.23097222543166609	0.62070552837399373
0.22010491948943081	0.6063321887720251
0.21038026816945121	0.59292796330940423
0.20161846296375535	0.58032348507491416
0.1936672634799245	0.568500442218002
0.18641855699316945	0.55730965423903167
0.17975693046208327	0.54686777436342571
0.1736324821764475	0.53700620887440942
0.16796762367101462	0.52772972626247849
0.16270523251800989	0.51901926734838455
0.15781139493367208	0.51079166263900133
0.15325005862349672	0.5029212631247475
0.14897310588983331	0.49542548378429174
0.14496806285748523	0.4881413802435739
0.14120120868099612	0.48112492521323641
0.1376473628484246	0.47442143684783639
0.13428338585742794	0.46805786499526897
0.13109482718804408	0.46198836494261047
0.12806951437335573	0.45620045190896596
0.12519537580817958	0.45068799501666329
0.12246103306580018	0.44544849724240754
0.11985908927131664	0.44045710882317335
0.11737815200849018	0.435672681895861
0.11500852377332879	0.43110908947762056
0.11274632565325422	0.4267213409849312
0.11058389535850771	0.42247898893353686
0.10851605337412752	0.41835218509527239
0.10653042657741486	0.41441683989540884
0.10462978725239398	0.41057433166735818
0.10280734105530283	0.40684667399583402
0.10105342690700422	0.40328027465927757
0.099366137862687776	0.39985306021306527
0.097745619989942467	0.39650968531401642
0.096183709018806574	0.39328857141839962
0.094677275268873734	0.39018717462770375
0.09322434349204578	0.38719589229127988
0.091820582503007189	0.3843256264191659
0.090463914002500145	0.38156794954743334
0.08915491027390092	0.37892940167180361
0.087892142685760802	0.37638995498841371
0.08667020405271525	0.37393863600561172
0.085486623751245508	0.37158220561718819
0.084340594854704493	0.36931196183482912
0.083229850432791991	0.3671340313593357
0.08215340089318468	0.3650466524091821
0.081110995354249468	0.36303817137082323
0.080099503911470693	0.36111793415828208
0.079118818267091773	0.35925222603105883
0.078168851956400484	0.35744932573634136
0.077246568588516515	0.35569891869380182
0.076349692374237402	0.35397898957859397
0.075479295787776665	0.35218562384807506
0.074633689118930507	0.35037978842277717
0.073810846602702387	0.34863251036391746
0.07300906072276743	0.34694107745295194
0.072227417554865669	0.34528748273262905
0.071465130355475165	0.34367849974261944
0.070722044663315373	0.34212364845926446
0.070004221421889154	0.34056708574360967
0.06930579904079702	0.33903369992042542
0.068624712443280889	0.33754021352316699
0.067960762124305796	0.33604150133476512
0.067317336395869398	0.33451020309394536
0.066690903133383994	0.33295700531331424
0.066080931421260355	0.33142806249529294
0.06548366778526965	0.32985137179868423
0.064900464526926771	0.3282868518515461
0.064329547656638397	0.32674794350800729
0.063770036805899766	0.325223714799666
0.063221574983015671	0.32371732629402583
0.062684106192724326	0.32223928438009597
0.062157429098908583	0.32077957769907278
0.061640871564228442	0.3193478108633343
0.061134051498135361	0.31794512895668081
0.06063658376874359	0.31657184969718599
0.060148126679439314	0.31522738877522577
0.059668413317589097	0.31391179583854184
0.059198956483700341	0.31259985690799574
0.058740180264077506	0.31129514565353528
0.058289249465283119	0.31001627258721975
0.057845927460671631	0.3087637628548548
0.057410657933803039	0.30751716086853698
0.056982572090636452	0.30626218883893114
0.056561338541724279	0.30502936876557768
0.056147221229219099	0.30380013669514
0.055739519779145583	0.30257137863454281
0.055337164422401414	0.30134297023826223
0.054940150545587332	0.30011723354870001
0.054549034528789835	0.29891386466493991
0.05416368139011013	0.2977333313283011
0.053783931932982532	0.29657523087522536
0.053409662020661788	0.29543967310964669
0.053041488669698524	0.29431475276155028
0.052678721069706932	0.29321019072060522
0.052321139874949553	0.29212778328764577
0.051968619614580033	0.29106725795116739
0.051621105697348138	0.29002891879163933
0.051278544216618017	0.28901331450185636
0.050940846772370707	0.28802000013967266
0.050607946219512326	0.28704878975951847
0.050280107312676604	0.28609277378744663
0.049957036807067659	0.28515406426357282
0.049638564009089566	0.28423352044050271
0.049323278495102256	0.28331546611340752
0.049011290525538716	0.28240409607240885
0.048702169320488667	0.28150580302714756
0.048396806624353528	0.28062838689865971
0.048095107693390281	0.27977290289379142
0.047797492661736586	0.2789444724741984
0.047505574562315897	0.27813928562074008
0.047220478054701379	0.27728466932053536
0.046939397387145365	0.27641664279580397
0.046662691658935773	0.27555885456339341
0.046389648314122976	0.27471746623276655
0.046122134374875744	0.27389627360594149
0.045867773444099216	0.27310652003729496
0.045617077681096962	0.27233226524343956
0.045370022033170934	0.2715744017996683
0.045126550576614195	0.27083385783504083
0.044886566928563111	0.27010989694878862
0.044650035855498697	0.2694029004977132
0.044417004872366869	0.26871422635477932
0.044187999675525162	0.26803863157256452
0.04396436320038026	0.26734752262411682
0.043744415803281131	0.26666917040709165
0.043527874725086672	0.26601062038749851
0.043314747926294798	0.26537411148943052
0.043105055104236442	0.26476206815728187
0.042898808154850351	0.26417747823234283
0.042696054610502784	0.26362265090349418
0.042497134098800286	0.26309700744741016
0.042304468412772807	0.26258332791580208
0.04211722532334327	0.26210874794642097
0.041935499552268572	0.26169463677286181
0.041760127699658707	0.2613633737205327
0.041589227518882249	0.26112082179016932
0.041425863236103845	0.2610351551537019
0.041256632071614494	0.26094275070668865
0.041080346636504513	0.26078042736372525
0.040905565361981901	0.2606671308560744
0.040733159490078705	0.26061566914998463
0.040563970838946715	0.26050980733977974
0.04039477539045791	0.26033068075015764
0.040223216231735796	0.25970846767835731
0.040058692800942999	0.25953606341037772
0.039896558659482127	0.25938322130933605
0.039751238465180194	0.25793346224350366
0.039607660471203107	0.25782277194741199
0.039471174965591986	0.25787077792647228
0.039333805387812691	0.25794232218503887
0.039196739040949904	0.25795626319006293
0.039063904896077709	0.25800737630353188
0.03893380320176746	0.25804436415684251
0.038803839348528553	0.2579955966227494
0.0386719497027136	0.25784868327841298
0.03854079335300542	0.25768306298836791
0.038410567502130503	0.25751107384212624
0.038281336861568122	0.25733537440026655
0.038153360182845902	0.25715820677903778
0.038026881876081151	0.2569816594743079
0.037901808918208865	0.25679243212164554
0.037772890863695112	0.25644618835919086
0.037645096404571074	0.25593197398780598
0.037519248841786451	0.25535652469608205
0.037391061775167302	0.25466130393189002
0.037272742775817748	0.25407692958712141
0.037157794437897712	0.25351914069729825
0.037044917240357522	0.25297140269849677
0.036933399100633577	0.25243125699082425
0.036823453369633538	0.25191257650714816
0.036713427341236372	0.2513915054597563
0.036603010016630876	0.25087125992285558
0.036492996500088595	0.2503641753654825
0.036391797579488024	0.24989082295820811
0.036301973821969639	0.24945805973109408
0.036212227421137652	0.24907659573060817
0.036122368114933238	0.24876135310166586
0.036032289491196481	0.24853784120075964
0.035934893267632349	0.2482774520446151
0.035811529134814689	0.24762164473953646
0.03563518768501496	0.24638902860327644
0.035442530950437201	0.24500114519165844
0.035081853752037484	0.24462231148512112
0.034884714354239163	0.2443892337713057
0.03480138913284242	0.24447540445994667
0.03469004679172636	0.24391551950561355
0.034608901490442504	0.24410189941995053
1.4303526136192373	1.5339024373924464
0.95541063768380308	1.2874226102915238
0.74076638969090525	1.1425934924768617
0.61322979577268288	1.0441777741484912
0.5274626458072269	0.97076166820947618
0.46535787202666928	0.91260983529322759
0.41818565612238534	0.86435984806620758
0.38088821555901936	0.82358884767291152
0.35056318497421535	0.7884707738273542
0.32543380202719874	0.75728236168512053
0.30404837121793465	0.7298040946390616
0.28560635258854178	0.7052229136607886
0.26955765434093898	0.68296081815332266
0.25541014913616983	0.66274481620727488
0.24281918167598843	0.64432759392350336
0.23152522288160507	0.62753559520231739
0.22133830441274549	0.61211081047246008
0.21209732372912299	0.59792312808837567
0.20369337883080754	0.58476545117084688
0.19599884520561889	0.57255001848128328
0.18892985963148426	0.56116218258797523
0.18240749013151356	0.55052853496271326
0.17638253644548968	0.54050543663288175
0.17078644266235396	0.53106613781116419
0.16556670542696703	0.52221644682103097
0.16067720788967438	0.51395861366738871
0.15610127214701441	0.50613515217993266
0.15181514138131991	0.49867904719347111
0.14778907927359056	0.49151828960629179
0.14400001798417292	0.48465466915557437
0.14042579720968623	0.47809142316448267
0.13704531161020664	0.47182060756897376
0.13384649367917609	0.46581141755902528
0.13081064206668663	0.46008566174786358
0.127925441599783	0.45460722095740463
0.12517917128518746	0.44933273083053948
0.12256830332981428	0.44426989473013595
0.12007984202519902	0.43942066581264483
0.1176982727747614	0.43481836358784809
0.11541735884751415	0.43045106937373018
0.11323632527031643	0.4262775850312242
0.11114958457035877	0.42224416340647369
0.10914720465153477	0.41838109297482834
0.10722372259299781	0.41466264010676895
0.10537830768430657	0.41097387870229068
0.10361135017215807	0.4073389107505293
0.10191616833193984	0.40376871707089612
0.10028301653344793	0.40031314955359681
0.098710762789645995	0.39689240888779798
0.097193301669091695	0.39357688833431353
0.095727190308099633	0.39037288701752965
0.094309394513543074	0.38728607145077043
0.092943327859422137	0.38426143269615465
0.091623016721047487	0.38130330970398041
0.090347239618429151	0.37837624396027614
0.089111997854480735	0.37551897438878146
0.087914093362775475	0.37275251542532023
0.086752985358281853	0.37006364149044002
0.085632589707171816	0.36745050151749509
0.084549608044328636	0.36485053955811891
0.083498539973273528	0.36230706299990434
0.082479226149423171	0.35976895509966766
0.081486791814761927	0.35726878966649916
0.080520865783854409	0.35481820493374089
0.079580160778390654	0.3524309823388071
0.078663587991234296	0.35010525265193565
0.077770220393943504	0.34783729910512112
0.076900330612038409	0.34562714412026774
0.076051705796857758	0.34347159084807544
0.075225406622300622	0.34134303580820119
0.074419410621937146	0.3392416202886932
0.073631263871476824	0.33712994575471805
0.072860998325370518	0.33506135416471527
0.072107972084296645	0.33303168377642889
0.07137144657222172	0.33103391181132097
0.070650640817702143	0.32906064381135564
0.069945323866703671	0.32713009913118984
0.06925673682736655	0.32521847613975757
0.068585295619921244	0.32331790891983209
0.067928600065959827	0.3214331313700608
0.067285325374742355	0.31958320443626004
0.066655050294004647	0.31776855196199383
0.066038263723435242	0.31598517730761194
0.06543769899701124	0.31422060076300368
0.064848873578208774	0.31248399207964339
0.064272143817945868	0.31076310009630187
0.063707445991180514	0.30906579869627665
0.063153471445524953	0.30739829006639779
0.062609840617853726	0.30576047968345038
0.062076042923536918	0.30415103255009279
0.06155171969944051	0.30256415920498075
0.06103627430376956	0.30098973348845554
0.060529865233814845	0.29944613284814847
0.060032207682126325	0.297933509649635
0.059545134262067416	0.29642395763985019
0.059067372182993412	0.29492158706100818
0.058599614633361954	0.29343326889776916
0.058142163416214136	0.29197449578330276
0.057693126514857508	0.29055756453065978
0.057251538641878499	0.28917012801541442
0.056817204477003898	0.28781279584164998
0.056389932531015236	0.28648675738573681
0.055969552875452508	0.28519209395985767
0.055555892341934261	0.28392944063562259
0.055148765247250368	0.28269969667216854
0.05474806572438827	0.28150453965620487
0.054355525139560053	0.28029832476529876
0.053969465005465289	0.27911253992760754
0.053588958663357715	0.27792772171520946
0.053213633371582705	0.27672934274304528
0.052843781498392431	0.27555421311673156
0.052479267452553886	0.27440514740961919
0.052119941082975754	0.27328206465652694
0.051765690266671979	0.27218505257854125
0.051418362803483796	0.27109654628137358
0.051078357313388549	0.27000780562784177
0.050743429885439097	0.2689356324797299
0.050415162240033631	0.26786905620708246
0.050095208294378427	0.2667896248358968
0.049780530349448113	0.265733471417546
0.049470507414076569	0.26469083620385586
0.049166472621257874	0.26367139800395339
0.048867908098951335	0.2626740763017959
0.048573372292980324	0.26166528036998443
0.048282952937875989	0.26066533607051595
0.047996534822934887	0.25968007937293802
0.047710273820906909	0.25864817960078562
0.047426460084294249	0.25760174965743055
0.047146067046313307	0.25656650648917706
0.046869344571158107	0.25554671752736347
0.046595703898155677	0.25453887757807747
0.046325026917308977	0.2535430130074563
0.046057228549873895	0.2525590362613882
0.045793484277385471	0.2515872691768003
0.045534046369638953	0.25062846824018192
0.045277472701576019	0.24968228580784113
0.045023685533064503	0.24874772672090786
0.044772564530620021	0.24782537611451672
0.044524038174722079	0.24691523368967769
0.044278016651511695	0.24601745790692611
0.044034909401919349	0.24511837322908758
0.043796736272402458	0.24416076805391726
0.043561721179520008	0.24321226645804822
0.043329866069800799	0.24227522994866763
0.04310060185117804	0.24134545271964372
0.042873876051131382	0.24042357996592092
0.042649605004245278	0.23950958699307243
0.042427737689721447	0.23860430570052943
0.042208218465590107	0.23770800735948713
0.041990995621590546	0.23682097265623603
0.041777838319400934	0.23593471426012097
0.041568671008912372	0.23505014107717306
0.041364733755865413	0.23417343441641533
0.041163970792320412	0.23330611303901574
0.040965842065496881	0.23244834135365028
0.040770278284930461	0.23160067304992021
0.040577213264919851	0.23076356182754282
0.04038663153314552	0.22993732372506004
0.040198503785290447	0.22912269396426299
0.040012805008235675	0.22832003215851956
0.039829671248642048	0.22753046060403834
0.039649040235052807	0.22675431209608093
0.039475513397085729	0.22601874846090581
0.039310285663514279	0.22533683391331355
0.039148958638392323	0.22468859093635341
0.038988517839814017	0.22404513032716372
0.038825016393663557	0.22336221431382375
0.038661272099385406	0.22267303823214524
0.038494906814184944	0.22195377240342948
0.038330524448396415	0.2212461634553532
0.038168045806147119	0.22055034081900518
0.038007541070910318	0.21986708662725418
0.037848959944778528	0.21919631491729313
0.037692286044638278	0.21853846920406833
0.037537542232879445	0.21789450430400364
0.037384025856464588	0.21723975055197156
0.03722842718867183	0.21656036065665482
0.037073638058894492	0.21588596039218272
0.036920390102412326	0.21522125788898813
0.036768815748914344	0.21456760681948495
0.036618890378474572	0.21392545692471257
0.036470626181465661	0.21329576169293216
0.036324118577783296	0.21268047599672429
0.03617943225403647	0.21208118856073094
0.036036550540800023	0.21149936660277949
0.035895450754341703	0.21093646844621239
0.035756187690460732	0.21039417581978981
0.03561886974661603	0.20987499312905453
0.035483192518543205	0.20935803310209916
0.035349199713198304	0.20884018708784319
0.035216957655351808	0.20833501167960625
0.035086624482297109	0.20784406000896782
0.034958521200066657	0.20737121852977272
0.034833589443924569	0.20693448354705726
0.034711268746558402	0.20653072379040222
0.034591268986526695	0.20615838194096062
0.034473138992014284	0.20581110085408766
0.034355979689490279	0.20547624359037531
0.034241217394850032	0.20515335133673904
0.034132036178966887	0.20489253739512367
0.034026244685375281	0.20467519908769799
1.3843602498127654	1.4522609933884258
0.92693201784091139	1.2047052767300246
0.7167040009639124	1.0633102736417528
0.59182824637780818	0.96829930329510017
0.50767195232237183	0.89897872051493977
0.44702523120786497	0.84410967640989509
0.40095259948937578	0.79890865881726403
0.36428740807537435	0.76190853257190583
0.3344359615275232	0.73067880542133479
0.30969699248050425	0.70341604743817554
0.28888651984838987	0.67896369637199172
0.27109522817442372	0.65690508594417452
0.25569669788007193	0.63669295235046985
0.24218405779047761	0.61822105582428744
0.23016949690123936	0.60149684871668352
0.21943700838952576	0.58619794666100389
0.20976976127494151	0.57214601860497938
0.20101263620355797	0.55920607926998389
0.19304118850470087	0.5472027293754973
0.18576159230055794	0.53602238795409374
0.17909015761243943	0.52551334046515308
0.17294405303940227	0.51565980012636869
0.16726040740699841	0.50637475077493566
0.16198516741386004	0.49760213094436062
0.15707224066490005	0.48926749933505664
0.15247549035790023	0.48144432179716978
0.14816482389257871	0.47406491069319401
0.1441150671047863	0.46704290619870387
0.14030457543847569	0.46038270004289916
0.13671450212069455	0.45403367940488104
0.13332730515329569	0.44794660508992068
0.1301193156736577	0.44217943246271224
0.12708229074460084	0.4366627144957797
0.12421051071791363	0.43132544855781846
0.12147719156690201	0.42623068455660101
0.11887256928324533	0.4213690950840252
0.11639241621414223	0.41668954171175526
0.11402488381821599	0.41217727488802025
0.11176204317813904	0.40785759607417288
0.10959772259040397	0.40371191770401815
0.10752993802340237	0.39970601589026472
0.1055477265643622	0.39586036250509576
0.10365274465938032	0.39207634981266631
0.10183680590145369	0.38836136870231253
0.10008987735493441	0.38477027926404217
0.09841067216263838	0.38130621663029124
0.096794617574414724	0.37796955222594508
0.095239012932203812	0.37473442684297037
0.093741816387081803	0.37157807176184354
0.092298227128441712	0.36850458380195045
0.090902822484638837	0.36554155430820562
0.089554570872930672	0.36266986370763288
0.088253008906591018	0.3598497853847889
0.086994305798982957	0.35711799264127164
0.085774514273682281	0.35444995812930413
0.084591603521996489	0.35182006546729611
0.083446708419603888	0.34925529692296181
0.082338945072868652	0.34675316911366755
0.081266171423370864	0.34427545265834719
0.080223508318049822	0.34187071154294718
0.079209003188198041	0.33951241899289419
0.078224850164814785	0.33720737143375079
0.077270076873949989	0.33495052346961929
0.07634354868091657	0.33272011387213973
0.075441450702243035	0.33055323644207851
0.074562823379769869	0.32844786376219293
0.073708351655719428	0.32639169674524882
0.07287701618596383	0.32438554959931154
0.072068839760693185	0.3224142929219278
0.071284632876791348	0.32046191329184565
0.070519732036343499	0.31856106528970768
0.069772993950360587	0.31671166818986618
0.069043709835613712	0.31489271789634488
0.068331083464473766	0.31309888091460586
0.067634567033796403	0.31135375164777573
0.066953613914986929	0.3096562617434917
0.066288172053519903	0.30800126927967592
0.065637368449872377	0.30638751308992501
0.065001873490226125	0.30478006998437074
0.064382248700552674	0.30316084271740479
0.063775368848181482	0.30158339611033386
0.063180774734838713	0.30004722679744023
0.062598043262750175	0.29855161901809191
0.062028198161983329	0.29704342440378467
0.06146963140556478	0.29554932417684932
0.060922520464920499	0.29407051542572554
0.060386840041987765	0.29260087651813005
0.059861450891830627	0.29115682935384485
0.059345795726851121	0.28973134009684626
0.058840822955368327	0.28824078557347771
0.058345328059683253	0.28675483337636759
0.057858616486100009	0.28529334525055511
0.057380449994134233	0.28385638396429186
0.056910568333526083	0.28244392364729065
0.056448730826803857	0.28105564885002765
0.055994724926447165	0.27969088406495762
0.055548330418576555	0.27834937924343761
0.055109326860679243	0.27703065288282525
0.054677502127885802	0.27573477268996105
0.054252740994947285	0.27445832444647122
0.05383512613790932	0.27318863542589744
0.053423928477951695	0.27193867946544925
0.053018430956759302	0.27070386301899602
0.052619159999462962	0.26949097237992342
0.052225971903940176	0.26829924568450308
0.051838789365655356	0.2671271505967372
0.051457294212597801	0.26597201462287418
0.05108018844687983	0.264745744761827
0.050708185508388695	0.26352599339471372
0.050340788135634258	0.26230427849040944
0.049978739816844205	0.26108120762061054
0.049621528475331557	0.25985546508809609
0.049269030304106322	0.25863666000075813
0.048921216699099448	0.25742940858910851
0.048578833343924516	0.2562266463697262
0.048241761204999206	0.25502842824425881
0.047909342405020199	0.25383957809402347
0.047581516341440019	0.25265959618862177
0.0472601040320949	0.2514876673601546
0.046943588824682123	0.25030373821369056
0.046631097118114771	0.24912942699507845
0.046322534455767748	0.2479649680056146
0.046017810624057673	0.24681019223208817
0.045716885902743358	0.24566428584273911
0.045419676435260029	0.24452664334251592
0.045126131640537526	0.24339722413004367
0.04483773211706274	0.24229260609503217
0.044553129164899008	0.24120129901403803
0.044271985511590457	0.24012084877591819
0.043994227587311682	0.2390516629836611
0.043719739908696417	0.2379907957686779
0.043448281672046306	0.23693271657361589
0.043179992576654481	0.23588374411503427
0.042914828374834173	0.23484477471605866
0.042652768437806958	0.2338132946289071
0.042393837524877083	0.23277949368698375
0.042138191401380864	0.23174440569614058
0.041885737696286	0.23070654219433562
0.041636228419495283	0.22966259791724403
0.04138949202439815	0.22862721965180302
0.041145480916279779	0.22760031416991966
0.040904131041285159	0.22658125450685199
0.040665396421991663	0.22557012742440299
0.040429238858046675	0.22456703181128557
0.040195648400861865	0.22357119367408573
0.039964651588693667	0.2225829249526694
0.03973804616378341	0.2216127641612276
0.039514456553367765	0.2206550879177972
0.039293474729008585	0.21970780076582735
0.039075040079766921	0.21877183258549138
0.038859114312470584	0.21784720714950356
0.038645662568876527	0.2169347698322433
0.038434652999292315	0.21603484480135821
0.038226067737244095	0.21514611899063468
0.038019876168450616	0.21426801031624618
0.037816039050300843	0.21340172865453813
0.037614491573485911	0.21254183433117838
0.037415064579498551	0.21167051574421297
0.037217958845802396	0.21080964527978033
0.037026456145795972	0.21006887422883722
0.036838842431856096	0.20955485237559338
0.036657183189677235	0.20928814758112502
0.036477811233534753	0.20910592129225025
0.036298456700614441	0.20866633593384201
0.036122856293184111	0.2081371250969799
0.035949614339174936	0.20763608310217943
0.035778353404592206	0.20715412727552562
0.035609249845946739	0.20663497064771005
0.03544149975091318	0.2060775763025362
0.035275911643914679	0.20551613450507542
0.03511758708814338	0.20502904985900325
0.034958543086360074	0.20448863169283851
0.034795334305255318	0.20382000904547037
0.034633496507340551	0.20314933674088359
0.034473058306086178	0.20247827523366069
0.034313733200264068	0.20180475265605588
0.034114669847702915	0.2008049340539316
0.033955511713070451	0.20008907929480441
0.033802085692087758	0.19940484661164062
0.033650765129345769	0.19872587244779688
0.033501157833304575	0.19804845524397244
0.033353088331105771	0.19737238147770955
0.033206441443817	0.19669747717730521
0.033061183504455173	0.19602395040161991
0.032917271189684905	0.19535104871983994
0.032774490110524808	0.19467168187753722
0.032632847820342835	0.19398741209528639
0.032492486876859072	0.19330311963958668
0.032353358964378541	0.19262041415683742
0.032215388005700521	0.19193985381397927
0.032078685986726613	0.19126271991505112
0.031943252126724761	0.19058854829515007
0.031809135383178741	0.18991640793410453
0.031676346965929247	0.18924859701434202
0.031544930425079679	0.18858748248922438
0.031414862727921405	0.18793224597509986
0.031285973637662785	0.18727480995123477
0.031158030409259452	0.18660987880744848
0.031031266650721229	0.18593645112071847
0.030905174915393026	0.18525154701511937
0.030778995323467232	0.18455780029471103
1.3817491445811709	1.4565651936714523
0.92007558084072727	1.214399283437906
0.71319865981738662	1.0690579313809223
0.59084458365749404	0.96777595151772633
0.50794540406848632	0.89247967839315079
0.4472844686982605	0.83418885914298013
0.40087137987773552	0.78688721025628239
0.36414703399428877	0.74711734119316375
0.33427193788575127	0.71302156935812311
0.30943302731666822	0.68321259131370748
0.28838092632408713	0.6569368786079488
0.2702420852147368	0.63380406334228057
0.25450088509837682	0.61293756843977953
0.24068104136750332	0.59409812352812896
0.22848793593460698	0.57672521104007879
0.21757067804689792	0.56089711091329253
0.20773944894210336	0.54637369645576228
0.19885118267545027	0.53288751911340204
0.19075809388003956	0.52038113295684485
0.18335309101520647	0.50871080111947253
0.17654205762301911	0.49781761894422344
0.17024880313907115	0.48770027947849581
0.1644231376436659	0.47820770109871868
0.15902063017654211	0.4691812322029878
0.15398944254554209	0.46064489121553481
0.14927980579252442	0.45266363986447566
0.14486484210261655	0.44511471149398651
0.14071719037758074	0.43799061115257398
0.13681281754736699	0.43128580621184504
0.13313326625470337	0.42495583694288014
0.12966409508292071	0.41893423983357264
0.12639327046740628	0.41314803404873562
0.12330142580877042	0.40763178543452616
0.12037384127173632	0.40236657518170765
0.11759963923903172	0.39729867298260613
0.11496290070187254	0.39243017881379921
0.11246220990827541	0.38770082869557054
0.11008488469296032	0.38309778567985914
0.10782002710746542	0.3786511044835229
0.10566073514424212	0.37435614524490995
0.10359424272083109	0.37022636544673704
0.10161307511726901	0.36626671567946184
0.0997146640337606	0.36244005051231643
0.097894779780119692	0.35872863886106016
0.096149119105039024	0.35511557134616822
0.094473999423504637	0.35159663768270544
0.092861530599231801	0.34820441585051393
0.091310739025457124	0.34486886316343174
0.089814753434655586	0.34163820159119251
0.088370119280876819	0.33852139714708301
0.086977229085144103	0.33549804744692396
0.085631989267127132	0.33255446119444454
0.084331283849753094	0.32969270430611147
0.083073464404677388	0.32691355363998253
0.081855226375789208	0.32422219217647907
0.080674849997115466	0.32160273379798676
0.079531059763140483	0.31904435534952491
0.07842327880226907	0.31656075126652239
0.077348175523225191	0.3141534892089915
0.076304039180347755	0.31181863560553902
0.075289646226693319	0.30955935310201138
0.074303750455191678	0.30737263429684197
0.073346235599172624	0.30524448100856588
0.072414582592120094	0.30318488951289929
0.071507048405855658	0.30118764753180838
0.070625186074711022	0.29925836993876925
0.069769068167245388	0.29738197907036135
0.06893535123389978	0.29556109611372822
0.068127317369818488	0.29376794367850806
0.067341953357805323	0.29196827516374979
0.066576391905110999	0.29018818245359179
0.065829639853539818	0.28846084912067177
0.065101797096502004	0.28678429489500551
0.064391968037599001	0.28516353954440271
0.063699255823302783	0.28359645728282307
0.063027329848311456	0.28198177773889771
0.062371858936477564	0.28038751066760514
0.061732974866048111	0.2787916179932986
0.061108601993926384	0.27723494475601346
0.060499169839390535	0.27570703239142341
0.059905199345493938	0.27418868065005059
0.059324799118293484	0.27268536991077719
0.05875807229753998	0.27119858852244927
0.05820383742444063	0.26974287493435117
0.057663502742744024	0.26830994974381273
0.057134393485348593	0.26690775947883949
0.056616179854536965	0.26553584576367495
0.056108512653125692	0.26419388086689127
0.055611279751016693	0.26287854544717593
0.055124891825395789	0.2615901870793913
0.054648560940809845	0.26033589733012719
0.054181774620431174	0.25911308683334744
0.053724312458157508	0.25792148489093658
0.053274137861477569	0.25673672967606415
0.052831727779440112	0.25554138183350461
0.052397625135317032	0.25436521469128248
0.051971204721267809	0.25320720863787965
0.051552041587923925	0.25205244120210296
0.05114013580474594	0.25091801342255937
0.050735275699700787	0.24980444558542839
0.050337777375512677	0.24869015602545894
0.049946993323870585	0.24759054699516914
0.049562646399214032	0.24651137526613273
0.049185135456847905	0.24545095779433232
0.048813638490255197	0.24441132958620565
0.048448025890319116	0.24339273627590849
0.04809060413365162	0.24238010386516512
0.047740367593359326	0.24137943589966279
0.047395788247560418	0.24039638150244078
0.047054583034507588	0.23939082961453631
0.046718695776675534	0.23840350452649722
0.046390436881636361	0.2374406122364501
0.046067232952245886	0.23650066394474248
0.045748684992866537	0.23558092620911947
0.045434515338209067	0.23468682747524705
0.045125003613394145	0.23379107081861919
0.044821394834271687	0.23290862815931795
0.044524134864989601	0.23203820382093898
0.044231219558222463	0.23118239215271863
0.043942563955031447	0.23034195551878126
0.043658145387731391	0.22951756588761785
0.043378145194809557	0.22870074080391611
0.043102904703150056	0.22787676737622792
0.042831658152543944	0.22706606392242135
0.042563746634555241	0.2262618300641879
0.042299610172956574	0.22546056564060657
0.042039188138394946	0.22464632005194426
0.041782629731412495	0.22384035919420825
0.041529834478808238	0.2230425224847494
0.041281479235323583	0.22225704367540311
0.041037554419097962	0.22148248936905779
0.040797713003505327	0.22071361732934527
0.040562222784108613	0.21995333702924807
0.040330938968129872	0.21919955844424358
0.040102820930233644	0.21844775324926247
0.039877975440856618	0.21770410694710185
0.039656412158902636	0.21696872145834378
0.039438933359941447	0.21621932778167161
0.039224046589142303	0.21546666047158089
0.039011977649727726	0.21472289448938592
0.038802638306373115	0.21398065881629424
0.038588323850696139	0.21367519565790599
0.038384343522233577	0.21301637740292775
0.038183493303454621	0.21243436212789971
0.037985793768768143	0.21212664639530068
0.037799447767236712	0.21821139277211277
0.037614097664540706	0.21851609728707794
0.037431264600786517	0.21855289378609344
0.037250649764958663	0.21846632965952273
0.037072655850200212	0.21830302577066391
0.03834757638489221	0.22485909976256538
0.038171716341000493	0.22434341143772971
0.037998196009663601	0.22374651989769442
0.037822587812188467	0.22262886039951846
0.037650421658850373	0.2219236013678576
0.037479161452066187	0.22120189761319764
0.03730864306113503	0.22041010184195162
0.037138777627867881	0.21959380067208056
0.036969801865103673	0.21879673211128037
0.03680044144316312	0.21798489861819129
0.036631177232371144	0.21711869166366757
0.036464867992186296	0.21632206721737421
0.035046463242582523	0.21568048980406759
0.034901375686222626	0.21544764061314414
0.034757516604434713	0.21522166187064273
0.034614917555794746	0.21500461806241081
0.034473669459236821	0.21479271247164944
0.034333715242202141	0.2145830929189122
0.034192884349840309	0.21431739787643286
0.034049976348469201	0.21398920634306948
0.033906657295111074	0.21364265204854155
0.033762950737259559	0.21327229679954771
0.033618711014018025	0.2128900304067394
0.033474135258588028	0.21250333885777226
0.033330755708708443	0.21207427386812092
0.03319061429757008	0.21159659623477259
0.033053065926435192	0.21109960359616645
0.032915171996828065	0.21050498384886451
0.032774654940992166	0.20972665993568065
0.032644984139861763	0.20923921305076568
0.032512920018347317	0.20856331262759073
0.032380919102701057	0.20769017797777647
0.032246944438275291	0.20666526651351644
0.032126416767991522	0.20597632532867266
0.031996771879370528	0.20496078176987706
0.031868830725202607	0.20407417139497766
0.031759932088533629	0.20347200714894292
0.031653339559483108	0.2020181656396289
0.032182228230222223	0.18059403237992946
0.032073659678486958	0.18034357177079521
0.031953113074969522	0.17980287361102243
0.031830094262434952	0.17908752419036669
0.031710615015639668	0.17840547227833264
0.031590655463364939	0.17765424609958907
0.031474460405023184	0.17710996330986056
0.03135948983899723	0.17657035774500379
0.031244874560255743	0.17605264079894911
0.03112294312280231	0.17566586074255683
0.030964412680580707	0.17410474472067763
0.030853477567853133	0.17308911661765541
0.030758867063389907	0.17297066873726299
1.3264785388963101	1.3994820987343917
0.8817719723874754	1.1749705825031467
0.68338515290314983	1.0395829873097597
0.56665227918876315	0.94460474416721429
0.48792708277083996	0.87266439159838738
0.42986166421649591	0.81753428377029724
0.38521728869043365	0.77349414511345504
0.3499536611829866	0.73653519329836703
0.32141335776863089	0.70447028799377864
0.29764492893824845	0.67664068845472503
0.27754968370735683	0.6519720730243036
0.26027369666825706	0.63001279711733338
0.24527726448269785	0.61025072110261291
0.23208745324126631	0.59245443276971022
0.22040082631918964	0.57626334938942136
0.20995703846584979	0.56146713717504626
0.20055242843637866	0.54788977522178062
0.19203983527035892	0.53537325822897341
0.18427182639788961	0.52385435127722035
0.17716386761461261	0.5131938433595189
0.17063554225655786	0.50328871267705866
0.1646104627566144	0.49408777372528695
0.15903602134915068	0.48551468744511583
0.15387872980224659	0.47740493667967421
0.14908817910953961	0.46963368275337192
0.14461407014050456	0.46231183293480271
0.14042996904244393	0.45536543013151731
0.13651192531569858	0.44877592207592049
0.13283508004822783	0.44248848125505114
0.12937780388226014	0.43646409342134745
0.12611813674832426	0.43069353774764957
0.12303347294968285	0.42518342602571912
0.1201103047960249	0.41989184660133794
0.11733852988686368	0.41483018313967907
0.11470613829997074	0.40997708919589398
0.11220136052060224	0.40534594796182177
0.10981363888677524	0.40091771544646809
0.10753760151315581	0.39663628364347298
0.10536334665599179	0.39250724332816622
0.10328617174822749	0.38854835602152471
0.10130412605501206	0.38471197665702628
0.09941363720669949	0.38096592550074504
0.097614075579815371	0.37727949127701377
0.095887223497343535	0.37371192167214529
0.094229338645072686	0.37024044647537102
0.092634546173105389	0.36688567410681255
0.091098036342444066	0.36365909838619026
0.089617947448675836	0.36054597712174918
0.088188950678237968	0.35755783925583573
0.086808283734175332	0.35469051179837069
0.085473501495500662	0.35193726142296544
0.084184006000404474	0.3492471082372326
0.082939683414066434	0.34663284219524965
0.081737703883900586	0.34408017782658185
0.080572986010916905	0.34162513126115235
0.079446851939849586	0.33927309052075627
0.078360134211205149	0.33697023487563438
0.07730918121570321	0.33474125180413439
0.076289831748452025	0.33259077815529164
0.075300543092138517	0.33051859771044928
0.074341419417211937	0.32849826963090661
0.073413465295304625	0.32649565476403458
0.072512298936059275	0.32455091821810078
0.071637732996842396	0.3226517221161595
0.07078746313871162	0.32081337750006245
0.069963059266410707	0.31900471636477418
0.069162092903167452	0.31720862477829037
0.068385425807354891	0.31543169771592333
0.067632386147077478	0.31372478080430433
0.066898881189476817	0.31206361613781225
0.066183918374856196	0.31043826611703002
0.065488658503864428	0.3088078941533336
0.064812352415371213	0.30716963418263993
0.064152856904895972	0.30555409134040729
0.063509670306265628	0.30397678974257136
0.062881531034711766	0.3024394914463438
0.062267843999689487	0.30094179548925931
0.061669423964791165	0.29945217847687916
0.061084654568057575	0.29799143166007075
0.060513177023817664	0.29655883903089275
0.059954376334581838	0.29515590214444537
0.059407476475349781	0.29378697153699401
0.058871894810675597	0.29244879799002838
0.058347352087015053	0.29114377340939129
0.057833519612202816	0.289872664518387
0.057330007049252528	0.28861987628846136
0.056835969000458647	0.28737667504315512
0.056348806060197432	0.28610366659452685
0.05587064890486533	0.284852636345094
0.055401014117599165	0.28361061456222558
0.05493970196466489	0.28238754954349704
0.054486917339367572	0.28119106916719128
0.054042240727090442	0.28002090148044795
0.053605353412991517	0.27887759879607626
0.053177651576833483	0.27776125340442892
0.052757253852106223	0.27667242483335241
0.052344852986863574	0.27561444601393748
0.051940923254517379	0.27458904564672487
0.051543271129158269	0.27356973211653235
0.05115203974121961	0.27257647141543623
0.050767060956569895	0.27160963891106288
0.050388133388281603	0.27066875615355596
0.050015096996080317	0.26975352984297141
0.049647496249392575	0.26885247349923064
0.049285004258509339	0.26796197185330378
0.048928705946477066	0.26704510619131905
0.04858057180347998	0.2661240166294121
0.048237837470689243	0.26521910268452342
0.047901799301267638	0.26431898402129328
0.047571637911810329	0.26342878047596546
0.047246605735939626	0.26255403376976644
0.04692825856446322	0.26170603565121275
0.04661477886564435	0.2608741995297314
0.046306323099402288	0.26004141255592078
0.046002494640596012	0.25922472859199103
0.045702670636912072	0.25838858627987665
0.04540757168991702	0.25753386280511609
0.045116703759282194	0.256688347668874
0.044831028778441175	0.25586316127555464
0.044552191102306821	0.25507566729816938
0.04427738628335999	0.25430226810978629
0.04400643286645986	0.2535422179791112
0.043739252580620835	0.25279587048161939
0.043475751548122672	0.25206372614140815
0.043215848973864199	0.25134543835001372
0.042959495504572967	0.25064076141741604
0.04270657242415609	0.24995008498454629
0.04245702328838135	0.24927365433341572
0.042212003801955902	0.24859060258071006
0.041971740835098262	0.24789529581925746
0.041734782472914941	0.2472115908579316
0.04150105580023522	0.24653969321590735
0.041270454891684481	0.24587968147802772
0.041045064847908583	0.24526100815202154
0.040825209238863423	0.24468911675580177
0.040609362357618355	0.24413026039668342
0.040396494858696924	0.24358538259122256
0.040186568626343892	0.24305519122140792
0.039979674526229553	0.24253505116693669
0.039775782119579065	0.24202220878350453
0.039574680328687023	0.24152324039222256
0.039376406357791167	0.24103981036187155
0.039179394287061985	0.24052438883701616
0.038985027572670458	0.24002244437700848
0.038793829363102772	0.2395561946068934
0.038605083049266277	0.23910394598004583
0.03841879209706333	0.23866684379173853
0.038234894836017844	0.23824337923898178
0.038053306262792769	0.23781974407944464
0.037874003838695783	0.23740673284998887
0.037696857987920752	0.23699704757956508
0.037521839620375419	0.23659355690173983
0.037348968016338774	0.23620364248458081
0.037178178526974984	0.23582746532398491
0.037009429775786029	0.23546478329474915
0.036842668605558335	0.23511509186557197
0.036677798782007769	0.23477739356286731
0.036513976950465432	0.23443299226932246
0.036350458072667735	0.2340658597610977
0.036188589699495059	0.23370687283135122
0.036028410849029947	0.23335729546635278
0.035869565765894666	0.23300950373821669
0.035711352571128091	0.2326484711190564
0.035553366421494356	0.23227040367126423
0.03539785029242766	0.2319023264034209
0.035245222643832695	0.23155269783529195
0.035094598417599557	0.23121559781170606
0.034945895572233605	0.2308997933978385
0.034803249920148049	0.23070794260953956
0.034663016953872729	0.23055454407651077
0.034524458812149467	0.23042260584916949
0.03438310290264323	0.23019188087215645
0.03424137448225404	0.22985606842643588
0.034101340673121587	0.22946398820195546
0.03396165415863845	0.22904168515608248
0.033823004801671386	0.22862323178763855
0.033685386427815357	0.22820840652346649
0.033548847014644848	0.22780040078226474
0.033413398142549094	0.2274004497930027
0.033279100111911888	0.2270127623594215
0.033146783801213789	0.22668300952814058
0.033018959221196839	0.22643400912972567
0.032892726928770911	0.22609121999132717
0.032768029935017519	0.22576594890033666
0.032644587248105573	0.22545548059657028
0.032521611190900988	0.22514262429608561
0.032387587487890016	0.22459798949598067
0.032259157866077033	0.22405769152787655
0.032137277355737681	0.22355190729181126
0.032018049320828912	0.22310131761547239
0.031903521943979017	0.22272287056579923
0.031800770585862496	0.22242375801623804
0.031700991815675691	0.22216036765260183
0.031604101015692221	0.22193355935493322
0.031510440392941617	0.2217483361154273
0.031423515029738565	0.22166328013420941
0.031341223778175269	0.2216471270288439
0.031261128221647935	0.22166128458451193
0.031183030835591027	0.22170174680150315
0.03110609259587328	0.22175422756697322
0.031022554650484709	0.22168609644793574
1.455476059481436	1.5838773763668244
0.97105354465609639	1.3430342611122987
0.75582777437263171	1.1952049087707102
0.62832371041583068	1.0914831132639649
0.54189742272565056	1.0141978545432286
0.47890635179476543	0.95329028434850593
0.43079103599476792	0.90311769901685934
0.39275173653334355	0.86021465600776603
0.36177128908042139	0.82304362131307407
0.33613661368704273	0.78986091500167765
0.31450147979272186	0.76005653462368317
0.29583942081070058	0.73340983543039207
0.27947466473939642	0.70964992440852837
0.26505126383052607	0.68800498417663147
0.25219010954742377	0.66833674671411714
0.24065221279286345	0.65031938251755173
0.2302299623723908	0.63377535943432506
0.22074929049235648	0.61855354173008126
0.21207797069628873	0.60451983351636551
0.20412595286698462	0.59148227143550181
0.19681117323466862	0.57931729162728118
0.19004731854895413	0.56802305382812635
0.18377363882167549	0.55750687689778189
0.17794261781191509	0.54767957425149849
0.17251569427323757	0.53844669341867057
0.16745477669969946	0.52974091153767899
0.16272582644834641	0.52147106964651369
0.15830115973988024	0.51361797334406967
0.15413997311707719	0.50621570649937531
0.15022164937787902	0.49919276059611811
0.14652466039740294	0.49250874026546354
0.1430267630660495	0.48617616811288861
0.13971445688701081	0.48016028965891899
0.13657518749876116	0.47437262909225952
0.13359349691397068	0.46880315431595937
0.1307542753840813	0.46352407907902837
0.1280551552339918	0.45844511682419115
0.12548279401905521	0.45357804966271925
0.12302565105685079	0.44888248966358157
0.12067576662352525	0.44439414208270561
0.11842846845854442	0.44009144802732925
0.11627489120932162	0.43599003689778126
0.11421276176734851	0.43201002636909136
0.11223525995369812	0.4281480486675257
0.11033748882845773	0.42442414635368597
0.10851209744395339	0.4208316829152523
0.10675800481057678	0.41735806989047247
0.10506791749245176	0.41402020259957623
0.10343460050309825	0.41078184577726085
0.10185688259640435	0.40767987639126019
0.10033145453670186	0.40470527281295171
0.098855988234867839	0.40185688635446287
0.09742984502192821	0.39910332462782566
0.096048415642353127	0.39643801719081417
0.094710461619455802	0.3938141854653579
0.093413480109949834	0.3912602442915708
0.092158050928713778	0.38872605082040057
0.090942987414952089	0.38621542507548184
0.089763252758383885	0.38378230209889258
0.088616961622256782	0.38143085393414222
0.08750265663329268	0.37915381791261921
0.086422057761883761	0.3768900208603746
0.085372993911137687	0.37462885482264685
0.084352247272480918	0.37240928632411607
0.083358447493366294	0.37022446649985874
0.082390080739755539	0.36809529690468085
0.08144667540273598	0.36602576756314109
0.080528813652813711	0.36399936078191619
0.079634236101426975	0.36200951330546383
0.078765155154319214	0.36006886953098427
0.07792180184510912	0.3581698993385401
0.077099723897763137	0.35632497521430312
0.076297248693152284	0.35453513502738604
0.075513084640624936	0.35273373351900866
0.074748646126492249	0.35096598760413938
0.074004845043824138	0.3492606492571973
0.073278235607959083	0.34760786205648031
0.072568184623559864	0.34600728291101368
0.071873695008438113	0.34442870927514402
0.071194678247200896	0.34289250682866212
0.070531365790789335	0.34139014091682607
0.069883756467175845	0.33990180200161513
0.069249835399303405	0.33840633684543414
0.068630608228875345	0.33692035463512326
0.068025989396818809	0.33546659211443258
0.067437873739025878	0.33403719602501242
0.066863697124211516	0.33264335785668608
0.066302311817388951	0.33127434047709647
0.065754184704081842	0.32993670499925787
0.065217765841485628	0.32864543371980676
0.064692747612899698	0.32740355264587823
0.064178909742592702	0.32621390789050519
0.063676601030249066	0.32507441623726369
0.063186666664927685	0.32396677657337314
0.062705058090367166	0.32283862246606621
0.062233634623102094	0.32176547843614339
0.061772319700909219	0.32075149326762192
0.061320977984490571	0.31980047261423777
0.06087948870738296	0.31891627736337552
0.060447710555050986	0.31808603956892773
0.06002464587511247	0.31723876348294217
0.059611451429701819	0.31636779579889751
0.059207081946456595	0.31555202917595077
0.058812563772379756	0.31476182190751667
0.058426705397164873	0.31400674644741206
0.058048453976170637	0.31329816135514127
0.057676606253741936	0.31261353741894876
0.057311976965508424	0.31197592604041646
0.056954326324807084	0.31138781745186672
0.056602748560381243	0.31084273957843483
0.056255434286273505	0.31032557618765416
0.055909316686172203	0.30969770649775097
0.055566781860332329	0.30902587446700991
0.055229519098717574	0.30833930752127064
0.054896591011013331	0.30763117510176852
0.054568027667527184	0.30693119414197889
0.054243365589629979	0.30621449041233573
0.053922602957695201	0.30550193938347581
0.053615374638724275	0.3048794804445254
0.053320964227304236	0.30437542317564892
0.053054957801574119	0.30413902542661431
0.052807143743693968	0.30410584349836572
0.052566009206703908	0.30409550768164967
0.052337040359074959	0.30406478493159816
0.052100393385922587	0.3039191957723083
0.051855881886246118	0.30373496440660341
0.051608562879728898	0.30344021050993158
0.051365323880838261	0.30316731380619399
0.05112602455756813	0.30291850923484526
0.050890505698446852	0.3026906307980996
0.050655224959230818	0.30242728763741805
0.050420023932081517	0.30212624844357672
0.050186288725756964	0.30181024215614549
0.049955071030952071	0.3014996596119679
0.049726369495208443	0.30119682982844609
0.049500080181582078	0.30090203356316175
0.049275999162736665	0.30061290812563174
0.049054190082422879	0.30033157261527854
0.048834609052262681	0.3000594263755979
0.048617153845622436	0.29979604851625691
0.048401757017753587	0.29954224651219524
0.048181758833138674	0.29910983305609018
0.047962298028387633	0.29864248728163162
0.04774635525534799	0.2981897055549998
0.047543369653520753	0.29786121245173658
0.047351175803871472	0.29765198370641721
0.047161196484792285	0.2974565115864205
0.046973489220320422	0.29727626634459803
0.046787902577688147	0.29711123238432652
0.046604243881717529	0.29696044575474345
0.046420475330356516	0.29677126499121398
0.046240132888302747	0.29658358480352243
0.046061190912685956	0.29639451361300367
0.045872953413064688	0.29601294643322129
0.045685267536205131	0.29561547929043019
0.045506379415960266	0.29531804121989175
0.045335521949140298	0.29509188977530004
0.045166469190568083	0.29487279851219972
0.044999222183986137	0.29466085675621911
0.044833798112339576	0.2944478667603615
0.044670032795922437	0.29423426659991858
0.044507566956339374	0.29402228551063375
0.044347737340806347	0.29381501358348211
0.044189787399569337	0.2936097975337072
0.04402794773721621	0.29332180055991236
0.043864416168973096	0.29298876196337525
0.043701774302898962	0.29265353528496585
0.043539183080402777	0.29230214385748093
0.043376336109075597	0.29193138217522369
0.043214230949777901	0.29155980464341452
0.043052789917052588	0.29118716870924344
0.042892030804652793	0.29081448240421276
0.042732056801336953	0.29044315422803391
0.042572869149243402	0.29007359066483823
0.042414407107083975	0.2897057219279866
0.042256669013657468	0.28933981049234608
0.042100572460548408	0.28897684188456141
0.041954879309533365	0.28864029495179566
0.041810304171653968	0.28830533753907839
0.041666838313065627	0.28797313683429626
0.041525004631027415	0.28764992939381395
0.041396935435346616	0.28747336326744505
0.041272501840492366	0.28733172165308291
0.041149751967792185	0.28720348285437886
0.041028728147013874	0.28708949451869498
0.0409093507446582	0.28698844695377329
0.0407915624225016	0.28690071374258808
0.040675472002156425	0.28682849960450474
0.040560776517726382	0.28676595072365668
0.040442257564872935	0.28661203137667413
0.040325044379897722	0.28646607614747621
0.040205816807119758	0.28626818080576905
0.040069745658342315	0.28584988478381118
0.039934383390667905	0.28554503289748989
0.039793450503468088	0.28502565133457741
0.039660646691651022	0.28458869721690466
0.039553706532519502	0.28449144824755807
0.039457684366002298	0.28453312304214345
0.039337403011252471	0.28412861098385372
0.039216760771328282	0.28369812740193545
0.039096352724374797	0.28325293683607489
1.4086024729069748	1.5045736565029435
0.93467511127926128	1.2728837710734839
0.72453999635193889	1.1332251137209901
0.60076280136476501	1.0358532866206327
0.51699746435056659	0.96419229879383128
0.45651507882170383	0.90724154900529086
0.4104950917541752	0.86021647729722905
0.37420222472318315	0.82014133606788275
0.34455752521913419	0.78580549694709401
0.3197760622834544	0.7560787406709587
0.2986514144640624	0.73017208471103556
0.28045362918491962	0.70715756445781774
0.26459007594572304	0.6865416601072829
0.25058964499979908	0.66813842273827584
0.23815573652306818	0.65148081935141189
0.22701771778938598	0.63632177498841236
0.21703974909038798	0.62218666663800681
0.2080285297680228	0.60896098482413208
0.19983934510519225	0.59659008276605263
0.1923391319092736	0.58511916605743231
0.18545533369242184	0.57440777564245815
0.17911617716745115	0.5643589451457387
0.17324861853079351	0.55494168603130034
0.16780892717046025	0.5459984816875959
0.16273849543115673	0.53753807153999744
0.15799334532043804	0.52959391576359172
0.15354678265548488	0.52210507265721173
0.14937159124201002	0.5150028164478615
0.14544369814820807	0.5082425653736542
0.14174162165261572	0.50177746702430681
0.13825279091519829	0.49551041769523974
0.13495814110719184	0.48944377554358182
0.13183283751849381	0.48365154622292067
0.1288621209284917	0.47814324238603023
0.12604378929184717	0.47283641386713404
0.12336307398222351	0.46771584021673046
0.12081068130683704	0.46279313916328912
0.11837794075085681	0.45807418651771564
0.11605442745651731	0.45355385108408797
0.11383102979569346	0.44922271797076568
0.11170438883035524	0.44507151409160356
0.10966421147936356	0.44107118624610192
0.10770509987867002	0.43721883376103399
0.10583013928939178	0.43348566800355659
0.10403101514941274	0.42985489660218762
0.1023016048947058	0.4263274009320856
0.1006373642695558	0.42291819363393057
0.099038198255129772	0.4195963149116978
0.097501465668290932	0.41632855312581279
0.096026170114806311	0.41312329342057247
0.094602419180838587	0.40999570880068659
0.093227932804854668	0.40692787525441898
0.091899360679927489	0.40389313002932681
0.090612590983966457	0.4009052315736415
0.089366124418400472	0.39798911184382291
0.088157409978206452	0.39515256829387124
0.086990950851292187	0.39235166193582516
0.085860336865246301	0.38959882196040085
0.084764641141923808	0.38688763352942068
0.083702711432571644	0.38422761695519236
0.082672013507769523	0.38160025829397431
0.08166921148939095	0.37903544336442674
0.080692990612268631	0.37652993754524289
0.079741170780629381	0.37406791424637842
0.078813944516877801	0.37164059651802017
0.07791009725511415	0.3692486130751837
0.077028950771250271	0.3669060352845559
0.076171186935923632	0.36457552249134645
0.075334142586169439	0.36229571401113558
0.074517205450838647	0.36006330763998146
0.073720813929455481	0.35785949460861383
0.072943805911879517	0.35569206277197812
0.072187305738253521	0.35357854039347481
0.07144933585521189	0.35149374001559647
0.070728637097776867	0.34944500972697845
0.070024470220354282	0.34741545735112922
0.069336125945684182	0.34542732780734009
0.068665216933865153	0.34348357867722007
0.068012603187140683	0.34158499258123071
0.067374863397192286	0.33972477942289225
0.066756549298135903	0.33791022160713441
0.0661517744587687	0.33611257387126225
0.065558960031091393	0.3343420366086845
0.06497849603154697	0.33260479405152615
0.064409750824438991	0.33090420742595489
0.06385233243929099	0.32923975582404236
0.063305859258194971	0.32761081877444997
0.062768392263495648	0.32598751909756551
0.062240837392972696	0.3243861754513051
0.061723104979595919	0.32280005510854515
0.06121461204836294	0.32124067071766638
0.060716908082027059	0.31970195860744588
0.060230162452804686	0.31818265796437339
0.05975200293221157	0.31669370500725635
0.059282183566887525	0.31523442677435942
0.058820454165699032	0.31380451938693893
0.058366573151166161	0.31240354950131433
0.057920326085904306	0.31103092890880829
0.057481527813557191	0.30968617446474261
0.057051946483092877	0.30837396731230615
0.056630534523637151	0.30709134561909851
0.056215963140584621	0.30580995370617203
0.055807986707077303	0.3045388588651744
0.055407010596254753	0.303264101677859
0.055012082575885801	0.30198707318557777
0.054623280271346643	0.30072858203322012
0.054240427409518149	0.29948926484008764
0.053863407412918715	0.29826832144677434
0.053495364211832867	0.29705499282326109
0.053137618880819353	0.29584303625135805
0.052785315169118545	0.29464573741972866
0.052438307897429384	0.29346279036971679
0.052096417742852175	0.29229386848661537
0.05175953944466518	0.29113839370857175
0.051427308010650069	0.28998773278966722
0.051101001588965529	0.28885767325420519
0.050781099721817116	0.28773377235978703
0.050465667098645868	0.28661840915328218
0.050154390214882043	0.2855096022139732
0.04984611598296293	0.28440090666920698
0.04954018211339218	0.28327057271163464
0.04923805580044581	0.28214679035767332
0.048938773326221714	0.28102387852245791
0.048642717806570229	0.27990534020232039
0.048349878392664448	0.27879234319515273
0.048060143365500463	0.27768524237942871
0.047777106863606887	0.27662738156161204
0.047500664740145235	0.27561493857801633
0.047227778395786402	0.274612925440125
0.046958472599947058	0.27362243067506392
0.046691958497260148	0.27263788247262249
0.046428952983367376	0.27166777674955678
0.046169046858535581	0.27070588339891438
0.045912199969142864	0.26975205436913596
0.045658393406052579	0.26880648206040092
0.045407611850914777	0.26786921602949176
0.045159708573078446	0.26693977906992805
0.044914620853775816	0.26601820483524674
0.044672331582528653	0.26510510720364661
0.044433287504223186	0.26421101507343164
0.044197383667346025	0.26332046412605375
0.043964074581548829	0.26243576001864583
0.043733287686374814	0.26155678709088692
0.043504965872328501	0.26068362395190692
0.043279053036549484	0.25981570093538575
0.043055475812080815	0.25895253492508596
0.042834192973068994	0.25809358286388939
0.042615160774535324	0.2572385993303325
0.042397667599283005	0.25638132818940407
0.042180795456220117	0.25551327497241189
0.041966051433935891	0.25464808473504014
0.041753335133043759	0.25378547728176659
0.041542642994684305	0.25292521080337316
0.04133400022141439	0.25206764749214278
0.041127353209867684	0.25121250574101872
0.04092274488593587	0.25035935471384291
0.04072015944556294	0.24950836613939784
0.040519526950475997	0.248659276136969
0.040320863058174068	0.24781258526409991
0.040124138222346402	0.24696782220125643
0.039929362706129221	0.24612494233202825
0.039736502067168236	0.24528381172623864
0.039545591595433409	0.24444473379985016
0.039356614081451656	0.24360721512326083
0.039169568162204099	0.24277203429845393
0.038984548565066307	0.24193944444415746
0.038801645717473361	0.24110973540771888
0.038620971121320034	0.24028207309431068
0.038442356343520029	0.2394564513230733
0.038265788195393155	0.23863332705226289
0.038091420195138892	0.23781416526327021
0.037919234156358013	0.23699750650096763
0.037748925084961471	0.23618331921942914
0.037580039166329592	0.23536839956325475
0.037413272783994443	0.23456295009909772
0.037249966322379334	0.23375426727647769
0.037090748595350262	0.23294533835988956
0.036936132247338375	0.23216505240072954
0.036782288853618422	0.23138285022515695
0.036629603316792131	0.23059977566524886
0.036478464529540976	0.22982102330595641
0.03632874308851617	0.22905062930304859
0.03618229412826196	0.22829535777526111
0.036034002006118344	0.22753877216058879
0.035887819853466854	0.22680428160726263
0.035743893229438349	0.22609285134226031
0.035599443509297377	0.22534749152847638
0.03545871882764895	0.22460861248357
0.035328090751142696	0.22393947374181139
0.03519866090040942	0.22320946862700214
0.035067012358291065	0.22256792906319822
0.034957823953155935	0.22190244894528471
0.034828749323058801	0.22113126256140947
0.034703760272555784	0.22050552314608413
0.034603376722906878	0.21995685446774871
0.03447641547904718	0.21915798336287795
0.034376637021508845	0.2184830337802274
0.034267347304245521	0.2179136319776388
0.034147061043636046	0.21724181281074853
0.034026382096170281	0.21657158411302935
0.033906390499959624	0.21604617329601397
