weight	lyapunov	err1	err2	err3	m1	m2	m3	std1	std2	std3	null1	null2	null3	f	stdf
0.0	nan	0.74078896041983666	0.1239112433817036	0.020914198899141933	11.318890850925843	17.363294729743398	16.014661116657628	19.760544969348476	32.40820130421325	28.877635839764359	99.310000000000002	99.310000000000002	99.310000000000002	0.9997047523305298	0.10075080931258718
0.02	0.069066751327438974	0.767656296502916	0.90533841694992268	0.60429085715413111	13.456401963251849	58.41061569027439	130.50247135966134	12.600684657471671	50.636702247709842	114.40994709605704	95.200000000000003	54.010000000000005	23.960000000000001	0.7098867199629213	0.10079082823711297
0.040000000000000001	0.083229101164238858	0.77160985683764427	0.91121711105538827	0.62674376277506083	9.5683217353203833	38.34775958355354	99.465211129401126	10.206832824304591	34.971063145889538	87.799555059436258	94.039999999999992	65.890000000000001	29.729999999999997	0.55030863245440875	0.10086580257458451
0.059999999999999998	0.22804364325370186	0.77816848789529403	0.91744407277341933	0.64158509129077179	7.0754342960038912	29.529180214911555	99.771942397231115	8.2140348143202964	27.52009790427897	90.249878169468531	86.509999999999991	67.700000000000003	28.689999999999998	0.44928642161986437	0.10097559775901729
0.080000000000000002	0.34442119127786919	0.78659087974496322	0.92445717343907163	0.69278870528210224	5.712956655040669	24.005695942058296	148.29593571178941	6.8512136218331863	22.561667220184766	128.30521917585327	79.079999999999984	62.129999999999995	21.449999999999996	0.37958766544691075	0.10111613045989624
0.10000000000000001	0.42734869017691307	0.79560430119822523	0.93198517594436969	0.73806310590325053	5.2436919872169678	23.292050232931064	181.03023819241713	6.5354774269442686	21.634116176798024	153.77376941562324	70.260000000000005	58.450000000000003	19.339999999999996	0.32860432842496357	0.1012407528388726
0.12	0.0075302831844840674	0.80311154177360211	0.93586662702153356	0.75015744615410895	5.334827517248371	23.968713372272767	162.68763878074338	6.5498401410102813	21.639631050841718	146.3172853139327	69.77000000000001	60.279999999999994	18.969999999999999	0.28970414066343947	0.10125143390439224
0.14000000000000001	0.36348701511814735	0.80868213410287348	0.93384877860924898	0.7301478729171208	5.4267792287018306	23.700375393331271	131.78861023988912	6.7015768202970163	21.846006028005945	124.81073790036753	72.200000000000017	67.510000000000005	21.16	0.25906021876886698	0.10109199153834487
0.16	0.38592345564569652	0.8121284088052253	0.92907044467958588	0.71836605561543898	5.8504217521694857	23.58850698693233	116.37909755451092	7.2519467922366108	22.236364809922598	113.06209237781449	79.52000000000001	75.320000000000007	22.530000000000001	0.23431284794253457	0.10072566882317449
0.17999999999999999	0.37232668107748235	0.81239474113535814	0.92704374601567741	0.72868581484126504	6.6850290430402897	23.482785468958763	118.75724010883926	7.8995440374275265	22.44314695947838	113.45005306467635	85.189999999999998	79.419999999999987	22.859999999999996	0.2139181108641286	0.10017315578314193
0.20000000000000001	0.59141111620154752	0.81117693919436173	0.92696706752605351	0.75069485431983896	7.3465683456055997	23.725918168982723	130.12513701940526	8.2630816498266295	24.763122621656031	123.08789346158009	89.439999999999984	80.559999999999988	22.580000000000002	0.19682814874957105	0.09946375398167355
0.22	0.52341455788638214	0.80927150922899871	0.9276788034239406	0.76879949968409445	8.4697042311546404	24.997727264248276	140.99344939385031	8.893519335069902	26.206966529855173	130.26813927469112	92.129999999999995	80.549999999999983	22.16	0.18230294519628104	0.098626696450466914
0.23999999999999999	0.46658642377216974	0.80709171197695118	0.9265218452408901	0.79013685153044011	9.1941628837802334	25.914266172298539	149.77077099477941	9.6888422870957385	29.461064374319555	136.75008726040568	93.099999999999994	79.47999999999999	21.720000000000002	0.16980944807847106	0.097691135386032205
0.26000000000000001	0.55766180560842826	0.80500488528523562	0.92545198265662942	0.80306511133845526	9.6201922935610753	26.911459317530454	154.66406217907459	9.8757686336093933	29.613808223665632	141.1636211509676	93.620000000000005	77.780000000000001	22.740000000000002	0.1589516096685874	0.096678301978466302
0.28000000000000003	0.48460332309099441	0.80328772487791	0.92443736755712391	0.80376645153851045	9.7122573507126866	28.172890014298968	149.32648093014092	9.8093331724110726	30.913645603086337	137.31415287448479	93.799999999999997	76.100000000000023	23.5	0.14942761281408376	0.095606312015943301
0.29999999999999999	0.43804269622514802	0.80248048316162635	0.92311654207971683	0.81316464376101849	10.35049514967495	29.570725594095784	142.29406150916495	10.982310801534812	30.671017082651371	130.22298472191071	94.030000000000001	75.200000000000017	24.450000000000003	0.14100573037039862	0.094507161751246821
0.32000000000000001	0.59987910746804052	0.80158948118540163	0.92194207183894039	0.82170658376263628	10.551142783446565	30.123545073707067	135.65668736885846	11.667377010706989	31.971490824454598	124.50834520053783	94.060000000000016	74.27000000000001	25.640000000000004	0.13350416851959007	0.093396837827610296
0.34000000000000002	0.62845585081638045	0.80059253995209922	0.92170321819095502	0.82359671286400715	10.873556882042418	31.114780543773474	128.54189112224429	11.687556368969657	31.857062522324515	118.24413350394384	94.019999999999996	74.489999999999995	26.630000000000003	0.12678212357375213	0.092283813010446747
0.35999999999999999	0.5991188983706045	0.79973572639244972	0.92152318873213057	0.82386711743723673	10.616896089068756	31.053630638355592	124.14995608328448	11.141099645900377	32.627764100301484	114.74660317422908	93.739999999999981	73.739999999999981	28.039999999999999	0.12072296450901107	0.091180812035171074
0.38	0.84832285797422946	0.7993414356984736	0.92154565782825115	0.82864000476740496	10.800031990703403	31.979417064391491	122.14335590175813	10.943068802871158	32.326638662067396	111.10346078144001	93.689999999999984	74.179999999999993	29.839999999999996	0.11523290849555082	0.09009557893907863
0.40000000000000002	0.88670153738813662	0.79905482704727704	0.92129024001832427	0.83492013040077118	10.592138481958703	32.417725492523587	120.09175287069021	10.959305678004863	31.628886242009361	108.34682710787342	93.430000000000021	74.460000000000008	31.530000000000001	0.1102344534272592	0.089037873346187513
0.41999999999999998	0.6762695212337706	0.79895405770353256	0.92158662103054745	0.84451240444395581	10.726762776083408	32.555307376440886	117.78920088410473	10.86590456689771	32.728364984508218	107.56310178525106	93.349999999999994	74.530000000000001	32.239999999999995	0.10566501722317542	0.088007049635649121
0.44	0.51563827818148456	0.79969127942039653	0.92122675298404955	0.85225092735531738	10.916551666465292	32.957657348606759	117.30234684264653	11.006343891068104	32.388972727374714	107.02548079592982	93.289999999999992	75.0	34.070000000000007	0.10147036899136001	0.087013358908397856
0.46000000000000002	0.49459205290313418	0.80066222870948867	0.92147397204719894	0.85544719513031242	10.800145195040082	32.521749809791622	114.78601876140844	10.652615647908453	32.027343367615103	106.02016720588681	93.080000000000013	74.789999999999992	34.770000000000003	0.097608779539378535	0.086038371321992019
0.47999999999999998	0.31755941286862177	0.80156584467350456	0.92160947515934155	0.85787152002908762	10.635857662165142	31.980392844274171	113.46080683872182	11.061594617042342	32.107416917857741	103.67700726134915	92.810000000000002	74.5	36.100000000000001	0.094040580690349193	0.085089763075945304
0.5	0.19163735180686417	0.80241238370679702	0.92230952123381615	0.86413831125265061	10.791153297361779	31.697908051674681	111.76614443383532	10.891883105738504	31.762582515912197	101.96038759014965	92.890000000000001	74.210000000000008	37.209999999999994	0.09073511217619562	0.084165390779656207
0.52000000000000002	0.075437665275461738	0.80294601042679348	0.92327188799596382	0.8664465506526422	10.409026791117277	31.405672656749363	110.03366671499711	10.439703945273417	31.237070953071616	99.643650992663567	92.590000000000003	73.88000000000001	38.159999999999997	0.087664800895094208	0.083269073499068674
0.54000000000000004	0.12463502674368217	0.80347899205946993	0.92414744382456548	0.86873025220626521	10.516751266429099	31.999052055848949	109.00759267878031	10.604768126787642	31.447068664648402	98.00651229093242	92.629999999999995	74.100000000000009	39.240000000000002	0.084804814602980769	0.082403096317391192
0.56000000000000005	-0.0038140193809467998	0.80365950736060066	0.92501890042622004	0.86991893986545232	10.483950055809395	32.092150254011493	107.79214836577432	10.498897737939133	31.33891941543795	98.196178455057222	92.580000000000013	73.899999999999991	40.240000000000009	0.082133485523271488	0.081567055683864187
0.57999999999999996	-0.020339512345338612	0.80393430486178841	0.9252243907627582	0.87266316444945846	10.744991322950746	31.813480049166554	106.41531909058384	10.822727398968649	31.837637113555559	98.290130243046917	92.660000000000011	73.47999999999999	41.029999999999994	0.079632592896297705	0.080753754375271533
0.59999999999999998	-0.010356608142124061	0.80483504801292649	0.92519775303985141	0.87834651929628349	10.836590657904237	32.700729275212332	104.90801154994907	10.785892118013749	31.52310412108768	97.323421165545923	92.590000000000003	74.079999999999998	41.759999999999991	0.07728655929513277	0.079964361018306868
0.62	-0.02916742202228291	0.80580529982196614	0.92549620049415271	0.88204594250389867	10.294277551865855	32.955711374801183	104.12049789769871	10.612185418605357	31.4165041548756	95.84136751717395	92.180000000000007	74.069999999999993	43.369999999999997	0.07508129538998301	0.079196669010923412
0.64000000000000001	-0.024520761711425594	0.80728008280349606	0.92645379887916657	0.88306797595624764	10.475528187946392	32.823619101025955	101.04063226384258	10.387372960872003	31.33306613869858	93.644720150479571	92.22999999999999	73.820000000000007	43.790000000000006	0.073005055915165692	0.078452348496029542
0.66000000000000003	-0.006816008682176744	0.80875461272384297	0.92736961938169737	0.88402007150817818	10.484972216382875	32.660551209482044	98.862708690113024	10.219882583063237	31.236477005523067	91.996467057849515	92.170000000000016	73.560000000000002	44.310000000000002	0.071046693475338013	0.077728476182795145
0.68000000000000005	-0.011264500438348859	0.80996154826539912	0.92824826901425173	0.88587398950166363	10.476677230945906	32.618716728940356	97.252453991938467	10.111116304176253	30.552075321421803	89.049309576526369	92.069999999999993	73.419999999999987	45.639999999999993	0.069196009929401725	0.077025728875052463
0.70000000000000007	-0.047393186098921666	0.81073676748191548	0.92853398289628097	0.88643076781135854	10.540528149742995	32.551170742658158	96.097855912889543	10.186939917314586	30.436579580939064	87.772481600915143	92.120000000000005	73.5	46.910000000000004	0.067444831113824461	0.076338574257024491
0.71999999999999997	-0.0085470935780114967	0.81136163847183373	0.92806692258338175	0.88485917599952213	10.254993138585125	32.176275944097291	94.589686759555491	10.195677307172847	30.765762179566746	86.565520575790615	91.890000000000001	73.200000000000003	47.380000000000003	0.065784515812729011	0.075667594296149138
0.73999999999999999	0.0026271259702052557	0.81163531495987651	0.92833462161657976	0.88413661333993931	10.284119957436483	32.653665592445144	94.582839824777281	10.124709298856377	31.073594900476632	85.427357388169966	91.790000000000006	73.640000000000001	48.299999999999997	0.064207316405240383	0.075012277887799211
0.76000000000000001	-0.0092502408129200783	0.81150220962652109	0.92852006768640138	0.88412351819478574	10.364381490509272	32.753435877998513	92.21908071234904	10.224177306843501	31.312460423021271	84.423510182444232	91.780000000000001	73.799999999999997	48.439999999999998	0.062707241682276676	0.07437771206676716
0.78000000000000003	0.0028431893801157239	0.81148718296998834	0.92846968591552081	0.88379528867754709	10.163425085053946	32.421645746373017	91.267033157852708	10.1459569765985	31.337216904191916	82.993953311289388	91.539999999999992	73.469999999999999	49.400000000000006	0.061278764848926894	0.073760399129942714
0.80000000000000004	-0.0094946682932957067	0.81204577881857176	0.92856018945344976	0.88476025313013973	10.399175001352111	32.974804937114918	90.885244983184265	10.200609083003304	31.050906766535697	82.062406337964063	91.640000000000001	73.730000000000004	50.869999999999997	0.059917385394141064	0.073158727990693534
0.82000000000000006	-0.0089381920247080839	0.81222188036000387	0.92836750556023095	0.88565664148536527	10.332025087973877	32.503269471096573	89.321699398139771	10.141887634590324	30.796316181291427	81.074079671261273	91.52000000000001	73.200000000000003	51.409999999999989	0.058618330095107876	0.072570154260158531
0.83999999999999997	0.020976852161485805	0.81257825068121148	0.92805274917696678	0.88764917061623994	10.461727460585283	32.667692608933443	87.739424529784827	10.157455517641882	30.738392424840036	79.782819387327407	91.530000000000001	73.319999999999993	51.61999999999999	0.057377377083581503	0.071998133847661794
0.85999999999999999	-0.016658574321238826	0.81350897787827103	0.92791807895105483	0.89031496582843705	10.589636035316763	33.095250102478559	85.978153000943621	10.048448491261688	31.015892354265468	77.451732888581773	91.509999999999991	73.629999999999995	52.25	0.056190207545567403	0.071441200989388248
0.88	0.020118165274355705	0.81406401229494318	0.9277152304846743	0.89327120665057724	10.729352667763722	32.868343603664933	84.091418054882709	9.9277296282324805	31.059674706192148	76.255626079001672	91.519999999999996	73.489999999999995	53.040000000000006	0.055053201200145466	0.070897610324816937
0.90000000000000002	-0.017181411382848035	0.81434003912414776	0.92809959947139953	0.89442479091308902	10.877828900147964	32.764718424549038	82.733044524788113	9.8466541634600073	31.133207725211388	75.101327985626966	91.540000000000006	73.400000000000006	54.260000000000005	0.05396390745839693	0.070368553180460577
0.92000000000000004	-0.010514927710868593	0.81420772557786036	0.92843876425598793	0.89288912390407871	10.730780518444472	33.024274194106525	81.380845051277234	9.9493125635186619	31.027732835925036	73.745980255354738	91.330000000000013	73.480000000000004	54.919999999999995	0.052919161870527254	0.069852354748001957
0.94000000000000006	-0.030023299899091131	0.81414351972885191	0.92843135685298317	0.89211371461022249	10.659794458213842	33.293381348034274	79.927367239506538	9.9334635313942776	31.045403721730526	73.029320821198738	91.159999999999997	73.609999999999999	55.430000000000007	0.05191601752086842	0.069347442822355915
0.95999999999999996	-0.0034792098914200099	0.81435220748040904	0.92826698054736423	0.89201712940792055	10.625351575324734	33.264391834099243	78.713684835420452	9.8108255457587497	31.311321445130666	71.936755667711751	91.030000000000001	73.549999999999983	56.320000000000007	0.050952795812592253	0.06885571538789087
0.97999999999999998	-0.0046181940131806909	0.81441067245647913	0.92784693714338073	0.89203128508649798	10.645182552032319	33.604884107661306	77.630308832951528	9.7546084955584611	31.60116759604416	70.34358985307486	90.989999999999995	73.690000000000012	56.919999999999995	0.050027568609750606	0.068376942522746537
1.0	-0.0033802376127561149	0.81458273737909281	0.92749521142424618	0.89340139960820186	10.484556228158018	33.434394250302141	75.68441905609977	9.7145453858481208	31.788447655808987	68.993383205813885	90.820000000000007	73.530000000000001	57.090000000000011	0.049137268075881112	0.067909427410429171
1.02	-0.017534861208466618	0.81429872011895532	0.92716221975959123	0.89401996433222097	10.292181139880682	33.342253810284433	75.391071555262428	9.7474373887807637	31.810810141052222	68.218851373787714	90.609999999999985	73.510000000000005	57.810000000000002	0.048280561552891336	0.067451118741490595
1.04	0.0071072127905346914	0.81413717357595716	0.92655020280944966	0.89558407368306359	10.369612976405367	33.174714077320424	74.684153220988293	9.8777110351863353	31.789054036083883	67.77144574517132	90.590000000000003	73.439999999999998	57.969999999999992	0.047454982141790517	0.066999119531622173
1.0600000000000001	-0.0087987500058925756	0.81405135123109562	0.92615066594254003	0.89674380640714446	10.430045077854396	33.319542823787963	74.207957033960298	9.8597381101504844	31.941698390299571	66.960956979634517	90.559999999999988	73.540000000000006	58.310000000000016	0.046658992782666477	0.06655558197257648
1.0800000000000001	-0.0008886000917065714	0.81433597092592525	0.92602408088081112	0.89622283845673123	10.220727182353819	33.60261772029952	73.442512758224396	9.8438225307159453	31.785804440895078	65.763432618112589	90.340000000000003	73.710000000000008	58.600000000000001	0.045890947284564533	0.066121423451934669
1.1000000000000001	0.0032243237692815099	0.81434430278605707	0.92610878755833892	0.89470628837946031	10.05033791675981	34.029576187855724	72.932902068176659	9.7194726382277423	31.920321412204807	65.385008291207868	90.179999999999993	73.970000000000013	59.339999999999996	0.045149135818107873	0.06569364044622264
1.1200000000000001	-0.0023229618733780679	0.81444787611972624	0.92608432294265819	0.89592595399262787	10.208141623754985	34.045008919513045	71.371018293076645	9.5886308350259117	31.923874237557168	64.48497730840684	90.200000000000017	73.939999999999998	59.270000000000003	0.04443239136519582	0.065273816580650096
1.1400000000000001	-0.018468459018230365	0.81466655989577852	0.92592472601078646	0.89680777720447846	10.151887465364215	33.98943487007611	70.478594605722392	9.4814549652432838	32.112233407490649	63.56944691897813	90.070000000000007	73.909999999999997	59.950000000000003	0.043738979375553239	0.064862632894884892
1.1599999999999999	0.011307397546202471	0.81454976359214404	0.9256868917321267	0.89779573438393467	10.193208110111142	33.882171648185434	69.513846637107207	9.4276641277885282	32.095917228590267	63.057261404314978	90.040000000000006	73.900000000000006	60.419999999999995	0.043068504789564616	0.064458933724201917
1.1799999999999999	-0.012110933615882925	0.8147328290453395	0.925604062202949	0.89865756940609443	10.3114430111836	33.589186426685401	68.543679972941462	9.4678137304758145	31.994508780899803	63.391909227834162	90.079999999999998	73.75	60.580000000000005	0.042419869205208724	0.064061723837303242
1.2	0.011363384862163081	0.81479951277878171	0.92568488028323481	0.89846149279333964	10.232119961586408	33.535587694409919	67.755007272303857	9.4910535850295972	31.97087424849526	63.516792048688636	89.97999999999999	73.750000000000014	60.839999999999996	0.041791461233068275	0.063673510671612532
1.22	-0.014808663179909729	0.81469012859287471	0.92574624680469364	0.89774024784803486	10.032992823797159	33.587485953266011	67.554287723227361	9.5657596077749183	31.991834507439449	63.001131988276335	89.760000000000019	73.659999999999997	61.489999999999995	0.041182006923931057	0.063294380616617796
1.24	-0.013302072852375814	0.81448322797092132	0.92570434596561646	0.8968209521689825	9.9784996079824975	33.265552329385244	66.851484568632031	9.6216662239062547	32.066285039938052	62.599997394987007	89.63000000000001	73.310000000000002	61.989999999999995	0.04059159149129872	0.062924786895010618
1.26	-0.015987253066576047	0.81407096343466967	0.92547665630187537	0.8960249458723597	10.040155659687509	33.491775876061041	65.901391688347161	9.6397837466114744	32.091524987103639	62.011922105952678	89.650000000000006	73.420000000000002	62.390000000000001	0.040018991474202244	0.062562358213621522
1.28	0.028429384554300767	0.81356658880986199	0.92519240278175818	0.89539493055436448	10.110319910796189	33.783924605736082	64.726347105961509	9.6433862270438038	32.051202166014171	60.894156383838791	89.740000000000009	73.629999999999995	62.700000000000003	0.039463346475768345	0.062205948204879305
1.3	0.011396929426871092	0.81300231371555998	0.92496866683819245	0.8941040646773416	10.05782232313782	33.374041260174835	64.097408973108841	9.6674560123804589	31.90915177621044	59.71638539855978	89.650000000000006	73.320000000000022	63.209999999999994	0.038924129889193963	0.0618565646184948
1.3200000000000001	-1.6225464373066816e-05	0.8127440606317311	0.92474515486923381	0.89416665270472373	10.165102042691496	33.429749471911734	62.808766910038187	9.7023439451577609	31.727544787226286	59.002200416562019	89.700000000000017	73.379999999999995	63.399999999999991	0.038400917255871456	0.061514995632532501
1.3400000000000001	0.040133805910911403	0.81285099630899216	0.92488995967642607	0.89437494629620917	10.074672052901196	33.322968766441917	62.19168212293831	9.6576938825683776	31.583796617394473	58.297688128576468	89.539999999999992	73.27000000000001	63.679999999999993	0.037892985372376155	0.061181029053259006
1.3600000000000001	0.013590967264593672	0.81288446128270098	0.92440453363221609	0.89424577071755196	9.9286141532204439	33.234054780057633	61.569459938490255	9.5320020122772782	31.536768692830282	57.799217788270276	89.349999999999994	73.109999999999999	63.810000000000002	0.037399087661085531	0.060852867496144804
1.3800000000000001	0.024378261066367254	0.81254756843882459	0.92376693248813613	0.89410469195351538	9.9141115247389529	33.59448069896213	60.660332719089027	9.4712309931965173	31.523721775265034	57.440920562717778	89.289999999999992	73.239999999999995	63.780000000000008	0.036918968794292545	0.060533229043716441
1.4000000000000001	0.085608641427130483	0.81197184531161659	0.92329834131573352	0.89339645143341906	9.7850125014423348	33.386630985184034	60.517407115063747	9.4120037453525836	31.483836571181847	57.063551687824805	89.109999999999985	72.969999999999999	64.109999999999985	0.036451864061741043	0.060222166747842018
1.4199999999999999	0.046794604855228496	0.81101686899484837	0.92272794857521101	0.89336377480179596	9.8170589078742729	33.911363559213633	60.543437653181115	9.447472219464025	31.49549842713812	56.926353395294235	89.069999999999993	73.27000000000001	64.620000000000005	0.035997687398005455	0.059919313607561489
1.4399999999999999	0.054307924429850239	0.81040242290961007	0.92203763853297682	0.89334228992279496	9.6691942211961059	34.310175196385771	59.673618926049393	9.4519773212900358	31.614733816818415	56.078963794689415	88.860000000000014	73.449999999999989	64.670000000000002	0.035555570545803758	0.059623438969518272
1.46	0.040685895336872106	0.8104955881347603	0.92160464837992284	0.89226201307073738	9.4454944765159148	34.059764339977683	59.137131035619404	9.5045121130539734	31.806308840094562	55.897423206710208	88.549999999999997	73.170000000000002	64.840000000000003	0.035125255629395377	0.059331250270645654
1.48	0.050769289600367133	0.81089905568344778	0.92111335524851634	0.8913924814127826	9.6371178357293328	33.965209172804251	58.586688863537987	9.5781159067560822	31.938640927176927	55.036036516350485	88.689999999999998	73.090000000000003	65.039999999999992	0.034705986220842276	0.059045311000191079
1.5	0.044934668594208069	0.81127894312438564	0.92039180440876867	0.89096103471730603	9.4958129815594994	34.184297941029001	57.835247550332156	9.6546969686264976	32.071981175771882	54.700207004677885	88.430000000000021	73.179999999999993	64.960000000000008	0.034297165482150206	0.058765439281793196
1.52	0.045932525473789829	0.81152377569544354	0.91980081192819885	0.88952813648043083	9.5582392655599175	33.998521651635564	57.855985149622846	9.6438592241007868	32.069541517950185	54.417600436816599	88.349999999999994	72.980000000000004	65.700000000000017	0.03389849523805441	0.058490845574382389
1.54	0.036970024543532709	0.81121106113302821	0.91924209404393564	0.88664377048350962	9.6868335949819162	33.950811516377868	56.212267353556477	9.6448410839766598	31.987482728680639	53.882599569635616	88.389999999999986	72.909999999999997	65.530000000000001	0.033509916799532177	0.058221458356669996
1.5600000000000001	0.032445777114547672	0.81090787246761753	0.91843713770334223	0.88570820979159193	9.7114603086367435	33.793147723088659	55.475940533280678	9.6639321937384253	32.001844687866907	53.094985747669703	88.329999999999998	72.789999999999992	65.810000000000016	0.033130434379434012	0.057953588198444372
1.5800000000000001	0.052426394302072951	0.81064081968505752	0.91783459197419148	0.88511610104836325	9.7777083306359209	33.820555995059877	55.098725710033158	9.6499838906410744	32.050166752321971	52.639288528491896	88.330000000000013	72.789999999999992	65.950000000000003	0.0327596421149286	0.057685016055117277
1.6000000000000001	0.082730698111607784	0.81056009203039936	0.91680302703409089	0.88363809536664539	9.8699888966825196	33.837328116384683	54.818826317109981	9.6789401754921442	32.163879561169011	52.581414496855963	88.340000000000003	72.77000000000001	66.070000000000007	0.032397715025687418	0.057418778389554115
1.6200000000000001	0.072543767028176734	0.81096029957746441	0.91579988301013149	0.88125771914556128	9.8052907800224585	33.635795673227165	54.65444083954204	9.6586718455491862	32.128832568869534	52.740934621946373	88.260000000000005	72.599999999999994	66.430000000000007	0.032044328649628064	0.057158529855072783
1.6400000000000001	0.11107837356485301	0.81127806374074518	0.9148098047213985	0.8801101983662255	9.7572849339011505	33.838011971478522	54.041679488955211	9.6596464417325958	32.000174084852844	52.36208259662849	88.170000000000002	72.739999999999995	66.519999999999996	0.03169870847253483	0.0568996272025881
1.6600000000000001	0.078531864140958751	0.81222075940770166	0.91383668894428338	0.87888662273452778	9.8477678193806604	33.964716894701809	53.531650934795131	9.5896052654403068	31.893599573531766	51.650415372176361	88.290000000000006	72.799999999999983	66.570000000000022	0.031361387421417218	0.056643504367152098
1.6799999999999999	0.14594922786827483	0.81173194341669996	0.91221386130908189	0.87643160839850331	9.6203524914299106	33.804737771571098	53.448049136404883	9.4156045258970558	31.525822056616118	51.021931548767562	88.049999999999997	72.560000000000002	66.920000000000002	0.031032918029552808	0.056392721784295996
1.7	0.13641599020277534	0.81117046382469271	0.91111692125736621	0.87595667015607703	9.5734856787043405	33.986510000572807	53.218419043300379	9.3408565501714396	31.185361589469249	50.431644199954931	87.960000000000008	72.669999999999987	66.739999999999995	0.030712871109475303	0.056143942705379556
1.72	0.11812034619746088	0.81065118309265927	0.91029924478659419	0.87818022832857634	9.401651405986053	33.616595629839388	53.352579422030395	9.2422925726362664	30.950588928970717	50.117976209392843	87.739999999999995	72.280000000000001	66.879999999999995	0.030400106297534278	0.055898614256329651
1.74	0.10276354356643275	0.81007528504748816	0.90980384826395644	0.88065058478703828	9.2647803878438513	33.997641725327782	52.445822108067105	9.1720361959996719	30.84074932401797	49.701479711573569	87.560000000000002	72.439999999999998	66.640000000000001	0.030094295328862812	0.055659749171372244
1.76	0.12889536467434726	0.80947269841203373	0.90896109900979805	0.87928932096598744	9.0843826232419413	34.032488272789038	52.845530856152457	9.0277122061632156	30.919861406044838	49.326306772407044	87.239999999999981	72.38000000000001	67.169999999999987	0.029795122316837508	0.05542489889116152
1.78	0.13583201581812743	0.80840727092300446	0.90753992864838984	0.88043607319524619	8.9877295688973273	33.556463119547672	51.624047632584507	8.988234010751988	31.221927480772091	48.348968718819037	87.0	71.960000000000008	66.950000000000017	0.029501967417505697	0.055194376594121838
1.8	0.15867633059192715	0.80646247014190708	0.90581879160214063	0.88091616115964455	9.2122337787730437	33.576653817136908	51.640134731659749	9.0784647317862728	31.373432099479665	47.89964360264274	87.219999999999999	71.980000000000004	67.349999999999994	0.029214947403378173	0.054965910237587956
1.8200000000000001	0.19476417651298983	0.80408431508890099	0.90475022952986683	0.87920632504724971	9.1756868251531376	33.498685904104931	51.109125028704817	9.1671562720738375	31.343118264414024	47.634244251233	87.069999999999993	71.969999999999999	67.13000000000001	0.028933965471215472	0.054740387867159991
1.8400000000000001	0.22592260522429866	0.80158399001593528	0.90207162336256208	0.87529004157469514	9.1951175684667508	32.858632299852559	50.429477929339591	9.231531554444242	31.41423438876577	47.418143114686885	86.989999999999995	71.579999999999998	66.889999999999986	0.028658856850807407	0.054519479449278152
1.8600000000000001	0.20775062352914142	0.80301891898343869	0.90213370879131394	0.87720340342715808	9.1032002995038859	33.112307295975242	50.447882735153691	9.4595554166031057	31.903404417144408	47.258121731603666	87.050000000000011	71.909999999999997	67.339999999999989	0.028391579329013421	0.054512963154382567
1.8800000000000001	0.18667017906706057	0.80412890410210314	0.90182360871971079	0.87958705567424345	9.066533811009494	33.192759973983627	49.914013952667077	9.348704275324863	32.11960597449464	47.064588685284818	86.960000000000008	71.900000000000006	67.359999999999985	0.028127119947420155	0.054300754369195237
1.9000000000000001	0.24009724482261252	0.80524106139051543	0.9014156958791153	0.88233310252795838	8.8994078676194892	33.134297277176728	49.54157322251109	9.1541939490904234	32.222894034792333	46.287813542206642	86.61999999999999	71.849999999999994	67.459999999999994	0.02786803563948002	0.054094735010880704
1.9199999999999999	0.23683528765923714	0.8054628840502337	0.9006352018279935	0.88705130375239993	8.8794466162489591	33.155754044058511	49.271866512686834	8.9999469245236181	32.226433719149227	46.088371466299598	86.510000000000019	71.870000000000005	67.659999999999982	0.02761445584433948	0.053888848634357354
1.9399999999999999	0.18723479653163433	0.80421089931210399	0.89984101485203338	0.88873287839053638	8.8981541337127332	33.595172630943033	49.096078069673005	8.935030181452623	32.121737912076114	45.86058958420633	86.489999999999995	72.230000000000004	67.61999999999999	0.027365642320123441	0.053689911713199825
1.96	0.27991830606131252	0.80406848648674045	0.89935247012535657	0.89196402742467917	8.8709460805869789	33.576951935153843	49.054902193423565	8.8917169795527791	31.94638699173937	45.614166952888198	86.379999999999995	72.159999999999997	67.829999999999998	0.027121156845329918	0.053497398354383073
1.98	0.21547199363206646	0.80235113430591321	0.89773639299171104	0.89076481908529015	8.9217662386815171	33.833562769761578	48.278701079039948	8.8494265648861763	31.913187514433581	45.793480650991647	86.349999999999994	72.299999999999983	67.530000000000001	0.026880284865530985	0.053287505245392899
2.0	0.22381098903892196	0.79796573151562977	0.89190877078048703	0.8854513426988071	8.8082477529926173	33.273279744087191	48.413531135843556	8.7827389870626416	31.866005296399749	46.076008820505294	86.140000000000001	71.819999999999993	67.780000000000001	0.026643968096453318	0.053070583089753473
2.02	0.23481409250723898	0.79577293380739356	0.88699344224680776	0.87283276379117569	8.8704808886752122	33.438041708304773	48.290983592730939	8.5563017369536141	31.7756002064577	45.945553899545622	86.110000000000014	72.109999999999999	67.72999999999999	0.026412184081923324	0.052879572764201445
2.04	0.25592925302836023	0.79131375681058691	0.88163210118590052	0.86215259959787827	8.9195393226210022	33.302353025232108	48.014087487926062	8.5289883846443892	31.823640290187722	46.44252218191567	86.13000000000001	72.140000000000001	67.620000000000005	0.026184898120542383	0.052697802535376051
2.0600000000000001	0.29032534986745961	0.78726685440979105	0.87237074155616379	0.85729290942308345	8.7912416632536576	33.457426037191468	48.063667261848259	8.4585407096648328	31.924148608907082	46.461537978035878	85.740000000000009	72.370000000000005	67.77000000000001	0.025961888113893467	0.052515931310533656
2.0800000000000001	0.2817172318107955	0.78983917496332501	0.8778373804303794	0.86214703900480516	8.7764934206568554	33.294731811743191	48.693435180588757	8.386607802702958	31.661047726036891	45.922034917069631	85.600000000000009	72.359999999999985	68.259999999999991	0.025743215085276959	0.052331809630198477
2.1000000000000001	0.33146098039607591	0.77869170605203875	0.86965691806367684	0.85723879761666166	8.8155899189194518	33.181050876249678	48.32549860155676	8.420251558288836	31.418108725410843	45.093959247018802	85.620000000000005	72.170000000000002	68.079999999999998	0.025529454016641258	0.052179893319960612
2.1200000000000001	0.32616776409509107	0.7760124574815046	0.87231706977414303	0.86378919283681144	8.772872437123322	33.306443088957096	47.938125888212447	8.3332801878010887	31.279333090324336	44.492045730297562	85.400000000000006	72.290000000000006	68.019999999999996	0.025322161659074333	0.052019432584774442
2.1400000000000001	0.34409668359056084	0.76473141297091707	0.85001618231931497	0.83874478118709417	8.7780461637340093	33.050489859839296	47.371402168751736	8.3374856276716223	31.171415175937284	44.334476756569991	85.239999999999981	71.950000000000003	67.760000000000005	0.025117614296719798	0.051861870893757211
2.1600000000000001	0.40033733808106187	0.78183526867767394	0.8738690086439338	0.86700284044841369	8.8235091733421367	32.90227467167913	47.282617219112616	8.3536289446109517	31.090055021365039	43.364070483566671	85.340000000000003	71.890000000000001	67.859999999999985	0.024915999939717031	0.051874828612446619
2.1800000000000002	0.31760403093869671	0.78598963410460976	0.87787771016796179	0.87315282557038676	8.7045984567150434	32.280263486801545	46.982639489726843	8.2554236016635727	31.063073959418602	43.294186851610164	85.160000000000011	71.519999999999996	67.980000000000004	0.024719784584400953	0.051745598893721323
2.2000000000000002	0.28575510378127061	0.79066592419474158	0.88199506091922331	0.86873154627269444	8.8771072098821886	32.85954168668065	46.931211779984352	8.2903678737071829	31.130456716003142	43.560280228981341	85.409999999999997	71.890000000000001	67.670000000000016	0.024525351177343543	0.051605757105925146
2.2200000000000002	0.35787616809433703	0.79000259545063189	0.88368877067220597	0.86668883411580055	8.8314245966608755	33.231748259262481	46.930480888165832	8.3678783010449322	31.175064865489151	43.959441542738155	85.320000000000007	72.329999999999998	67.679999999999993	0.024335595920213622	0.051457748637472558
2.2400000000000002	0.3965163947099028	0.78512217895910952	0.88148315560545032	0.86085014851365571	8.8057283825763584	32.666842753240743	47.372363493745766	8.3235932561279764	30.934390987098318	44.099050999228055	85.370000000000005	71.959999999999994	67.839999999999989	0.024147912154802581	0.051318395845333951
2.2600000000000002	0.23873974158651645	0.78899112549876205	0.88263983732950746	0.86755499937341851	8.824082344239228	32.807461779581423	46.832375296795647	8.2740159283478967	31.020532840415814	43.212066365644986	85.38000000000001	72.320000000000007	67.849999999999994	0.02396406112455008	0.051180699323554402
2.2800000000000002	0.27047413340665344	0.78721980141045722	0.87358275801774532	0.84466929865311902	8.7935100674653661	32.71040124175714	47.131813769831169	8.2363591755639476	30.960936503081246	43.590015428236327	85.370000000000005	72.409999999999997	68.140000000000015	0.023782940057546657	0.051037875169029537
2.3000000000000003	0.38843090573673267	0.78896789500080178	0.87338462303626552	0.84909697151754993	8.6756894956004853	32.426850676235539	47.180096068089959	8.22525062631121	30.647170080941482	43.561605737940681	85.269999999999996	72.190000000000012	68.179999999999993	0.023603860937006362	0.050922922670353934
2.3199999999999998	0.25546550948413776	0.78559491280793681	0.87219679499902614	0.84261158472302655	8.6084428407058979	32.292349093831461	47.247725511895794	8.2375345695309417	30.545887749318076	43.533230476180734	85.150000000000006	72.379999999999995	68.179999999999993	0.023429561254226305	0.050790544986089092
2.3399999999999999	0.46344844965008963	0.78384574236933369	0.86935961684180507	0.839495362694473	8.4324599505091591	31.707472484122729	47.171577799797817	8.1895925046292444	30.253476014555634	43.154687398616247	84.929999999999993	72.030000000000001	68.310000000000002	0.023257249060618754	0.050638344924412146
2.3599999999999999	0.38829891496528274	0.78192587098612909	0.86736638228511753	0.84159106262598604	8.3043397705746678	31.688000438733873	46.879520165246035	8.1444295375042568	30.125333229736867	43.441792881592669	84.540000000000006	71.849999999999994	68.260000000000005	0.023087864756327882	0.050486400540876011
2.3799999999999999	0.33398737899618108	0.77300591492976933	0.86736598357235972	0.85638863749031702	8.4102748071526889	31.788842411053054	46.85785298307097	8.2194074666161558	30.112345026862393	43.382092147825375	84.620000000000005	71.919999999999987	68.0	0.022920591700737059	0.050341417813025736
2.3999999999999999	0.44727882201992564	0.77230287842509826	0.86727278666163199	0.85696472283653446	8.3447439091562376	31.762663884479128	46.92284188569127	8.2105132902380138	30.275681962691937	42.863176793098447	84.489999999999995	71.870000000000005	68.02000000000001	0.022755810817833674	0.050189884054556488
2.4199999999999999	0.51151129005591423	0.76736111743229285	0.86303725973826961	0.84441574548736287	8.2350600278237298	31.346248803959988	46.987091904039502	8.1770798326380731	30.15578920622189	42.613202376945445	84.13000000000001	71.640000000000015	68.139999999999986	0.022597501398305977	0.050030833641434604
2.4399999999999999	0.42434378156680103	0.76546273735511461	0.85875377097151451	0.83901230388283232	8.2369146229008674	31.46593118112698	46.979792023340835	8.1978657039565341	30.208220177052731	43.147760349963214	84.080000000000013	71.469999999999999	68.099999999999994	0.022440992874703292	0.049858642054251633
2.46	0.34213750783471247	0.76238198782334921	0.85678591731533726	0.82274023978809052	8.4001285745720384	31.060977951907024	46.715394423081328	8.3246778154337999	29.94575452610859	43.383288103893378	84.319999999999993	71.059999999999988	67.799999999999997	0.022287155188990986	0.049688720176463474
2.48	0.52102478338228364	0.7608395895335105	0.8581799512394499	0.83069789495852253	8.0956806814453994	31.153983331315239	46.041932737400941	8.3187000576636638	29.754251209688295	43.103719641088581	83.929999999999993	71.010000000000005	67.22999999999999	0.022136450440276477	0.049533144843561423
2.5	0.48613152503175416	0.7594362005619415	0.84527148998714297	0.81660476677381766	8.121974042356916	31.034968851950236	47.237389512338311	8.1367423728474222	29.436419893267374	43.844173205227214	83.72999999999999	70.939999999999998	67.639999999999986	0.021986553434669313	0.049379515643320375
2.52	0.4796223217400768	0.754619743924686	0.83562086004511382	0.8040328003826096	8.0184276951062508	31.127797057426882	47.277155288248316	7.9822687943689843	29.32729729532171	43.225921403342973	83.47999999999999	70.820000000000007	67.569999999999993	0.021840111332033674	0.049239175481072969
2.54	0.54282541962867004	0.76298818908793509	0.84218269725299211	0.80055814561141392	8.0328171658250191	31.424871086535404	46.558954955696734	7.9276644171531201	29.451457948374355	42.892157989164133	83.289999999999992	70.960000000000008	67.160000000000011	0.021692333865320552	0.049075708369047032
2.5600000000000001	0.56201706936965579	0.73775262713904255	0.82335520653702621	0.76063203548013714	8.1750959217977446	31.451939932659634	46.501878723351723	7.9070047571460602	29.297781539097326	42.380007784710124	83.400000000000006	70.909999999999997	67.239999999999981	0.021560899911409283	0.048676745955605526
2.5800000000000001	0.48031282246134099	0.74226278367062659	0.80491395252802744	0.7686563771173176	8.1176659717186759	31.152574551604395	46.541217527831655	7.745518400409499	29.093758539351313	42.684229262298487	83.0	70.360000000000014	66.900000000000006	0.021415658613343953	0.048426683113791925
2.6000000000000001	0.48416350798908014	0.73283577799858146	0.80149637469680646	0.72982836446564359	8.007130896088281	31.126715272735794	46.107060414303611	7.6612273030393423	28.929590918270186	42.48057305272242	82.840000000000003	70.429999999999993	66.909999999999997	0.021293395109670217	0.048333645511479797
2.6200000000000001	0.49399112303366199	0.73717482115506183	0.80719759524296353	0.72586879088920087	7.9472812059702402	30.882725722592618	45.596157446038532	7.7501346514702458	28.980721903274645	41.865550681895236	82.900000000000006	70.349999999999994	66.960000000000008	0.021152774194569242	0.048132089769321117
2.6400000000000001	0.51386923866925327	0.73201331945461479	0.80552336206752018	0.73776066563445331	8.1621611285952298	30.780005322474931	45.638860656684429	7.84547619956499	29.184533755741825	41.666791106583034	83.210000000000008	70.240000000000009	66.890000000000001	0.021003244925737751	0.047826021411123999
2.6600000000000001	0.544208021519343	0.71880293137454931	0.79889500061765417	0.73350587990984129	7.8384676878091213	30.746288620635983	44.911169870795973	7.5993021847032978	28.922014563520925	41.688387852580647	82.700000000000003	70.47999999999999	66.819999999999993	0.020879038047909901	0.047597278290124931
2.6800000000000002	0.56328194300870837	0.71724177635781416	0.79646539884335321	0.7210083028708546	7.7551148884859771	30.429270770624079	45.553379288032694	7.5429393361768264	28.669394744004848	42.034188010217974	82.789999999999992	70.519999999999996	67.420000000000002	0.020748354425363817	0.047511813910758226
2.7000000000000002	0.72658748321175148	0.71180844190542847	0.77683321610835088	0.73384475933920545	7.6171636588129656	30.393280343149193	44.423582251983923	7.6344121580761328	28.555543225646268	40.280468120760283	82.47999999999999	70.700000000000003	67.27000000000001	0.020632193756530491	0.047305054989359406
2.7200000000000002	0.80351373211653565	0.7215771663017817	0.78062218728017707	0.68874794001131123	7.5922114025417518	30.513364172528224	44.6980729376413	7.5407680900231453	28.639206098641392	40.179391988874897	82.460000000000008	70.250000000000014	66.680000000000007	0.02050235525534385	0.047122425101038055
2.7400000000000002	0.59860919412080038	0.72169012556673529	0.77425579089578922	0.69548872558420238	7.8072180805035831	31.03312338845268	46.565766974683321	7.5722320491933743	28.974149597270799	41.509611715739233	82.539999999999992	70.440000000000012	67.009999999999991	0.02038805935151982	0.046902619206893294
2.7600000000000002	0.66392173810953381	0.71164284946295586	0.75693999709822202	0.64911195712968794	7.8117403541441677	31.129837179383344	45.024792105078383	7.4743003687399554	28.478117244732651	41.795354585101045	82.769999999999996	70.63000000000001	66.63000000000001	0.020239780599044903	0.046720034001064226
2.7800000000000002	0.75146247821189394	0.70474397002018174	0.74253611043042733	0.67598444598032204	7.628081430905377	30.770217979545066	46.705261932832073	7.491151512817825	28.199190301284766	42.819702492660397	82.22999999999999	70.509999999999991	66.820000000000007	0.020140651768773447	0.046487523667038733
2.8000000000000003	0.82497273490971024	0.70243158467691635	0.74584567730963569	0.71435822521184034	7.6817279671070491	30.15546631012209	45.980040145577675	7.3797523515180856	27.555027943244038	42.045231016783738	82.320000000000007	69.850000000000009	66.409999999999997	0.020006825138691196	0.046380853394126613
2.8199999999999998	0.79518170007343991	0.69389524603255204	0.74118727845704568	0.67334384361780764	7.6680819948241377	30.118621638949872	45.093864259443549	7.4008735303581661	27.907243362227369	41.430146406726166	82.219999999999999	69.72999999999999	66.419999999999987	0.01988527152590399	0.046170262284380238
2.8399999999999999	0.67673883883716912	0.69486059517387744	0.74029678276098509	0.64861588734119791	7.6737668703287412	30.160739292898381	45.519670735035355	7.4767389667295081	27.999859486560904	41.555075414997795	82.049999999999997	69.840000000000003	66.469999999999999	0.019770302143206193	0.045969687976420294
2.8599999999999999	0.79103296193711015	0.67066899931621449	0.708223195314448	0.6218509376096264	7.6894840100145174	30.553025468477308	43.966544846947116	7.4411681709172113	27.806882752449432	40.069101062302749	81.840000000000003	69.950000000000003	66.569999999999993	0.019674771659688849	0.045835239294407235
2.8799999999999999	0.89408577236724784	0.68092838651995102	0.72135007287566466	0.63614817973228155	7.5236736180027846	30.327188800063446	43.965653800502373	7.2935466598416765	27.850277352936008	40.045410893257021	81.330000000000013	69.469999999999999	66.399999999999991	0.019524784743332059	0.045453540972328191
2.8999999999999999	0.74035738335479773	0.67943561295813282	0.73132696194244928	0.60514181114333021	7.6081567373493524	30.142257340667054	44.147688095018907	7.1397701661788364	28.042240110266953	40.205997366963331	81.659999999999997	69.650000000000006	66.389999999999986	0.019452670964126617	0.045337586478275509
2.9199999999999999	0.94548944658579703	0.65754384237436247	0.68124893747505644	0.64997672480522728	7.777703070051075	30.488043560884364	43.6094701012629	7.4080545835937697	28.082961843871125	40.075633844432936	81.460000000000008	69.769999999999996	66.359999999999999	0.019314048219841826	0.045103877584989183
2.9399999999999999	1.0000511436233785	0.62215678872127023	0.61138677242265682	0.51010464175851	7.4833482580440203	30.364308552320409	42.936215755448259	7.1614589015673378	27.768844195792962	39.341967504256175	80.900000000000006	69.109999999999999	65.900000000000006	0.019198351778794944	0.044639289377242826
2.96	0.79891012773152881	0.64083228715984752	0.65329447426416798	0.59897715185416112	7.7763133152412793	30.164754922228049	44.030768779330764	7.4883963068678678	27.995160587997258	39.66988102376876	81.259999999999991	69.409999999999997	65.969999999999999	0.0190868607419802	0.044628874979262871
2.98	0.8701449447944799	0.65169346643153825	0.67733407335584284	0.61683712910999278	7.7391706091348649	30.527756248450629	44.054697598409518	7.3745377712109201	28.583989094899454	40.109058790622115	80.969999999999999	69.150000000000006	65.640000000000015	0.01898865288796581	0.044786051178611154
3.0	0.71727761553022762	0.61871929389127145	0.66349802576476358	0.61170377255245634	7.2877605529721468	30.146585825714759	42.41967874144057	6.946800686509131	27.735114907779963	38.025379119270426	80.359999999999999	68.789999999999992	65.430000000000007	0.01887884514079563	0.044142314994625828
3.02	0.90080326620868922	0.62312265977751835	0.62135103826683613	0.52731819000573432	7.6606626520419763	30.57813914175653	44.817870962095284	7.3267544755189649	28.080412476214001	41.054974179871145	80.919999999999987	69.740000000000009	66.430000000000007	0.018794338884036477	0.044311506120029286
3.04	0.81617270012014143	0.61848476684021547	0.62877779938300604	0.50468038097316337	7.5878492014906653	30.770539023723178	44.691635570933613	7.2572351308317398	29.270013384400993	41.402136253923601	80.749999999999986	69.079999999999998	65.650000000000006	0.018692928119271143	0.044029483346862991
3.0600000000000001	1.0004300349727711	0.59968276427590594	0.59500122088730933	0.51110105348658086	7.6906938666686715	31.09488975000021	43.600186328139657	6.9819350714423933	28.951835081536824	39.46628627258508	80.849999999999994	68.640000000000015	65.890000000000001	0.018573675714260676	0.04400605741607564
3.0800000000000001	0.90809066014948925	0.57346508540016738	0.56502561070470247	0.52641176665665057	7.4828639228710117	29.815972278543462	43.33632229839678	7.1085547151236224	28.347538468267892	39.186820853402828	80.650000000000006	68.060000000000002	65.359999999999985	0.018476690995857543	0.043426409475629701
3.1000000000000001	0.95381096638138774	0.58918802436647766	0.57014662782545111	0.5093003213402546	7.4312276442092822	30.434976062526072	44.908760603110771	6.7999157437731865	28.300204355497943	40.43993728769081	80.659999999999997	68.400000000000006	65.810000000000002	0.018356427524304619	0.043160261752745753
3.1200000000000001	1.0349574472071978	0.58556624059307005	0.59257028483511776	0.51588961587188131	7.3908162724111488	30.363832704303963	43.361908403262206	6.938779319036156	28.558788085289155	39.356365223999681	80.040000000000006	68.249999999999986	65.480000000000004	0.018272064274915588	0.04253553070515622
3.1400000000000001	1.2628894876529193	0.56371100679270858	0.58168495014682164	0.51816630365259086	7.3417946614516039	29.747903352694756	43.3414839102835	6.9687414908725005	27.615714346063424	39.516637584704924	79.989999999999995	67.570000000000007	64.769999999999996	0.018188445228924037	0.042841519606224017
3.1600000000000001	1.1471483734487264	0.56533168266045464	0.51016029560185872	0.44751196950833155	7.3036235581485389	29.981998642631179	44.578496991340792	6.8039440515232297	28.019416699020944	40.600736303593308	80.040000000000006	68.049999999999997	65.230000000000004	0.01806809228765199	0.042367656389029625
3.1800000000000002	1.14401427202659	0.5336318365336068	0.54004073135580122	0.496933811301629	7.3279004866430011	30.207450984787293	42.625523908490479	6.8888304415384978	27.610176422441647	38.464765450351123	79.799999999999997	67.780000000000001	65.400000000000006	0.017988428174991883	0.042307032501313166
3.2000000000000002	1.0230566867045563	0.51790890265048861	0.49283559785539721	0.42814443051552614	7.4461546922891886	30.858951157449031	43.985928666167318	7.0113250678468075	28.378500820749412	39.318073606446113	79.939999999999998	67.870000000000005	64.699999999999989	0.017912428832514659	0.042608362166866719
3.2200000000000002	1.0278852864304198	0.55614635802742252	0.56332513166593001	0.48419497766940039	7.4451566046743825	30.654143172292805	43.604776452767055	6.9215223752551136	27.304919609621244	38.275993184657388	79.409999999999997	67.359999999999985	65.030000000000001	0.017814008523555958	0.042013370283518647
3.2400000000000002	1.2856760942932186	0.5276383172907666	0.51256298312564352	0.40112349191579699	7.442089227861258	31.253217455825382	43.180869908629816	6.7281323923724914	27.860400756405323	39.165049382568114	79.689999999999998	67.790000000000006	64.789999999999992	0.017722525364369159	0.041378601394458578
3.2600000000000002	1.1376732696506304	0.55348343609883954	0.52464448228045435	0.43731771330450292	7.5346881222770765	30.766137175876644	43.197826378358442	6.9092555120150276	28.154865837018548	38.856625605652127	79.810000000000002	67.740000000000009	64.870000000000005	0.017630362992844636	0.041601554840995814
3.2800000000000002	1.0120074340712424	0.48057335102213028	0.41664522847644758	0.34235345757331198	7.2994606386842431	29.978844487372498	43.511508626591983	6.7550074471876673	27.846325571123081	39.250025459668365	79.420000000000002	67.299999999999997	64.080000000000013	0.017540230623800022	0.040434094172454756
3.3000000000000003	1.4389361949299058	0.52579224444749273	0.48150003188757678	0.47930812445482529	7.3597539770424332	30.070851037410062	41.026684429109913	6.8214734794796241	27.760752576630818	36.326690224659252	79.060000000000002	67.310000000000002	65.039999999999992	0.017480782461825117	0.041148499854227152
3.3200000000000003	1.3153285112544078	0.51004293040742943	0.48778863009342227	0.43238390132307292	7.4134755531202954	30.733886642452795	41.101250543970011	7.0297340158815276	28.299593520861613	36.977135417506233	79.070000000000007	66.719999999999999	64.529999999999987	0.017348345472898118	0.040505079484083127
3.3399999999999999	0.96336887966051044	0.49856095364411185	0.48337205218401635	0.4349161120890388	7.4262481770935569	30.270609769996316	42.663375727818782	6.9222454713749801	28.000924428530944	37.919280389479752	78.909999999999997	67.159999999999997	64.370000000000019	0.017292265624775906	0.040661764663207742
3.3599999999999999	0.9723473406758234	0.49882508014460569	0.487032084358823	0.44420735086205793	7.2423258394406336	29.660093231508007	40.262900273428386	6.7975191018047152	27.788520965451561	35.988386546966247	78.909999999999997	66.680000000000007	64.590000000000003	0.017172936695892264	0.040517327737447213
3.3799999999999999	1.3980748281565012	0.45192474522799558	0.46097229230518566	0.41395480482356906	7.2796271346604922	30.004711432360192	41.407872682595233	6.6677592088694215	27.654145879938163	36.442491334369358	78.920000000000002	67.150000000000006	64.330000000000013	0.017087351722911349	0.039789815908609874
3.3999999999999999	1.2972639540913078	0.48287010246790851	0.44275845178114359	0.32952903108172749	7.3864869145070768	30.18417849044128	42.221192210546903	6.843202682110137	28.244942644306583	38.081431263466996	78.840000000000003	66.909999999999997	63.720000000000006	0.01701549112653648	0.039960079864273877
3.4199999999999999	1.2281740408440911	0.45030990299915297	0.36393297662665092	0.30767781712098696	7.2997564472817773	30.696919861362026	42.481365502117491	6.9009804969689457	28.303237587926382	38.013074697735199	78.280000000000001	65.929999999999993	62.820000000000007	0.016904893228811439	0.039132199107630578
3.4399999999999999	1.2513834897396172	0.46594124027064227	0.48763381933266958	0.41824574438009615	7.4566882666333925	30.808196747561539	40.004822568873422	6.7792903387978161	28.343176366351081	35.374396786733115	78.359999999999999	66.88000000000001	64.420000000000002	0.016889904998943443	0.040154377572639552
3.46	1.1929789633164825	0.3934749852426721	0.37137638277412915	0.40377438676098193	7.3710862114980484	30.247969710390556	39.496475506866631	6.9415894752087173	27.661943449870552	35.246255628605361	78.329999999999998	66.099999999999994	64.230000000000004	0.016786592868630445	0.038808271391596545
3.48	1.3221292242625027	0.46772525239437079	0.37737846356229748	0.34280049808157936	7.4940597230716275	31.143931206737694	41.159745023248909	6.9080935278131079	27.911345606019268	35.57862178345696	77.929999999999993	65.47999999999999	62.950000000000003	0.016694022191308132	0.039119836966119918
3.5	1.4546502370735643	0.37761408425864901	0.32371247234494499	0.29786924499247414	7.2724155910257666	30.881085449012765	41.22495980718908	6.9630801701925691	28.554018898535183	36.131338352121503	77.799999999999997	66.090000000000003	63.429999999999993	0.016655160682015429	0.038887782214983395
3.52	1.4078583595000924	0.46249220612254643	0.39818263970105688	0.32248230795677346	7.4693293356982124	30.484746406465383	42.045638052603145	6.8894720590074261	27.981432267066328	37.316319294841556	78.579999999999998	66.0	63.279999999999994	0.016519689382200407	0.039019008194928755
3.54	1.186840738114721	0.44748685935791227	0.40466635667723228	0.34169522787666384	7.178971792179043	30.341126021550547	41.601517003122318	6.4347962725506891	27.065317014435294	36.301656413337689	78.099999999999994	66.289999999999992	63.379999999999995	0.016479344358324748	0.039232682644954095
3.5600000000000001	1.4464982074745525	0.42758710281144319	0.37634619638148942	0.3415368568975482	7.2581682806849601	30.554947616710951	40.662934077573922	6.6168987732189013	27.849501594932889	35.59744281547998	77.700000000000003	65.349999999999994	63.0	0.016422907224268722	0.038815871989816821
3.5800000000000001	1.4646577050818981	0.46263790235873364	0.38947283662541105	0.30325591506725047	7.2810721985888334	30.201575799223992	41.501557373987104	6.5711840502377568	27.307586854904152	36.814008611283604	78.440000000000026	66.179999999999993	63.629999999999995	0.016318554452309147	0.038215057167855407
3.6000000000000001	1.540147106074198	0.43943534929385103	0.37744170964411472	0.32164491279434387	7.4021711359140765	31.176129740378883	44.432988053789479	6.6876106410022462	27.923466436485775	38.987959482215231	77.779999999999987	65.450000000000003	62.539999999999999	0.016224137799114646	0.03820302959502421
3.6200000000000001	1.5619173266912405	0.45624060631595026	0.38862813424627568	0.32044219310152888	7.1825011534847976	30.406328198233133	41.006131145242946	6.4322341589100613	27.137119176874659	36.199885418985438	78.030000000000001	65.780000000000001	63.310000000000002	0.016199722501014917	0.038285554597898709
3.6400000000000001	1.8686986609557714	0.44341257103449117	0.38854671285347708	0.34524846829105404	7.174308994181807	30.583946372042316	40.443466931823501	6.5810928602141443	27.251520502959966	36.372799223149954	77.780000000000001	66.099999999999994	62.920000000000002	0.016093687139465192	0.038514644622309274
3.6600000000000001	1.7538811352910431	0.38940532995322313	0.34997367888060754	0.34545247752866531	7.0282570004428182	30.406842263913756	40.359118239464131	6.522808337424161	27.715999197802709	36.556366760122714	77.659999999999997	65.679999999999993	63.269999999999996	0.015992458182516267	0.036929019057914528
3.6800000000000002	1.5658854363677459	0.33188404141725891	0.24935065145030788	0.2298009729131924	7.1080228708900233	31.022375440336123	42.727462067391301	6.5275111411886328	28.150781716730471	39.108671928367059	77.599999999999994	65.25	62.620000000000005	0.015975231559771465	0.037258115842173589
3.7000000000000002	1.5339881501156372	0.39327833700128217	0.32009529379919166	0.28494465302661098	7.2764027858358604	31.036163434367712	41.758163626515	6.6244280025371252	27.664802590201823	37.51874975061461	77.359999999999999	65.189999999999998	62.769999999999996	0.015849404594746618	0.037626063863038947
3.7200000000000002	1.9167731441280498	0.40358647501246958	0.37139294678989487	0.25885976648950854	7.0808687859857162	30.597482320848133	42.597280384069165	6.4433430299313725	27.799613315614589	38.768174872259671	77.509999999999991	64.940000000000012	62.729999999999997	0.015795752450254434	0.036948787334406416
3.7400000000000002	1.6111814322766631	0.39519509909068001	0.34106788223718204	0.31906990803886359	7.1465994570482509	31.511984650274883	41.387435408570354	6.6595288137400441	28.425329976728939	37.998305578411802	76.659999999999997	65.039999999999992	63.109999999999999	0.015769800520069401	0.03702382878287782
3.7600000000000002	1.2539940069644948	0.39161221433866256	0.33168181578060302	0.28031677770560026	6.9938643079037703	30.263537262577763	39.058548597034509	6.3806337729593041	28.093134408128371	36.160626828154939	77.310000000000002	65.109999999999999	62.870000000000005	0.015643988933259727	0.036801636595137459
3.7800000000000002	1.2863603742637877	0.39062072294017575	0.2989320737755089	0.22774236271517928	7.0425845501065352	30.539043231289646	41.598673894167639	6.3060497612745028	27.269597294462166	37.129991905518736	76.900000000000006	64.359999999999985	62.259999999999991	0.015603453444272646	0.037313912963184023
3.8000000000000003	1.7477267767163671	0.40858343367349292	0.30606299518191088	0.22879414998715591	7.1720944992328199	31.824346873761243	41.208740503446094	6.72818718600716	28.757877050528748	36.704631234521798	76.760000000000019	64.239999999999995	61.690000000000012	0.015498264121268503	0.03656096863508309
3.8200000000000003	1.4870915645022753	0.35969023565858438	0.30391623352726338	0.23558628160202746	7.5405204335378526	31.057331175284265	41.740208533282363	6.8058073538883335	27.623492154180475	38.445383192851821	76.969999999999999	64.590000000000003	62.260000000000005	0.015370155503863222	0.037528400044954231
3.8399999999999999	1.4331429368171975	0.34449236071824124	0.30764453376070017	0.26308231433059837	7.238397795224695	31.65906126500882	40.532946377714843	6.5731580794730267	28.052281129105204	36.995765743390166	77.079999999999998	65.210000000000008	62.669999999999995	0.015359747120162054	0.035377569905987075
3.8599999999999999	1.4283578480700614	0.38668405947966911	0.36868865760820613	0.28110421390168389	7.5298547837453516	31.674699208538772	40.69365996325687	6.9642245520432251	28.390864822943009	36.732783587813486	77.019999999999982	65.109999999999999	62.410000000000004	0.015352771353678027	0.036977261065171185
3.8799999999999999	1.827631540622044	0.34976487707821752	0.28602489877668691	0.26751906558343219	7.109654241315944	31.713853482706803	40.093924053068918	6.8779058062145735	29.383038302248472	36.692423422106188	76.189999999999998	63.859999999999992	61.700000000000003	0.015211379257875473	0.035513530380833568
3.8999999999999999	1.6262039893750893	0.36099164639069181	0.2667775438812775	0.22555825421864545	7.3614737888045223	31.922627766907318	40.875589637228096	6.914657724295739	29.021493060556089	36.298963089562079	76.75	64.920000000000002	63.079999999999998	0.015208630368829865	0.036508633837785923
3.9199999999999999	1.4674572912865955	0.34897141047216557	0.28662739042975127	0.20030264177940471	7.1662271259714831	31.304605023579757	42.327583417441687	6.6330834707216839	28.464863174148093	39.376419402950674	77.27000000000001	64.700000000000003	62.820000000000007	0.015070862536789778	0.037009794579715941
3.9399999999999999	1.3492649291689189	0.30563312757494876	0.25627791332607253	0.22158234933628201	7.3878438674253175	31.890289774114301	42.985024803200382	6.6609821302810079	29.805265046738764	39.447101240988374	77.13000000000001	64.969999999999999	62.439999999999998	0.015078048832706734	0.035967964363957855
3.96	1.3658523155188118	0.33127072817053421	0.26991492465633354	0.23159876180639122	7.2180907205758071	31.14634003535528	42.019298045839136	6.7330731980783955	28.762248604741433	37.848846601358673	76.859999999999985	64.879999999999995	62.329999999999998	0.014965241343163099	0.035235849461768866
3.98	1.5149346269456341	0.33013653241722829	0.27122168427203086	0.24809532752084559	7.2027767542896184	30.856772372495477	41.473337702488024	6.7626925583740292	28.957500321689814	37.626355983873523	77.070000000000007	65.090000000000003	62.910000000000004	0.014944405473991238	0.035218581166261247
4.0	1.567209103307903	0.39506130724685873	0.27920334970478011	0.2030092014179159	7.3289119849171538	31.886991721274995	41.39056194772833	6.6071353092553124	28.29338671762677	36.596367598561656	76.500000000000014	64.539999999999992	62.239999999999995	0.014856458863899266	0.035414158399851424
