f	stdf
1.0003462256955589	0.10039493684699302
0.38254551897848621	0.10234433119712567
0.23659214541553986	0.10296492411433449
0.17159411195701041	0.10055555953507539
0.1349690912562492	0.096580406185137954
0.11151195152988116	0.09197940089103078
0.095171073676361767	0.08776089165949591
0.083126530117561409	0.083974697891301006
0.073868857413110695	0.080691012009264221
0.066530175745348266	0.077820554527930519
0.060569046073298043	0.075226336168386171
0.055628626769888861	0.072873738147340841
0.051468329442832257	0.070735514438370312
0.047913582167478611	0.068740573024823073
0.044839498974687815	0.066907868400620296
0.042152363968142439	0.065251861710354547
0.039786558733041107	0.063686378509505315
0.037683932055304764	0.062222572654915216
0.035801984088534196	0.060854935702248952
0.034108562090876933	0.059579556511574525
0.032578464207208044	0.058371622926315848
0.031190049890659721	0.057213900978419698
0.029921717992485729	0.056128269730845344
0.02875817114735512	0.055078340766714334
0.027687660744167647	0.054092416494837849
0.026700819711084529	0.053172608526702851
0.02578916221968643	0.052331483030677903
0.024942812601582945	0.051503839500091381
0.024155851668741582	0.050706310909701416
0.023420492426974207	0.049937166621982297
0.022735278665956125	0.049221803559412705
0.022095502632774731	0.048576806390498557
0.021493579406752051	0.047942162273305146
0.020925410489929911	0.047319607499131139
0.020391773245605847	0.04672634807123862
0.019884171912725599	0.04584875716042211
0.019395008498577341	0.044960576945709263
0.018931057388137655	0.044097246002655674
0.018499835163312561	0.04344964034606142
0.018085851225674195	0.042754061701247702
0.017689261129411844	0.041979978774387007
0.017296133147069768	0.040613896539128724
0.016937899382912468	0.04008338472084863
0.016590070406154584	0.039308416582777152
0.016259653310291399	0.038139775991000956
0.015970337504959357	0.040111849336167439
0.015676310678436476	0.039655501872998898
0.015396720768430216	0.039410334556699157
0.015089800993763142	0.037574609771445729
0.014823933523058625	0.034601062868002165
0.014563193865239391	0.03433528957238173
0.014317862977780069	0.035173624163786381
0.014045514022389502	0.033025073883687479
0.013862049523607149	0.032623744618853708
0.013661088637833631	0.032294117930406666
0.013412966083310452	0.030749405753822762
0.013196240864101512	0.031277456964913505
0.01294901507327932	0.030075405928159566
0.012888917611222083	0.030197962892485167
0.012585129090007667	0.02958427634816314
0.012504638891172757	0.029608663840382181
0.012359196650771998	0.027933891125017617
0.012134875326936238	0.027873450393915797
0.012031452316651694	0.026480409463543169
0.011764872872913194	0.02568913964355285
0.011591149353469046	0.025716371404679216
0.011431676716688223	0.025881861900166461
0.011322831740724137	0.025870794016766778
0.011228270665081435	0.024927924797063305
0.011125034612615593	0.023389950247387201
0.010999335465524307	0.024091974904087907
0.010835447885014339	0.023739402164820997
0.01064805639032825	0.021976658082615515
0.010593838911077732	0.022821366884481265
0.010473236749531854	0.022521269837361645
0.010388186127487431	0.022275308672017231
0.010218531004213532	0.021786151967942174
0.010145603420177712	0.021994284208496188
0.010015051826011333	0.021230767266532825
0.0099492432303026415	0.021376036822495108
0.0097808436474799455	0.020109577802146558
0.0096792417291485244	0.021066186537383496
0.0095473831476332333	0.021018933094872266
0.0095443034273490178	0.021009490131615047
0.0093961411221201285	0.020317148082274493
0.0093638987995730508	0.019784664971249189
0.0092385432848416486	0.017923362472606501
0.0091745225877535655	0.018838418893209568
0.0090642139287021428	0.017866047456826316
0.0090122214357050614	0.017646504076866638
0.0089011495225020561	0.018113025344609884
0.0088804066945852491	0.018275766177789237
0.008739209162155601	0.017570358652725184
0.0086275862145172109	0.017356506373233233
0.0085940878372453879	0.017325049872862052
0.00859258706019197	0.017770345969014549
0.008478509778314141	0.016962700157332564
0.0083621418165347062	0.01629048498910405
0.008280087899948026	0.015948826772954276
0.0082357133280416394	0.017311480344484449
0.008140925535212902	0.015745781408297105
0.0081802734060754979	0.016382877229180682
0.0079828822289391317	0.017282896524264735
0.0079850216693529517	0.015618565679349453
0.007885531403005696	0.015363337032982432
0.0078903350074522802	0.015852627532098793
0.0077476956321542402	0.016355716826320778
0.0077193797888187631	0.015605530984753431
0.0076568630225386739	0.014272457682739718
0.0075831354366840938	0.014382743458408497
0.0075522519817895224	0.014662408106609679
0.0074417425167845903	0.015048475704150598
0.0074100574451551873	0.014202770010628238
0.0074020014010012505	0.014642901676310415
0.0073063539057858472	0.013793241572669111
0.0073327659908885108	0.014725592316261723
0.0073336245605321385	0.014837740638975907
0.0071417476581336781	0.014022966171146803
0.007166187530284019	0.013631063493082622
0.0071833543273946429	0.013388386187810835
0.007017353868673153	0.013534069106962155
0.0071489250158373952	0.014518251177340067
0.0070113863374447367	0.013144790251993279
0.0069173811280120838	0.013577191009678694
0.0070222236893666672	0.013277185995333729
0.0067696099306909742	0.013066992093835592
0.0069172077941226833	0.013695925993385632
0.0067704774022677551	0.014213627796863809
0.0066994886805357597	0.013575645266348191
0.0067266379920896237	0.013529172276773334
0.0066637482965090098	0.012462225168740907
0.0065590119618573741	0.01243911181064007
0.0064762834054456564	0.011394886108663998
0.006582944992882373	0.013334992312692369
0.006552293427543523	0.013044553367993653
0.0066130771361731693	0.012644509578943454
0.0065324496104655723	0.012229315615223306
0.0063549788920989718	0.011433709204090583
0.0063241775674270908	0.011651736246934085
0.0062158362229616489	0.011249809669178308
0.0062977909786747204	0.012009348125377175
0.0062835224084473867	0.010647935167889274
0.0062593600154834967	0.011545288516219825
0.006301057912550004	0.012461757484914366
0.0061707304059136821	0.011578043832197141
0.0061075697226620883	0.010989597395834114
0.006038899685576405	0.010794109497630173
0.0061094140513974883	0.010517958621053902
0.0060187984486423322	0.010741397479134539
0.0060092792960448642	0.011729266899909734
0.0059393606531945517	0.010873451741403591
0.0059559047790663485	0.011309030694994558
0.0058864781106073997	0.010908529322969634
0.0059288746266781362	0.010318601517808659
0.0058253953148580655	0.01156177763916813
0.0058179245507703516	0.0097992537294579185
0.0057149277891181387	0.010054553080379893
0.0057617181412937838	0.010258903216606116
0.0057149099880112126	0.010221910328648288
0.0057231664864374008	0.010649916655366513
0.0056304808546042192	0.010047503232893322
0.0055863191799369796	0.010335938528717611
0.0057277131734245436	0.010436212251582373
0.0055482282896911952	0.0099164432991621261
0.0055331617371960143	0.009879840388751655
0.0055913267937663085	0.010959776555410484
0.0056095373322629588	0.010013929432300547
0.0056535973402377163	0.010292586539935094
0.005547199253208456	0.010561496162063987
0.0053984481276827057	0.0093354544726073942
0.0054440304569295947	0.0094128634377252472
0.0053469584043697744	0.0094965978217223593
0.0054823228468984164	0.0098289719718894653
0.0053645035252793873	0.0097806451990176246
0.0053576217234882883	0.009987696293870401
0.0053277794365322248	0.0093135329560884838
0.0053340188573522398	0.0097283647003055945
0.0052292257690621608	0.0095594037200219424
0.0052913734798357027	0.009949174175237786
0.0051513584583739256	0.0089872214650534004
0.0053147791264394253	0.0091291455566857894
0.0052273725368856003	0.0090673052129315729
0.0051385397725319725	0.010056188540249459
0.0052008070912669671	0.0096930635473448344
0.00516739177929705	0.0095727963062427358
0.005118767800524367	0.0095280798390035525
0.0050910586635081337	0.0090931606388776516
0.0050643810840558618	0.008523135658416052
0.0050152771795667819	0.0090388255351611987
0.0049309587157618075	0.0084218859694018804
0.0049960625572018193	0.0088164487311882828
0.0049668009881118462	0.0096540977556819445
0.0049314695635942919	0.0085491295021945402
0.004929226111053839	0.00880882360264733
0.0048758175126715347	0.0087423459623360462
0.0048939063024210673	0.007974141330348997
0.0049990225967193923	0.0089905484697341293
0.0047817797475592323	0.0087902543957270474
0.0049325723627018942	0.0094262542340718541
0.0047642090482884559	0.0080160281226601925
0.0049673045336611557	0.009321076022134573
0.99929479488757056	0.10032501294824271
0.38326833481588224	0.1033132716445604
0.23729945590549817	0.10401012125246478
0.17227739917444013	0.10104787046576222
0.13556894576045161	0.097133588528860101
0.11201161860305923	0.093053224246404484
0.095592319752871358	0.089274105136585888
0.083497124739497247	0.085782409594772915
0.07420788292470723	0.082595512100428675
0.066838723003780395	0.079812520765932371
0.060854793911142749	0.07731260668538216
0.055894227685681731	0.07509686101317406
0.051722639065124143	0.073034462860740182
0.048160280242128775	0.071131745672771238
0.045083677227358551	0.06936939216180639
0.04239623513982501	0.067732330660134468
0.040028235116686316	0.06620208419631686
0.037926846827330454	0.064803397028856249
0.03605228916978917	0.063475398110859366
0.034368618364104708	0.062226816804508138
0.032844927580719753	0.061035457115579964
0.031458319897880664	0.059917109125512708
0.030192316357599079	0.058840210498611628
0.029033328827258315	0.057843167690435952
0.027967096578306292	0.056921610305328517
0.02698372435597645	0.056086677131916778
0.026075043814418435	0.055318140591428033
0.025231081013121784	0.054576304951313014
0.024445655216786741	0.053901915322837925
0.023710789704471772	0.053262074076164352
0.023019488814869787	0.052606071301524469
0.022367384776364012	0.051951200639388108
0.021750866614746699	0.051282623385806615
0.021168517385399641	0.05060645944500352
0.020616854972018508	0.049921051198239336
0.020097685090207273	0.049261913362688481
0.019610783397989971	0.048668428048083905
0.019145606501946411	0.048038814703516154
0.018703967692799407	0.047386711554069857
0.018281194046552093	0.046533056823312824
0.017882270073595302	0.045711929803620599
0.017511069327942535	0.045233828666428423
0.017142642085551878	0.04437568117174967
0.016780020906218371	0.043731249443549301
0.016449533091680329	0.04312125086775373
0.016136175996977739	0.042591262409710812
0.015829675491525301	0.041627251343106846
0.015521695815277636	0.041006261137793473
0.01525085752389301	0.040704810787593387
0.01497543845701362	0.040203589720630796
0.014723588403709062	0.039138482686852549
0.01445764396137551	0.037829309757747925
0.01424103633635679	0.038210704354624876
0.013998730275168791	0.037178629277687801
0.013755860011044754	0.03718105746672469
0.013502949460912315	0.034921217829330109
0.013315564428008679	0.034694252721220252
0.013135878766735658	0.033956414630556986
0.012944479265941444	0.03405025553154075
0.012719093775586117	0.031665134338744967
0.01252624857557345	0.031311750587886315
0.012386847443637336	0.032808790284255061
0.012240757958601415	0.031963684431779528
0.012015331406534003	0.02978249974483755
0.01185371429366548	0.030170468579106244
0.011738161227786854	0.028128552434289987
0.011579496161445426	0.027496554220796155
0.011437259197459335	0.029175404496483658
0.011287812156451089	0.028056207091086138
0.011182940981665713	0.026497089304477892
0.011008071402366412	0.028603516800632441
0.010954202716103548	0.026358119630209686
0.010819503783043836	0.025627974136171981
0.01059448209514479	0.026721644933796765
0.010576056714876611	0.02517081721191318
0.010400957650122229	0.023890883572109924
0.010345004312055867	0.023535428263937196
0.010232804971769536	0.026067531676995652
0.010084508677692441	0.023935119106344684
0.0099956707822305476	0.025131815482182414
0.0098776268309921471	0.025731920851128732
0.0097929149341372968	0.022327858783371783
0.0096939123823263865	0.024106389300603
0.0095642024092028061	0.022643237605455158
0.0094844614930663044	0.021664453877022927
0.0093873419256514396	0.023953437172774331
0.0092512585543302536	0.019798680353336397
0.009249782141362026	0.021542443153501577
0.0090753631425641388	0.020645509745131334
0.0090911128876610438	0.020475329037817919
0.0090248841897827507	0.021564442122729611
0.0089143934459537996	0.020435452208191991
0.0088222687373150279	0.021103447414199349
0.008745740362838008	0.018993879301412157
0.0086342315440213948	0.019733750189787239
0.0086016565231591471	0.019473907740668213
0.0085014651338896647	0.019378182236975971
0.0084024597991160382	0.018221803478517894
0.0082858756180386166	0.018667988682992406
0.0082460626557885504	0.019508248051802811
0.0082163048295156322	0.018258302069751927
0.0080926899129136233	0.018030832054520628
0.0080950784198603951	0.017563310239176625
0.0079747799512878519	0.017341817249506224
0.0080109486175514982	0.016718119874415363
0.0079077677672088013	0.017743880921690297
0.0078132896241039015	0.016675853519924129
0.0077570633529457818	0.015741088294635011
0.0078082138202391939	0.018296960539825591
0.0076649616637372983	0.01591887059288186
0.0075581675197510419	0.017179211588970438
0.0075817781945568419	0.016694562232072427
0.0074985831291304698	0.01620171805931515
0.0074363851947890783	0.015050782837755195
0.0074515924257763499	0.014663665311947779
0.0073484696239800133	0.01477405641377175
0.0073003089345781468	0.016813232527238035
0.00728353578632354	0.015631836216683476
0.0072607688857979245	0.015919228169723718
0.0071102808700861846	0.014328876466597322
0.0070701908924470621	0.015345248147397779
0.0071046044541018564	0.014861907534069428
0.0070228757677301438	0.015703039067893457
0.0069855711581972837	0.01474043690137547
0.0069318733802554849	0.014173744450775422
0.0069343197287329286	0.015091114868921092
0.0068612609537508275	0.013788999026472376
0.0067917690151332302	0.014561716830315959
0.006794706181995281	0.013995775575423764
0.0066614635550979184	0.013452355336156581
0.0067059255500093434	0.013285814506295124
0.006617252802868301	0.013525415256858759
0.0066211306953066805	0.012872787201318459
0.006613428049555203	0.013766859781806615
0.0065518455006627167	0.013459828005533582
0.0064803481010972802	0.01360874841835258
0.0064408032526114831	0.012447094006746135
0.0064211295309097062	0.012677683132151457
0.0064717118669112153	0.01333734137018194
0.0063327669037851336	0.013011395864459395
0.0063050912097620928	0.013008499254995925
0.0062894417493501347	0.013450212653685961
0.0062237276594965668	0.011496859483309637
0.0062058980126049367	0.012662720300703636
0.0060982357441352001	0.012760697632669524
0.0061018652743563134	0.011291625900721525
0.0060257931735628141	0.012070733055862126
0.0060086506587206734	0.011218569710351718
0.0059889996410460748	0.011572333470888936
0.0059901322893699607	0.011785414840214217
0.0059752594702961112	0.011360048787872295
0.005918624802860005	0.011894272766772903
0.0058834758626478308	0.011205304748892652
0.0059364209454198435	0.011052727959810136
0.0058224341544342159	0.01131212358684402
0.0057800610166020266	0.011638332073684842
0.0058304868892662459	0.011141651070903459
0.0057134059468450559	0.010046911859730527
0.005704876356910569	0.011332939693564411
0.0057417540088079751	0.010902441728010354
0.0056521473237979708	0.011337494406524149
0.0057507167695804735	0.012109199118513091
0.0056240029641045127	0.011509824767215134
0.0055908864545600474	0.01079105513142648
0.0055268395187424062	0.010244954018365197
0.0055454312648257993	0.0106584238430622
0.0054901273332893215	0.010997779641990944
0.0055084478923547401	0.010429723464195541
0.005431130572021701	0.0098212793776559868
0.0054592103021076617	0.010151014055909666
0.0054199741544526132	0.010112896613280751
0.0054099458188081005	0.010332733470309399
0.0053938263748622471	0.010271964084848033
0.0053642566161464147	0.011204596193101275
0.0053037866615048296	0.010925975346014812
0.0052896325198238279	0.0095745059749100178
0.0054165205856882464	0.010333429757092378
0.0052584824830478527	0.0099870108743846924
0.0052021479277085305	0.0090254465592481074
0.0052256360503165908	0.0089757560248201126
0.0052095472472393958	0.0102093934004355
0.0052091824275119925	0.0098531591041952516
0.0051777357922794063	0.010657261467656279
0.0051201919545708543	0.0091075060303652793
0.0051126016468340911	0.010163179650130966
0.0051019517947623544	0.009859042336027463
0.004946566295276655	0.0093234995994580291
0.0049799117562131998	0.0090418211758512054
0.0049732330657026834	0.0089743991644019548
0.0049869013567894402	0.0090473693078337979
0.005078140634758933	0.010037192384456295
0.0049962882286842076	0.0093171278929939719
0.0049447951537444062	0.0090870754057642174
0.0050200116360958284	0.0095476877820928167
0.0049112081446937633	0.0096064024030518055
0.0049319207382072516	0.0097636839660815641
0.0048470981240313453	0.008617793846820215
0.0048627421644888086	0.009296649692867821
0.0049110544208974339	0.0095021394269368675
0.0048628417264154362	0.0087498182941180992
0.0047819357689927603	0.0084800411729933807
1.0001472103519458	0.10041132588323855
0.38350816852465086	0.10393216376177147
0.23744489415907735	0.10486385239362896
0.17236020964571311	0.10236658833396375
0.13565535925898342	0.09831969206546573
0.1121163588742075	0.093851337228596857
0.095729113420388132	0.089429861137254874
0.083636606147665382	0.085457530411803775
0.074341166802296493	0.081896346877789628
0.066965530813637	0.078747946434387553
0.060967009957489028	0.076026626379993939
0.055997582532528102	0.07356146351164973
0.051807809038021749	0.071372031724671894
0.048227250791261465	0.069424702301908614
0.045131980456525736	0.06765279300056222
0.042430589301996308	0.066064603097952646
0.040050584991146783	0.064698085304659869
0.037938817488410888	0.063508027965930122
0.036053404813312255	0.062384425232572233
0.034359826944569703	0.061387646183924387
0.032829861688007694	0.060476104793160096
0.031441089221055492	0.059617830508355417
0.030175051400904738	0.058751354635820423
0.029016749469005253	0.057917174370474805
0.027952136337106977	0.057160325610825187
0.026973469661919946	0.056475763274926739
0.026067422463613391	0.055876292313826036
0.025224059072605162	0.055253824715504392
0.024440642045728503	0.054667153304124243
0.023710452097624533	0.054097809731921152
0.023025356570753209	0.053525154885823018
0.022387059539581613	0.053034240653953416
0.021790690143717789	0.05260386778002548
0.021225319786592506	0.05213440732372214
0.020690448594669723	0.051663307621083739
0.020186160672025097	0.051227039032239532
0.019709739144738201	0.05081620671516103
0.019253586122638333	0.050338752536993499
0.018819616065952196	0.049850810291715029
0.018406316970203115	0.049354965160018069
0.01801332072415247	0.048863768291952304
0.01763787948208401	0.048357653641271689
0.017278114014010904	0.047872532441367743
0.016931703229974133	0.047366407575356463
0.016601339927130952	0.046886714613605836
0.016285213598217354	0.046468611896059928
0.015983577437435465	0.046015076815482059
0.015694936286867859	0.045525009241511372
0.015419505938835235	0.0450316332499427
0.015151708469308365	0.044599084028257491
0.014899992167252726	0.04408491878705912
0.014655744780404788	0.043700512705583311
0.014420068777050222	0.043346308710925131
0.014195552455957071	0.042713527718252105
0.013982057049400693	0.042547514007636844
0.013770820955537789	0.042028186231644796
0.013570572434162187	0.041713577352972472
0.013381319164848153	0.040816558948364563
0.013188679246980499	0.040723160229938951
0.013009768513122816	0.040584249259221626
0.012802195735900569	0.03954468890150447
0.012637092556312686	0.038816419873152971
0.012470260817315204	0.039247343339531886
0.012318428438591126	0.03781405324286103
0.012148735832295397	0.037044723574576333
0.011995944685522904	0.035078962121110349
0.011884127935464964	0.037072747733262447
0.011743539597017474	0.034000780608511666
0.011601546085423655	0.034281300267118044
0.011445756653026492	0.033063286041624528
0.011300113379042093	0.032393465845355324
0.011144290803176547	0.031412957591017948
0.011037995713383446	0.033114858525124816
0.01097540792092817	0.033295446869733659
0.01078218828447915	0.030843810792533077
0.010677447228188182	0.030419030937619294
0.010639989397954359	0.033088847708954323
0.010446723468353998	0.03061356764761208
0.010372095935267119	0.032230387318019645
0.010231251430686084	0.02851023383568756
0.010113636817784091	0.02672777833726404
0.010042125587769622	0.028490560116278062
0.0098824332320998493	0.026912384088261077
0.0098404651686676628	0.027935513494590041
0.0097143069838966124	0.026844654885603777
0.0096363156908351993	0.025114866689633336
0.0095506103367073662	0.027014784559090187
0.0094088877211799659	0.024940696550073038
0.0094653592315397921	0.026878371484337651
0.0091403049233970326	0.021572487759383904
0.0091883027200779007	0.026198597283365609
0.0091410958897399468	0.023728968703353549
0.0090498659190293273	0.024498685303653057
0.0089128503194493575	0.022287985896063192
0.0089273666830848881	0.025818597968601104
0.0087499675026832899	0.022368409112244331
0.0087326840181250771	0.022731539553436968
0.0086460952050639688	0.022033251222030925
0.0085985052703077408	0.024848219632452047
0.008593869543473789	0.024207180157928349
0.0084006436455236408	0.020429610278243231
0.008323168688637932	0.020655107896662788
0.0083135985478048069	0.021599836890870357
0.0082625841761663921	0.021882570270996604
0.0081898593118354124	0.020645782308049719
0.0080882101990356631	0.018207446878804469
0.0080546227484730743	0.020512788176319161
0.0080215385532816652	0.022193758426918953
0.00782344355029547	0.01786907297364445
0.0079643413170673201	0.020676369242631956
0.0078723850545518014	0.020151872457318601
0.0077274577304114692	0.019582274248818223
0.0076993218397543453	0.019452603011254489
0.0076308240499363524	0.018082954197333492
0.007562748609864057	0.018470155610176911
0.0075282222798521625	0.017699435524022353
0.0075187441866232966	0.019054338999055842
0.0073489421066908886	0.017161658067039273
0.0073495999532320585	0.017349217416372593
0.0073419801637209419	0.017814716689835815
0.0072915287913806835	0.017764654307520378
0.0072913375635142259	0.018992419170742705
0.0071927802301394762	0.016687571761596041
0.0070910828532008861	0.016103538315704755
0.0070428609720883766	0.015800452702308853
0.0070576829885881601	0.016536293460975817
0.0069841288942080575	0.015129919683051614
0.0070044953060119097	0.016732356898107197
0.0068753792909693745	0.016496943087154776
0.0069522110599926088	0.016791785749133967
0.006937407556110089	0.017216515494467188
0.0068036878137196473	0.015465845862095469
0.0066613617200534511	0.013409419119549871
0.0067412606270485865	0.015018066638738108
0.0065998341446867424	0.014373680715512807
0.0066693914360695643	0.015987413078463596
0.0065955713555892817	0.014357753859919909
0.0066581104160744649	0.014319848806453385
0.0065593669084855278	0.014092434181662722
0.0065371160037057457	0.015191075052100678
0.0064231721656273092	0.01450022862055847
0.0062940572700202913	0.013814043402938903
0.0063296414736059743	0.013265121641959353
0.0063077680671467708	0.015892420003666908
0.0064112252242769759	0.015178703276890072
0.0062628817781831625	0.016328006876313177
0.0062773777747659985	0.013861168105372954
0.0061137325624608845	0.013062415695833194
0.0061080798780244142	0.013727278081916063
0.0060909812755360303	0.013255870208321349
0.006152947269181407	0.014283661976451473
0.0061762902587112825	0.014501537036627477
0.0060727549999616175	0.014498876621585357
0.0059492044082276093	0.01270218986517928
0.0060006149292199332	0.013370068649042569
0.0059954347362262865	0.013725114759463516
0.005970838005826846	0.01334263947696797
0.0059819309129265988	0.013752622891644577
0.0058093241824385211	0.012251555729882891
0.0059291383136283182	0.013316187321287086
0.0058330389021643151	0.014191386962630491
0.0058558569030625219	0.01221570313710536
0.0057917728440945006	0.013199938359909314
0.0057512763043664986	0.011823726964515143
0.0056557962768937296	0.011390106413550686
0.005670136130717417	0.011613416889408508
0.0056358270407637009	0.01242320867762085
0.0056424538074359813	0.012874636705371994
0.0056617985330522577	0.010997533470065013
0.005488901315882924	0.011813692483933731
0.0055443612940930297	0.010930867971775457
0.0055210721875191306	0.012196965378959245
0.0055589193533689433	0.011959188961752354
0.0054022054705805227	0.011259463464651651
0.0054458176665968319	0.010424060345949681
0.005477833011241229	0.010504008192321758
0.0054507422701307942	0.01145185392246746
0.0054224736551288649	0.01241803642381851
0.0054852842914992761	0.012706571551970452
0.0053555567449320241	0.010468258121147172
0.0053638515668438186	0.010987632932619248
0.0052381201041790358	0.010073797391960739
0.005213184648860167	0.0096015791194126593
0.005334199409689014	0.011298544947448292
0.0052630143305674084	0.011394100695102509
0.0052671758726255844	0.012302485701186536
0.0052061086043231446	0.011241688208378888
0.0052420028466570031	0.010599895653989623
0.0050800307522888936	0.010105189688739856
0.0050182107504585819	0.0095265508030967089
0.005141076687333105	0.0097721025187817168
0.00501097895502372	0.0091316876897373118
0.0051490188419645441	0.011816691347608285
0.0050719597683363381	0.010791625924510408
0.0050670178020454856	0.010108740674986896
0.0050407996442119974	0.010604589498198834
0.004973894103863629	0.009667724482197524
0.0049363468368269605	0.01035870205457518
0.004989440115627331	0.010540510836685385
0.0049526764442270168	0.010397618524296381
0.0049530735976651601	0.0096453611470714452
0.99944758000309342	0.0981460042981709
0.38340720717050397	0.10232821845650293
0.23738534745019291	0.10283768213529423
0.17229309668140352	0.1000139922726325
0.13558886706655612	0.095447265429189063
0.11203264968777796	0.090541012694008466
0.095611614105986203	0.08601608081733951
0.083487803008477884	0.082126900233206901
0.074163244219450683	0.078842148552159111
0.066771871658926576	0.075881419777225387
0.060771984804149713	0.073146264347938014
0.055797802022187565	0.070751054248478065
0.051607482510029785	0.068628540766348209
0.048031047418314272	0.066674408886844103
0.044942485087382522	0.064879515156985659
0.042244795233918948	0.063289173866053205
0.039871579714087731	0.061889304085748678
0.037765307202244185	0.060666387851283546
0.035881426202211332	0.059582971816267719
0.034186803176296757	0.058598132736578122
0.03265258430395622	0.057644289823649511
0.031256694567032998	0.056730432830114086
0.029981420524648732	0.05589875385488647
0.028814207452053112	0.055117096593430247
0.027739995908672252	0.054376818099755669
0.026750079217606307	0.053646779436246704
0.025830935275757048	0.052947565741258341
0.024978477317642508	0.05233246741242549
0.024187432978965497	0.05174696632495919
0.023448865540952171	0.051142739481904391
0.022757080540072954	0.050539292326409045
0.022108962936301352	0.049976251770801353
0.0214995467769779	0.049426000872884686
0.020925311894714058	0.048885311037323111
0.020385512554912236	0.048301722073006224
0.019879782130947085	0.047699540529211701
0.019414980650684491	0.047013864714253673
0.018969045471202883	0.04635348782226846
0.018543408298422326	0.045758542104044911
0.018136824562187827	0.045314996790337798
0.017747265577841113	0.04488004563089236
0.01737501009786584	0.044515765021509002
0.017011506569078391	0.043865734267608841
0.016668528450314121	0.043462022225813551
0.016333447677659457	0.042859801412538402
0.016041690234330025	0.043255655957837306
0.01573032897943159	0.042719281184174625
0.015455920126724376	0.042329351122401944
0.015176810442302237	0.041714356187748658
0.014902118768186487	0.041136607232400306
0.014639634644389896	0.040561101835010674
0.01435969407654117	0.038718731367127404
0.014145353985536574	0.038544545852591559
0.013902225159906518	0.037724159295792085
0.013693113784482869	0.037252533058093701
0.013476803496256377	0.035374907937157085
0.013272107093325713	0.034707606406575678
0.01311486884099812	0.033528711571442493
0.012807109047151667	0.030181903408570004
0.012662642310019625	0.030256742656261871
0.012546947030941284	0.032670448442804846
0.01233855907451595	0.029408656720297414
0.012169975786034808	0.032220323484776055
0.012071228524664007	0.032140946207184717
0.011881531416122887	0.030743860681188572
0.011814967039743862	0.03154917576656692
0.011620724040399774	0.032537466457581425
0.011379306785150145	0.029360465488799007
0.01134338845460525	0.029188030194928404
0.011238660124854107	0.030970312423541251
0.010985204780317758	0.029092738608463974
0.010980140980266995	0.030997206417100052
0.010816868511529914	0.026263457058492035
0.010655964901463519	0.027460015283779358
0.010647696125391582	0.028662548389855078
0.010447045506350129	0.027011471302312295
0.010426456324045626	0.028251919548295035
0.010223800974449403	0.024639090735089207
0.01011115722230237	0.022595432095866751
0.010060504544810457	0.024496872857358007
0.0099269896719512123	0.024957848589037917
0.0099439897769827545	0.026405305506338777
0.0097172013532138019	0.023046093240959884
0.0096811439599142589	0.021766337719447425
0.0094251524951234275	0.021402836550831507
0.0094672462302754345	0.022392652252940844
0.009328529902533236	0.02354108389962177
0.009360374051872844	0.021842700420502677
0.0092192033485021807	0.020593352166324068
0.0090636270205968726	0.019338407819610784
0.0090805883122058798	0.023161101366483083
0.0090458583840471226	0.02174518281355841
0.0088258507750568638	0.020730414051464151
0.0088244851782549073	0.019503500549085735
0.0087152994226631173	0.019277531947230964
0.0085860710445934893	0.020256194840196726
0.0085936522546353374	0.019807196570725272
0.0086636574450965186	0.020497099459502597
0.0084689211754435355	0.020244874834054426
0.0083629888730743472	0.018711146724896894
0.0084186161324796057	0.022913295912134354
0.0081870175337695472	0.016954832227206257
0.008140140469102523	0.017889143488444576
0.0082616937127340129	0.019988609555743535
0.0079953897137632571	0.015534609211830365
0.007933562416426997	0.01818221528963411
0.0078352364271692589	0.015639392203056213
0.007788361622935394	0.015828467695965822
0.0078227132568652012	0.016503899236156704
0.0076762813387746204	0.016428637488841505
0.0077425640386356532	0.0182788790786685
0.0077062979688430188	0.016875681661733661
0.0076548866429252847	0.016767930025934918
0.0075108067151965583	0.016215188788228658
0.0073875874972709945	0.016218279071536848
0.0074052106825726015	0.015901240154358006
0.0073971652778932733	0.014742524844657403
0.0072515320689242185	0.015062752604336928
0.0072213199739786038	0.014583063757210434
0.0072037699253491789	0.014101681386085013
0.0073324664002881708	0.016589961398807224
0.0071383434293167247	0.01315650664988754
0.0071735442631617212	0.014472253284607729
0.0070466459452766051	0.013542327923932281
0.0070173793023922716	0.015197761698513564
0.00700561082245282	0.013474856678425101
0.0068190542617777459	0.013733041489924228
0.0069077335575473738	0.015673349992097588
0.0067919295006128493	0.012891677703590537
0.0067417048674640635	0.013357892158996253
0.0066764015922208125	0.012250450333179978
0.0066604854024531739	0.013714539430924402
0.0066702310376983752	0.014314736648230188
0.006622899526119802	0.013528927757804626
0.0065585732513729492	0.013352615964390281
0.0067262421237544437	0.016349203784239246
0.0064223925327192401	0.012785773537324465
0.0065382215473541692	0.013143184209037474
0.0063459505722413406	0.013388460627771621
0.0064385827181554353	0.013930174599847684
0.0063619802877663556	0.012757440891001882
0.0063260804563466432	0.012418740873954033
0.0063191944147866167	0.013098584342099496
0.0062342668063418167	0.013121976309019703
0.006251335772593119	0.011869860372167893
0.0062814103290109455	0.012364109027444534
0.0062618237533556527	0.013222959145917488
0.006147935344045825	0.012115026403846138
0.0060454970702402645	0.01150791481594169
0.0061322915045040173	0.012466355960364718
0.0061042149859753458	0.012201507970450375
0.0059082158518083041	0.010518634584803396
0.0059713148607073319	0.011543033093795634
0.0059481994864477895	0.010821693317753173
0.0059787491548164281	0.012221533135284641
0.0058929956861217513	0.011533217826189594
0.0059309172174404484	0.011626473524360279
0.0057704441589626083	0.01091828879760808
0.0059474947863052885	0.012457655062529096
0.0057548537560650793	0.011215719323006324
0.0057991692972830826	0.010278820466155251
0.0056011497187208013	0.010438421634546053
0.005654390280728375	0.010296046961798573
0.0056391439109939271	0.010852366333379769
0.0056849271688904444	0.010307286751758701
0.0056499954838657128	0.010908895087282804
0.005568778850943582	0.010472336711063917
0.0055128522685110792	0.010050780369910533
0.0054258575374198014	0.0093239350531390541
0.0055257883831481983	0.010092599525292213
0.0054678222453363795	0.01011116508603966
0.0055227844234202661	0.0098901140873738011
0.0055445030747519912	0.012357004205865298
0.0054350465691442411	0.010072117830879858
0.0053954014422467793	0.0099297864457195475
0.0054184214797846362	0.010808727046169057
0.0054329509870097116	0.010301217484891068
0.0053839572817962261	0.0093117295330731355
0.0053461479318641578	0.009664609178572996
0.0052303233732173523	0.0091901706607255707
0.0052239031797523486	0.0096912564309106306
0.005218546612653095	0.0096928387078942767
0.0051612183072657931	0.0093542791440245233
0.0052442150397703051	0.0098339323568095802
0.0052810205594922763	0.010950666811148464
0.0051244956797054861	0.009828128610001657
0.0052283403103026184	0.010288961158771292
0.0051488543139776542	0.0097388330304784814
0.0050101546805563007	0.0092907658872971866
0.0051727149723969617	0.010169147903795932
0.0051671282082848069	0.010958461478643393
0.0052166903250533483	0.010438154974434443
0.0050327024756285184	0.008940263465744858
0.0050034924294603492	0.0089735175601197911
0.0050015402324138205	0.00897261565298502
0.0048517823479269128	0.00917656062106024
0.005029047893447245	0.0097293286498936413
0.0049481514614192696	0.0096547158087816366
0.0049426443668742388	0.0095006927891838518
0.004927393549086426	0.0093146410728693618
0.004853796742308656	0.0084867863491290742
0.99902664732968538	0.10528560885057463
0.38270305415244038	0.10944907852555792
0.2367829140520234	0.11008568955369614
0.17189596687424444	0.1059114265355512
0.13530371916895403	0.10050869740607513
0.11179500199628649	0.095545609272970844
0.095414218710794071	0.091102374066449457
0.083343510232606444	0.087130659057219492
0.074081189317358645	0.083538749253820946
0.066744958412089717	0.080226787243086142
0.060781676860408466	0.077246718204225476
0.055840300118179184	0.074519245506882714
0.051672135233169124	0.072106998131951483
0.048108784960201788	0.06997421497023841
0.045027478498311284	0.067984781053997551
0.042332313502672685	0.066169995403336207
0.039953792757965075	0.064494464869640777
0.037841618263966099	0.062962758526255796
0.035952628647019848	0.06157864091979421
0.034252173874189808	0.060359193629152055
0.032714232356098563	0.059268406953265566
0.031315970392278868	0.058306682714677295
0.030041291120839558	0.057490907794515538
0.028872274751016121	0.056729808046470973
0.027799033000595493	0.056045610323600899
0.026810985985811497	0.055373815806622713
0.02589729247919504	0.054701769267940174
0.025048947107812625	0.054041250589393026
0.024257535301965633	0.053388056550254186
0.023514756816412189	0.052726322378638828
0.022819023999142572	0.052102998405996442
0.022164501654040374	0.051478438408642462
0.021548361116958119	0.050864002549297266
0.020967432326180827	0.05025896473656797
0.020419793659546825	0.049677510884894985
0.019910777308370119	0.04920554584338542
0.019441114461438546	0.048916018339705568
0.018991965897418681	0.048509172881177898
0.018566609925007298	0.048128517475694209
0.018155644761063506	0.047743691959083435
0.017761005688107252	0.047124829168702684
0.017390667333946921	0.046675731306045201
0.017035994603795318	0.045842318681002345
0.01668771394146153	0.045035866365580657
0.016353221340590474	0.044281917789571516
0.016028074136901178	0.043518067081181694
0.015714849181518328	0.042808209843409349
0.015421916617084717	0.042218216133253189
0.015138705368014534	0.041655397937334429
0.014870824774861215	0.040913380392894896
0.014606834218021841	0.040267729706905932
0.014353973494619407	0.039317829854427493
0.01414515099351682	0.03958411324048907
0.013888213848411681	0.036980590372220297
0.013702159016528629	0.03408134788049625
0.013477116924469547	0.037103197404150072
0.013297491542384897	0.03145700685917184
0.013074661610134194	0.032697109880706905
0.012862582149222456	0.030475649097762788
0.012729897991991654	0.031454392880954751
0.012534502972229184	0.029361878893024201
0.012345396302315003	0.029254765047541782
0.012208971819164527	0.028546224219245183
0.012033610470321037	0.027839931862517639
0.01190181308914816	0.028359015865090462
0.011697496695437909	0.027118130960721534
0.011577780778835794	0.026638486682008661
0.011393215264585548	0.026025852152458673
0.011326569642584178	0.029949093566677742
0.011127333630477382	0.026085388723007495
0.011106609888128404	0.026632710234431162
0.010907021346441916	0.028003150320723882
0.010764471245176207	0.024882652293558641
0.010632471852605454	0.024522995989720405
0.010556459487812038	0.027361464839112788
0.010427254936646573	0.024429789618408387
0.01036363432523737	0.024090855398486499
0.010169083433813047	0.023255969550824412
0.010063049632786075	0.023448068338639726
0.0098778099553949519	0.022057723924867937
0.0098952199264950493	0.022368524115032432
0.0098072970511237072	0.023027608604637935
0.0096056665212776483	0.020353456637369104
0.0096099071923518194	0.02174029431678861
0.0094219129808594398	0.020172037918974241
0.009409285050860642	0.020884060688815376
0.0092834336327581989	0.020459972907762039
0.0092962688353436396	0.021404406785449071
0.0090865510003968458	0.019293785033966931
0.0090514089416460063	0.01937479706496012
0.0090018849953109378	0.020351212720032787
0.00892181305294012	0.018984433326898916
0.0088386492178803098	0.019635438217461051
0.0087405426429911903	0.019011786608872913
0.0086225799937703039	0.018850999894635088
0.0085844091233295179	0.017625053452560067
0.0085601268386654803	0.019590295876620551
0.0084713635082520403	0.019573679856545217
0.0084137685675119162	0.017584474220333577
0.0083243812970368123	0.01780389143727763
0.008194169524631062	0.01700725168407562
0.0080868081776473873	0.01599579712835273
0.0081715357595903131	0.01771688300426956
0.0081034627158212379	0.017148227799463869
0.0081128205490822256	0.017872876007090671
0.007923472407939813	0.017892188150814076
0.0078041658162589303	0.016907043192290382
0.0077643525127271225	0.01567559908700435
0.0077245964639340754	0.016086557107920351
0.0076856340255074479	0.016801408108495921
0.0076634216723340098	0.015864623464478027
0.007633402744681746	0.015094662774460643
0.0075262346365726649	0.01563886929003018
0.0075014898035820699	0.015228244723170949
0.0073970528667663864	0.015468187809347531
0.0074707853772357762	0.015743387239497059
0.0073250956675318859	0.014614481771615872
0.007258082124732123	0.014891492170354582
0.0072593204936077351	0.014753768201014648
0.0071612238534117601	0.014165918320862711
0.0071191480067325673	0.014070706727891907
0.0070285006289638637	0.015036867881177952
0.0070430829099908691	0.01442354067908585
0.0070139771250999289	0.013864064370496872
0.0070134059782838952	0.013283891081359866
0.0069445994145305983	0.015726024482860288
0.006870219188887249	0.014057954182277361
0.0068092108368686148	0.012805159484088632
0.00681488792626224	0.013564377016851061
0.0068068718253804636	0.013382871491897902
0.0066604512651923277	0.013994500837704177
0.006648083271235586	0.013828936707237097
0.0065059552305689562	0.012464365015667982
0.0066521536939688607	0.014524151501256419
0.0067538052122171812	0.016801241402762134
0.0065325068252930748	0.012746374999355419
0.0066024718591951876	0.014370979500453468
0.0063875427740623025	0.012063702854990505
0.0063962870128509309	0.013653873629118065
0.0064272167787922836	0.013673925044998939
0.0063339585741060437	0.012651691353047426
0.0062678465406962097	0.01226977554155337
0.0062234230687595211	0.011844982441640542
0.0062863600332294595	0.012537996545245575
0.0062254515225594678	0.012959037703665886
0.0060283162448917056	0.010861479813072207
0.0061010075792227274	0.0110079155602106
0.006057253135657999	0.011294832579109458
0.006134496025518482	0.012649697444427238
0.0059859327009456178	0.010648644490691308
0.006026932505736932	0.011439089350793517
0.0058328003610352824	0.011388392252763717
0.0059097819067381917	0.010970447504958264
0.0058599485779200931	0.010672946097996129
0.0058300566871647705	0.01138116752727847
0.0059233013051848511	0.012550009312577539
0.0057543813403425331	0.010900672380477639
0.0057893204490968402	0.011146500083960165
0.0058409753383481325	0.010737490494939536
0.0057359868983336429	0.010848409827275758
0.0056848574956257589	0.01017168924796222
0.0057048880872073481	0.010239605973112152
0.0056474576897065018	0.010843761706270456
0.0056596952584532208	0.011364003573340452
0.0056521112507106393	0.010024739319107755
0.0055559483814173498	0.010072860767108173
0.0055617662308078738	0.01056518744928708
0.0055741974920228603	0.010393744042444031
0.0055269051637327456	0.010475131119067577
0.0055604975705089684	0.010552286410294463
0.0054262653424534671	0.0096138962119665938
0.0054021634395584519	0.009934653816522164
0.0054404271647982292	0.010014563365552741
0.0052875717615734653	0.009053224964372622
0.0054121529473577928	0.010080371767462574
0.0053857910159128778	0.010061265937796268
0.0053317895565869484	0.009517833556019116
0.0054371477855661684	0.010559734649131581
0.0052744647378473028	0.0095912372700531594
0.0052057256353134984	0.0091449511885682757
0.0052857023913719502	0.011800393297758881
0.0052346285315342739	0.0094472571884204933
0.0052525076567170627	0.0093854201480877246
0.0052531817469587041	0.010556892186601231
0.0051520248373772021	0.0097278346146601295
0.0051580306291464538	0.0094527504476928752
0.0050604613519122134	0.0089927374613023355
0.0050585004838242893	0.0087612752147878548
0.0050340590639232213	0.0097699084670203971
0.0050511061097323348	0.0093562515588557216
0.0050693261873980509	0.0093728618720245963
0.0049834452481071628	0.0091928828722064714
0.0049281577228063632	0.0086892269540939492
0.0049740415121493587	0.0093208390448714772
0.0049229754933650229	0.008610519673929163
0.0049998403384041686	0.0090470950007226127
0.0047889689847233916	0.008174912199419104
0.004894955110463956	0.0097278929069626544
0.0049149886581146942	0.0086451619412341967
0.0049398721279607224	0.0084991182351836572
0.0049160974840436683	0.0093783038101424784
0.99978647328554393	0.097856649968755968
0.38338262265314016	0.10133992484883164
0.23731892266070395	0.10194655131311882
0.17219041394972862	0.099603361230758261
0.13546503384060707	0.095535596752270996
0.11189865876078781	0.091044822090009386
0.095476496746006348	0.08678784908864437
0.083368303693637374	0.083008225085797069
0.074058183870013963	0.079755754588400576
0.066679991455027246	0.076942787233356222
0.060690340668022952	0.074467859776649353
0.055729259123450461	0.072231563521287637
0.051547758019279868	0.070220157485625476
0.047977694653963954	0.068367665672520894
0.044891881545671287	0.066666892662230845
0.04219721171704377	0.0650923893134151
0.039823161359738096	0.063662848043415904
0.037714262904584218	0.062382168862732963
0.035828413643248298	0.061167227076379234
0.034132010249617366	0.060037161331995548
0.032599385131135944	0.05898563744656312
0.031208828518870826	0.058019331774160944
0.029939611185315785	0.057146476369265613
0.028776987382052109	0.056344770728881853
0.027708750913019144	0.055603425943646485
0.02672692796706511	0.054844645448983709
0.025819867645516758	0.054109618275738035
0.024975478863283707	0.053383895128139583
0.024187214290844198	0.052668499937301994
0.023452905131668679	0.051998633458871298
0.022768462671397996	0.051367532420850001
0.022128700745590108	0.050795880424319408
0.021525067937329417	0.050298270007510609
0.020954364926500518	0.049827278863514728
0.02041303937349246	0.049334260879998204
0.019901768018526292	0.048951577374734337
0.019412307670654449	0.048445993369234885
0.018946487004695391	0.047882015559604092
0.018499866755970294	0.04719013377098788
0.018082716040744806	0.046350287860522629
0.017692255466233039	0.045845962517660925
0.017319756992289093	0.045126403951762969
0.016962384751895456	0.044653597398264716
0.016615116499533851	0.04340799919298606
0.016294324945658665	0.042575412916061553
0.01597834588650163	0.042763690079432114
0.015695250471309458	0.042723890044924939
0.015417344429411046	0.039854058737196621
0.015121282177033592	0.040997927370847162
0.014871281776236794	0.039822537771928575
0.014600241780405466	0.038906556887833059
0.014423056181333469	0.037592232094108669
0.014157512751451417	0.036525520423252598
0.013945368575289302	0.037451412801546742
0.013743720902868545	0.036836609795059594
0.013564375838583571	0.03689186438539039
0.013359660911726974	0.036111014833224139
0.013128470344315918	0.034322385243014245
0.012960737946140633	0.034311129336178865
0.012743786659564733	0.03340965242446052
0.01261000006267137	0.033749088940379222
0.012420696838394316	0.033880175115923589
0.012188247146383602	0.030867565011048141
0.012064798028478395	0.031150772871358496
0.011884905671113511	0.030298430030597366
0.011742956055542103	0.030077402663741537
0.01164420017203195	0.030651164909035279
0.01143713327463523	0.02966851337739031
0.011298673754111425	0.028988858271490215
0.011166655542034878	0.028657488633184527
0.01106192878611683	0.028281130673041072
0.010931666436977988	0.028290363286791589
0.010808191914416246	0.026463495130955618
0.010755514368792525	0.028686310522479077
0.010542766915355058	0.026589314676654641
0.010424642983529773	0.027669398685515541
0.010301079941095243	0.026034741210883811
0.010281503328974229	0.025183325067423077
0.010121953919337422	0.024892832271394855
0.0099907667094142356	0.024652239025955317
0.0099317325252325506	0.025210000852677755
0.009749697389906423	0.022403476448743329
0.0097103988525942698	0.021688500083675937
0.0095689023698122995	0.023033053499996112
0.0094669779521450552	0.022113894860603438
0.0094192438893886763	0.022170964470211826
0.0093435648037028581	0.022342202505937051
0.0092256703113586195	0.021411679988549721
0.0091892216733451184	0.022081603644507682
0.0090690207471627315	0.021489308678995688
0.0090087656174249273	0.020255747921295433
0.0088729395390949144	0.020524142414968357
0.0087678798802777111	0.019254822241390145
0.0087236848204344311	0.021040911790295717
0.0086875654920082323	0.02020701490503049
0.0085290693581560814	0.018411122614856317
0.0085583124261620607	0.020128436521382288
0.0084654482792032009	0.019486483515097651
0.0084050547330488598	0.01919729048374326
0.0082985850576152344	0.01902385584182846
0.0082711656541679512	0.018372926437235378
0.0080928837810323537	0.018043590960163593
0.0080391416357209079	0.017462832379878113
0.0080420949358278697	0.01867120755025654
0.008065216647299955	0.017813085516337739
0.0079408948830855773	0.017777294630534894
0.0078529156101666969	0.01562580801313659
0.0077740170775597566	0.016776030798581129
0.007777721253112318	0.018551057845790194
0.0076812031484177531	0.015954735303985321
0.0077280257533760893	0.01761745995824163
0.0076420060300132295	0.016164517666268152
0.0075468591968059521	0.017982989972381069
0.007461205582584932	0.015783131181857927
0.0074039710191687287	0.017209513864275498
0.0073594936256441701	0.01496077397623859
0.0073171610698212607	0.015644844785447715
0.0072335177609443467	0.015339862773206855
0.0072199185303870785	0.015033801742328282
0.0071415514163526176	0.01581360210322209
0.0071074379544708343	0.014831592774849524
0.0071362807214786685	0.015291876960114553
0.0070008566762650194	0.015817168936481676
0.0069817918041917204	0.014190807130492844
0.0069562762770965011	0.014572630625218212
0.0069036751471430041	0.01484503634876784
0.0067919129438750257	0.012456005254255952
0.0067404095357546301	0.013417496127835599
0.0067763202091225012	0.012504463575513967
0.0066949946880231629	0.012773365977200331
0.0066940727172435056	0.01311454712734118
0.0066489776128129154	0.014432944693798877
0.0065655377255846338	0.014186344494413167
0.006651818154362864	0.012904452895858783
0.006431943487913646	0.012122708807241464
0.0065897215874525707	0.01398343036203494
0.0064928122423346061	0.013208580225020005
0.006441833717657784	0.013387115343898276
0.0064360073993767223	0.012955799264808823
0.0063726777390430448	0.012305238801397625
0.0063269317301628512	0.012348781095341765
0.0062057633734119268	0.011419568286896171
0.006231580252631784	0.012373053790132579
0.0062349981837130858	0.011809739385139902
0.0061399704267532038	0.012770329900751873
0.0061577064130597164	0.012732419735741006
0.0061263019959856262	0.011631719638955476
0.0061445213503977698	0.012145867601122523
0.0060528415117476371	0.012127144730931844
0.0060476045687989045	0.011298830281499495
0.006003411148658701	0.011232900809298788
0.0059540538674462927	0.010865788050339345
0.005938736899306552	0.011961129287733119
0.0059124985005067502	0.01125309060705137
0.0058546783949696589	0.011705584731757267
0.0058757826717662429	0.012457316377999706
0.0058033358853690643	0.010729154518278853
0.0058373749016921005	0.011744720203489135
0.0058083102360009442	0.01118018508577197
0.0057246742532970178	0.010085374830639527
0.0056656967178161091	0.0098162644656819599
0.0057756886087290665	0.011440767576705797
0.0056420883894560368	0.010900722884047209
0.0056673258498880419	0.010724579180344267
0.0056451818125488685	0.010892090248962767
0.0056165574589063533	0.010900251031174233
0.0056352160869121044	0.010119136923716378
0.0055162900196486578	0.010518101597884258
0.0054611872887602945	0.0097928949961373687
0.0054236496633434366	0.010141257195613656
0.0053759977427446527	0.0098446564792646716
0.0053764508326081149	0.010104485781086607
0.0054009442716559395	0.010700994813732781
0.0052962216892216297	0.0099148142209188467
0.0053647727689157846	0.0095436625057416912
0.0053786855761936165	0.010326004730013662
0.0053093001336215707	0.010088727446582142
0.0052233640818169459	0.010401188077831011
0.0052319259573224419	0.010283800504167094
0.0052452889664571338	0.0095346765248427584
0.0053034153318340643	0.010218785290017011
0.00519623803207465	0.0094559820030082967
0.0052184835972351826	0.0089706205137909945
0.0051893905912919836	0.010178725247053351
0.0050727533458458313	0.0099912211190266564
0.0051228883876224332	0.0095505427892352175
0.0050939510833332259	0.0095540490360653072
0.0049920062418405027	0.0090462597289596575
0.0050132610949412404	0.0094374192740626344
0.0050632188676057246	0.0091726583592198884
0.0050582185851987625	0.0094392861443882807
0.0050609614367615645	0.0091808958223114287
0.0049348851454366592	0.0085441309143174573
0.0049401091407119896	0.0088324354300429106
0.0049662689067544556	0.0092415221065025848
0.0049499057137586738	0.0088959986076184334
0.0048894428726076163	0.0091840652162464252
0.0048969194813341674	0.0085819546256340491
0.0048189285225686568	0.0083962482434909325
0.004857188212295277	0.0084606639294443897
0.0049439882653809159	0.010122354573964511
1.0006114424996169	0.096982485241118535
0.38301433141287439	0.098777144846274076
0.23689360863107606	0.098967241433657538
0.17179907748134496	0.096054463122672448
0.13509271548394752	0.091578989462712229
0.1115300160639153	0.087138176983134072
0.095111048761591432	0.083109849557916268
0.083012581123694723	0.079479144212613581
0.073716875315818248	0.076303511730189177
0.066343943367017058	0.073549332373861104
0.060355660756089898	0.071121754746114568
0.055393797955662835	0.06892513531056052
0.051214257204279502	0.066959643105693287
0.047647573210977893	0.065158109743392992
0.044567460237505158	0.063514611161480536
0.041879362071843618	0.062018548127534524
0.039511812339595276	0.060637677294807991
0.037412329728789544	0.059323166851129323
0.035535301447282855	0.058104273640937468
0.033848169986761663	0.056949000753694405
0.03232104810757834	0.05587895376498947
0.030933569148323858	0.054869347694209182
0.029667541422882249	0.053893194234504491
0.028506572053446918	0.052948613085878754
0.02743645206412201	0.052037030683533735
0.026446549189685239	0.051193911808559839
0.025528871466324425	0.050435189336198033
0.024676145122351941	0.049729375205705244
0.023889183297789159	0.04909528162376952
0.023159572941148582	0.048509948561514554
0.022479091813281334	0.047910444826553468
0.021843377563925556	0.047306178981075135
0.021241811204312726	0.046688962102894215
0.020673047426803825	0.04610235271531625
0.020136610825603377	0.045552902641899429
0.019628181952161171	0.045005783995036554
0.019145159035874913	0.044457723323629766
0.018688494838155108	0.043939696443278019
0.018260805938083977	0.043539185240733025
0.017862795572675103	0.043083142952680599
0.01747586364218821	0.042690035541314987
0.017098410599337553	0.041976511579583958
0.016746883454122646	0.041554828412319625
0.016411179576790339	0.04128730466075424
0.016098343968380648	0.04077568568920488
0.015781319199511958	0.040643205024016797
0.015480600647558055	0.040034930203885037
0.01521772577096819	0.039009178843606662
0.014891016380459856	0.038518220688791391
0.014631520704104849	0.038181073732828773
0.014369886521830867	0.037217152619440717
0.014167492814363143	0.03734712938028184
0.013908608634318221	0.035709943147901942
0.013712540143328221	0.037253665759117843
0.013485851700474623	0.035838440634557808
0.013303572659649637	0.036605817203205784
0.013073311484135087	0.035486109429017157
0.012892162045458807	0.033966749593032766
0.012718938352094639	0.033748602341198121
0.012524023471079154	0.03346172468861968
0.012402748153910053	0.033106447604614751
0.012198192567433425	0.030695340217319091
0.01198878761569102	0.03000664173492101
0.011859365475526157	0.030317771271226628
0.01173276325766965	0.030198733905125438
0.011551420570992199	0.031648768214542877
0.011420278107276968	0.028606152902749642
0.011243109816889469	0.028673238644863992
0.011088923352861272	0.028921244344030608
0.010950091089663839	0.027309652300100518
0.010806892185326388	0.028101728951982485
0.010703800911886198	0.025584510233073565
0.010615968779860775	0.024108080881952768
0.0104443548653204	0.022800598921119224
0.010369754169840359	0.025208078021995903
0.010275409819602396	0.026811552991125632
0.010136207068238973	0.02390704998459818
0.010022254530304925	0.025606565892862709
0.0098370640587081126	0.023273121946479246
0.0097809018006709651	0.024071209288068256
0.0097006784551501857	0.022582331605704706
0.0096208352677834633	0.021321397129070538
0.0094832628397418794	0.020414905073607301
0.0093803534724350088	0.022060216352264718
0.0093024458928510252	0.02097264788068625
0.0091295031016181416	0.019212330830595509
0.0091633478002145028	0.020400675591376403
0.0089806982514226662	0.018935089126512036
0.0089816826162672087	0.017980834302434068
0.0088993049171281809	0.019216596779206556
0.00879155581913596	0.018666039157383813
0.0086950553049873047	0.018893048870834591
0.0086421515383995114	0.017562097354542758
0.0085350174471005083	0.018086074935219142
0.0084604097660966274	0.018655548060129
0.0084072514163158283	0.017521703425508923
0.0083382791614297572	0.018226214245494848
0.0082551567670950381	0.017595706297968191
0.0081870137370815034	0.017970687654418446
0.0082207934258685372	0.016848863529576891
0.0080244422823968556	0.015102997967084968
0.0079634347905873509	0.016797189650726751
0.0079080260081832686	0.015853907199361805
0.0078829718369883405	0.015843156133275298
0.00777283384381272	0.01419430379028418
0.0077291227309567428	0.015210509226203161
0.0076606430718875983	0.014899128561881589
0.0076096587186980586	0.014654332974005172
0.007614761157733861	0.01563248351722394
0.0074847470356227373	0.014468991306964354
0.0074094245716936269	0.014694042172360318
0.0073752799696094598	0.013295726646944931
0.0073570304177690777	0.014496502968083757
0.0073061056324254447	0.014691417246217604
0.0071563571147362538	0.013006207797479722
0.0071387859281279321	0.014086391190736782
0.0071262810688974962	0.014270325918390496
0.0070876621303041865	0.014349905654162422
0.0070486226433760461	0.014312162977694632
0.0069582050705547741	0.013757946726782625
0.0069849313006832238	0.013106687519528868
0.0069159038162752273	0.013192719259185618
0.0068472176927097655	0.012344929972734049
0.0067860728261763597	0.012427031323211773
0.0068078639661622465	0.01304273025683172
0.006717039171717328	0.011976494951190349
0.0067218076275423078	0.013222567088413585
0.0067166853149693536	0.014041662499269622
0.0065028131396054492	0.011082264480374568
0.0065361813110361251	0.012143100680437715
0.0065721849079015517	0.012522972766007801
0.0064474589398782591	0.011999506634730685
0.0065336747930578466	0.013140173654995736
0.0064280707881305358	0.012455254799488613
0.0063952854548846661	0.012704747516778079
0.0063196060621933756	0.0109032644894787
0.006279165779807412	0.011649968774373862
0.0063269623031626809	0.011862289353467328
0.0062852396656048713	0.011391268412328537
0.0062698750674643885	0.011641026015025356
0.0061133369194532015	0.011270532096852116
0.0061994996625496035	0.010531612115878186
0.006130762513971824	0.011637041593339219
0.0060855768950049023	0.010212078944994882
0.0060325237508519411	0.01049177069596041
0.0060147819124655427	0.011137107241167064
0.0059863591769536949	0.010083587219049046
0.0059199210925752008	0.010417798720393291
0.0059256390325089277	0.011044774674489725
0.0059004647889891329	0.010137867721144559
0.0057843181457841531	0.0098302203563886432
0.0057619668554527567	0.010165800208117526
0.0057351852353873505	0.011409678041800982
0.0057924917398583277	0.0096659467781153845
0.0056885531864751581	0.0091450081532001883
0.0057184378368862355	0.010158797675859815
0.0057772101795074086	0.0099106293634953786
0.0056174197194196421	0.0094098314476743581
0.0056611001446417644	0.010011494982545518
0.0056740567028895879	0.0096309251954230929
0.0055298627638872304	0.0089295903170098188
0.0055402731992494772	0.0096924892581608108
0.0055707992540362196	0.0099852966839145303
0.0054800679647691248	0.0095060357240190508
0.0054415739616092019	0.0095175039149713314
0.0054778898660668143	0.0091908487113209949
0.0053768433337167722	0.0089255960891500459
0.0053500516475553971	0.0097706748650851234
0.0053870208912996367	0.009860925669244177
0.005390178550484374	0.0093570073773843708
0.0053169508886491655	0.0097193074165084145
0.0052864992975312436	0.0095191418924489013
0.0052762964268492701	0.0088978294865099377
0.0052361766858782686	0.0091975334006724353
0.0052447989728118018	0.0099235937593222193
0.0052220065661470055	0.0088966169122088479
0.0051595975990803688	0.0087252982386183623
0.0051423475871021597	0.0086532269073510779
0.0051536951957770506	0.0085087929686629062
0.0051716770329090665	0.0085517343504321382
0.0051162467643561292	0.0092394234167049484
0.0050428578757133009	0.0086800132945425955
0.0050038795450617745	0.0084785683205064761
0.0050239871539243947	0.0082988559665341122
0.0049960746900066669	0.0086990109592025005
0.0049397802223545033	0.0084380137853080402
0.0049808418037823772	0.0083713570249347984
0.0050031729633362781	0.0082492001004897727
0.0049043626119919213	0.007806339285068061
0.0049059020292027394	0.008373614069946262
0.0050083711832931881	0.0087648046310024319
0.0048983717823839036	0.0085332049311244058
0.0048796781646301248	0.0084151003161065351
0.0048334568266211238	0.0083078922043217217
0.0048246700199210532	0.0079684198627310559
0.0048325834964627265	0.0082195104084914188
0.0047581343546443632	0.007819995017742741
0.004721575091969671	0.0076633836356552994
0.0047033066465865291	0.0076616965332521924
0.0047722778212416017	0.007716010483813757
0.0047949634762406304	0.0083764026858360648
0.99709067768142523	0.095749746491507359
0.38247175796349447	0.099678681048692111
0.23677005761647008	0.099770626612369559
0.17178244223191846	0.097034342656037303
0.13513477065861049	0.092564237073892594
0.11160671731695862	0.087996321386440327
0.095215948094372713	0.083656327967541202
0.083134101831842319	0.079604271708539814
0.073847416012122177	0.075982147333340161
0.06647994863506887	0.072733239125507831
0.060491307544537784	0.069792860410451726
0.055525103496322004	0.067133603484630586
0.051335779434410631	0.064779666478251369
0.047754812696677737	0.062671040914402704
0.044660087751638544	0.060806210379217504
0.041956670086848724	0.059139475798810577
0.039576976058912625	0.057652414450146863
0.037463563274000904	0.056319747878462341
0.035575260237996335	0.055120620681145205
0.033879228549779129	0.054064782959796609
0.032345641728598579	0.053110689817336049
0.030953361462550701	0.052175826332401719
0.029681259594386559	0.051319186695847625
0.028515444541133299	0.050511513361493315
0.027443176066630499	0.049733532789183486
0.026448960934235002	0.048993067942521264
0.025524378886473929	0.048252581851118352
0.024666852397270077	0.047542534076852092
0.02386936087919117	0.046900271417485984
0.023130032167699058	0.046308515722871126
0.022435798313461361	0.045646752870196775
0.021783926079965991	0.044954256650042844
0.021179000791921254	0.04434587781155467
0.020608407502547308	0.043745993292142293
0.020066726217109972	0.043152289074419696
0.019551129990881235	0.042486824638943897
0.019062983076424091	0.041860777731294069
0.018602499349316751	0.041266218833224337
0.018163807624725352	0.040398742627605573
0.017750246753791613	0.039604720416664699
0.017357442896638906	0.03914488345321121
0.016953261895410812	0.038467617220972965
0.016605528149520397	0.037879295068025884
0.016275480756924483	0.037038391723397207
0.015945145624902776	0.036409838727515846
0.015658125032925657	0.035965668883028955
0.015350992593526583	0.035011655430843287
0.015035738445505757	0.034618453666642603
0.014791124148935726	0.033764020205469703
0.014551356735032932	0.033202941242864402
0.014279911764876762	0.032921489986562844
0.014081110366927128	0.033167134127769504
0.013847134749670139	0.03119260861890431
0.013615587994036385	0.03067594585261221
0.013400780271544168	0.031046894775969808
0.013120731124817639	0.029436810957143993
0.01295626545604546	0.028772262706614839
0.012766813723850561	0.028380077234142782
0.012606636765418788	0.027792160600956198
0.012392001206152263	0.027684340265227505
0.01225543098454315	0.027424629936459884
0.012025064278738576	0.026356636408687864
0.011840887419199166	0.025353442965667418
0.011693896324817484	0.025406103752665915
0.011493625532448039	0.025844875085835113
0.011457112221621773	0.025488475731359674
0.011253693094743066	0.023124177129252084
0.011140494817814093	0.024350185465581035
0.010929269078132343	0.02274351464036399
0.010831154410854473	0.023423677115223331
0.010673554234828009	0.02152070210048674
0.010634944306505099	0.022024095707926107
0.010447421942372703	0.021768375072839186
0.010311501106070932	0.020782185586472393
0.010235291078458296	0.021744746688995679
0.010117946274401098	0.021471556985980959
0.0099809019302532151	0.020552906130648991
0.0099066816606897135	0.019946337890667604
0.009793917541655801	0.019124037170697387
0.0097641150059260967	0.019141492926182405
0.009646096774641847	0.019912241546625596
0.0095404674476780305	0.018294580013868113
0.0094302133130842718	0.01968575674540405
0.00923464164598666	0.017624701016375453
0.0091856840819671149	0.018757851373868959
0.0090233372447366938	0.018378861182798047
0.0090114097708181729	0.017361238718203213
0.0089464520639499587	0.0176168516761528
0.0088191667387983123	0.016886501338074719
0.0087994612933319002	0.016365611899393576
0.0086722892618660199	0.016175072879368299
0.0086756894729165916	0.016395008301194551
0.0084999511646965502	0.015862624606473728
0.0084764490089427984	0.016271167789661103
0.0083817186310453772	0.015252231431514102
0.0083814005526423596	0.015509206802848135
0.0082937795212182589	0.016508111348533472
0.0081720229810457751	0.016392268918158336
0.008135181889985894	0.015058286043611204
0.0080453599681427033	0.01603424818738745
0.0080544726375005454	0.014685592261456992
0.0079344878062867306	0.014626539407238336
0.0078648851699711433	0.013643533717558446
0.0077313600202225212	0.014752120725820066
0.0077611964715223278	0.014358328473158408
0.0077724756240230503	0.013949332397360433
0.0076641035357127227	0.014101995089019373
0.0075540603759462078	0.013941804601815004
0.0075204248392961425	0.013775763699475899
0.0074703949979873282	0.01254943483659747
0.0073880698869124	0.013629309233966847
0.0073766536054813174	0.013694916917426005
0.0073187187591071175	0.013492380220405139
0.0073097764211904918	0.013299883294035128
0.0071553341139540339	0.013391732255857757
0.0071607457651097451	0.013171500866244537
0.007146895685135192	0.012334692242534258
0.0070673580415288673	0.012423813969964856
0.006994149936757039	0.012653699186862778
0.0069746245541895419	0.011958583518386743
0.0069897451384722687	0.012288035140835428
0.0068873644074980188	0.011723386123806728
0.006801696684094821	0.011451801302980496
0.006791615799150625	0.01145248431540628
0.0067056566505191203	0.012284238979355879
0.0067179995399536613	0.01188294418344471
0.0066013859991950596	0.01141880607252075
0.0066818723229551645	0.012220232543481509
0.0065500931475876642	0.011050309108119468
0.0065494743075691277	0.011292027446262985
0.0064882544812672107	0.011041451944720006
0.0064876309845236053	0.011785294700612832
0.0063475744283913293	0.01084720550998384
0.0063740234364149679	0.010943528737750672
0.0063710526422186518	0.011576546762872439
0.0063965537605894622	0.011064166150522314
0.0062437523785717685	0.010684734765977463
0.0061753058404618276	0.011084345989242182
0.0061882778421484905	0.010673681555113316
0.0061250837927291748	0.010874651789752479
0.0061640600346861219	0.010732552131854371
0.0061018254271306156	0.010658920657216599
0.0060361213688733687	0.0093379002400912972
0.0060838110226196507	0.010530988310757983
0.0059564673505344886	0.0097897779160716902
0.0059282868069296946	0.0096726651172466521
0.005998065869399093	0.0096105177888444072
0.0058887228066487633	0.010896721234130699
0.0059383475388241382	0.010368088803365892
0.0058325346767488292	0.0094654165352681154
0.0058383755247524895	0.0097163489860359296
0.0057677670613587324	0.0090937723005256443
0.0058005418640052807	0.0092972911971920293
0.0057640384555381272	0.0098834912097949847
0.0056885332635663371	0.0096940500201957054
0.0056055985419905538	0.0092309079926796746
0.0056894838417674599	0.0095517289238167043
0.0057420947737290024	0.009025064954325453
0.0056938489158296045	0.0098476146138762165
0.0055331352444072729	0.0098571386951074765
0.0055552784009732523	0.0091780746859972152
0.0055185867185409757	0.0089579443010920409
0.0055420394198164753	0.0093683704527655481
0.0054649272168015269	0.0090299238481343982
0.0054527759717920374	0.009051334251268783
0.0054516233392684467	0.0087088135434464833
0.0054552324676675314	0.0095229648578995969
0.0053353250625646949	0.0086094559479572424
0.0053941779500023303	0.0087196607212051136
0.0052904720386272646	0.0086429822360886231
0.0052602012962901928	0.0084562140985582051
0.0052687025356610226	0.0089650030849622656
0.0052318878948756156	0.00892739791685827
0.0052596183036890329	0.0093597444498335174
0.0052284709271970767	0.0083042264976818988
0.0052378409087435705	0.0084520756555037466
0.0052266494639569977	0.0091132336548860257
0.0051435240226429318	0.0083125287047640072
0.0052130092707320021	0.0088700443954625157
0.0050480202961530008	0.0088948518649945383
0.0051728063932612381	0.0092525967132578123
0.0050282981705472999	0.0078835640166670384
0.0050928270364200409	0.0086706594865651916
0.0050832865243894592	0.0083077703883041656
0.0049800154925952128	0.0079811076228415642
0.0051018945553214226	0.0081441385069585641
0.0049348193754787262	0.0084097489585108591
0.0049471916223690149	0.0080424680467743523
0.004968858525048107	0.0076371863936915679
0.0049656021987656354	0.0091156545322669241
0.0048529261761421907	0.0072665678242152731
0.0047741182056584286	0.0074529925946878826
0.0048627815938444259	0.0082159904596606648
0.004852585652455825	0.0082076309079058829
0.0048791186793430514	0.0081470455429370932
0.004845889023795371	0.0075783810571417145
0.004703229356490494	0.0074304253235015797
0.004866528596903061	0.0080100330948144147
0.0047773388875553607	0.007319720388049759
0.0047199550823854635	0.0073853701252275918
0.00477339063079646	0.00853304763629106
1.0026660318185718	0.1052173702625981
0.384643042726657	0.10846179138406389
0.23817359661312856	0.1084797174324299
0.17292129190482292	0.1051022487267998
0.13615222168969768	0.1000635666891756
0.11253049857646924	0.095161403578240725
0.09605369873363713	0.090866541294379294
0.083916159308170868	0.086957436647383812
0.074582010039096452	0.083667276046701808
0.067183665723623304	0.080828404909673343
0.061175496680530614	0.078280930242933741
0.056200020893373365	0.076007373359848474
0.052016568296569289	0.073926331736966513
0.04844754200486804	0.072031302861077146
0.04536195167387972	0.070284770497165597
0.042666596266056754	0.068669665234498772
0.040292214467824591	0.067126353961354829
0.038184175529782878	0.0656495443124646
0.036299505658388458	0.064281109459546418
0.034603368074090209	0.063017618426582447
0.03306824832302209	0.061834236607829787
0.031670058466673728	0.060735100760219131
0.030391165211210758	0.059697452380542283
0.029217491474875727	0.058733295658632098
0.028135850070950971	0.057810240477905846
0.02713513273626357	0.056964886056952067
0.026208299949565847	0.056172636032679316
0.025347100895396615	0.055460795415616847
0.024543534744201793	0.054745541239589045
0.023791032689674252	0.054004967224380106
0.023086385622091435	0.053245131634557769
0.022424730146956996	0.052485055952231394
0.021805432825466979	0.051775168309509276
0.021220274707476318	0.051067856560200464
0.02066821953804512	0.050378839686771058
0.020148194081786235	0.049757619049276017
0.019657650205694186	0.049294133876115802
0.019192133395172034	0.04883203360538927
0.018753948361333064	0.048380658073834328
0.018334656772714154	0.047901921275555967
0.017931180577403616	0.04728838728466455
0.017546212974820938	0.046602559005392181
0.01717763052387079	0.045962263066777621
0.016831309061633631	0.04544045007823555
0.016504357292432922	0.044806974823295584
0.016208594773152497	0.044519495244152114
0.01590691259610167	0.043894157114880525
0.015609148186170532	0.043088146648928502
0.015333724438287287	0.042132601830836607
0.015072222665623223	0.041382816412069701
0.014817525994579629	0.040814742393129474
0.014571313405360437	0.040346061044818693
0.014320139797285886	0.039846464147922513
0.014102357056560627	0.039485915474886314
0.013887127810097715	0.039087432987903521
0.013687852916111104	0.03761620246057288
0.01348480271246197	0.036647878935263674
0.013308266351268482	0.036876374038451579
0.01309702196591356	0.036103016360306585
0.012915618088196211	0.035322252985668087
0.0127331525574649	0.034417868365661013
0.012583854303462651	0.034788794729535763
0.012383890749872116	0.032933356820647838
0.012321769402164808	0.032450438329809046
0.01213667679686214	0.032153594729545258
0.011949154968877038	0.032382287894819478
0.011840482397558688	0.030881822170397085
0.011725854596552352	0.032099877609043946
0.01146683315165857	0.030714775590752693
0.01141794078423366	0.029186563997624027
0.011271652173921896	0.031068151029214289
0.011185720899554706	0.030779262232189439
0.010931018116572492	0.026722250803501848
0.010833935718994551	0.02641583643680798
0.01070126108785719	0.027706496166263649
0.010704749856334735	0.028222017865622628
0.010576897783042861	0.028014468073832101
0.010544971238871081	0.027583095353668364
0.010270987813994416	0.025238980760010285
0.010234164186851713	0.02600044747063638
0.010154714401345719	0.026019798225033676
0.0099742711176785352	0.023518218038612131
0.0099340198976395604	0.024438481374845861
0.0097622525580316373	0.023677192496221296
0.009679131487532331	0.022510631952630821
0.0096806293526111552	0.022989821296930623
0.0095972933975668074	0.025843507440347715
0.0094965533343090765	0.022880951330607736
0.0094314463388151821	0.023725260712203169
0.0093206515524743468	0.023740063053157467
0.0091427900934342356	0.02220685099248142
0.0091301705893225386	0.020777589498284916
0.0090296567816976064	0.021812125151286315
0.0089498754694365967	0.021208565441948928
0.0088592790982181067	0.021220960064212552
0.0088057909144266915	0.020391237994750702
0.0088408724835569788	0.020995147358023887
0.0087491761807737007	0.022345269392902468
0.0086428484494618946	0.020058688306067569
0.0085531309673799599	0.020704767433006921
0.0085196894904030623	0.021127599671041115
0.0084381818988730033	0.020565758380242025
0.0083752565618148544	0.018724492954134773
0.0082198404969525893	0.018983621767416786
0.0081891031341346475	0.019023556622466416
0.0081517518215081571	0.01768853220675486
0.0080207138976957203	0.019191633349028518
0.0080336472753099637	0.020207675327985702
0.0080095534343377003	0.019154347314082835
0.0080193092610884552	0.019372040543730318
0.0080772267700015832	0.02002015000465248
0.0077721300984427717	0.018008404984201868
0.007727932278055725	0.018100223121547569
0.0076278312124920863	0.018054570609172801
0.0076249500774073159	0.017448695452739776
0.0075065955340039041	0.017120155341751424
0.0075387887988771244	0.017832684381997314
0.0074154993139385304	0.016694552037480291
0.0074432798562543727	0.017474182957517358
0.0074192001677443158	0.015950133060100461
0.0073515358080141393	0.016930223311863859
0.0072170581396304098	0.015918078009992381
0.007160429188689873	0.016005232634997708
0.0071788520077342736	0.016516185570980477
0.0070979655598784174	0.015416794311382079
0.0071087181616683245	0.016643813868651217
0.0071481299619744155	0.01543995031915181
0.0070087405330588534	0.015055267426297095
0.006889813565609965	0.015208025043518019
0.006883394081980734	0.014226137118587671
0.0068760684923920169	0.015443532712106274
0.0068256716842056272	0.015784977941334877
0.0068746388830143506	0.01530071030975633
0.006714260387905362	0.014619107859875189
0.0067026034548760653	0.015405068514822724
0.0066554562576710335	0.014048543378706922
0.0066494277925647815	0.014080529992106558
0.0066009869163775594	0.014523470552197592
0.0065343274143920957	0.013580715991704247
0.0064882942547285789	0.014770640808357764
0.0064624861242141372	0.014365724892824805
0.0064868733181493781	0.013281938299168437
0.0065649855738080095	0.015261790564923874
0.0064112803920190354	0.013108101835327795
0.0063835398918042578	0.013741986952753265
0.0063908532283387465	0.013123508901857291
0.0062740207906869455	0.013080569085356002
0.0062341018725819812	0.012863192524096191
0.0061354993893371467	0.013320437839345254
0.0061456370463642933	0.012821304424985852
0.006127220089609013	0.012524257610494957
0.0060498816712121692	0.01245789517137994
0.0060823073578363286	0.012973369857957443
0.0060766628423907891	0.01210363945049594
0.0061376782214224105	0.012737285980050509
0.0059270653914909833	0.011674027758760764
0.006036139167360734	0.012374903341333286
0.005976737573274553	0.012619489507697226
0.0058817895503608698	0.012343537527480724
0.00599527245666531	0.013429071654925904
0.0058061814400965604	0.011539534147949932
0.0058332931610864712	0.012276787721320907
0.0058570201829410071	0.012725259826900421
0.0057809331061516147	0.01234207224975762
0.005735862836344671	0.011533570335605897
0.0057366398102622253	0.011755133259398275
0.0057628144817458062	0.012580148647469324
0.0057101581271489059	0.011604163087659974
0.0056339287618322334	0.011370371499159959
0.0055815769864755501	0.010726239049996212
0.0055730190074320231	0.011024282267587417
0.0055480338488445224	0.011393813443998622
0.0055264362884600562	0.011994293152701846
0.0055618911303917818	0.011371933482589995
0.0055099951675306571	0.010913363795685523
0.0055228805558760891	0.011575627278129635
0.0054814233229986053	0.011454827347895406
0.0054297774401736998	0.011924001233063605
0.005448921650095871	0.011622842190567344
0.0054449846842119353	0.01132040348803412
0.0054208898451904323	0.010771844506012216
0.0053591870857993985	0.010400896020010753
0.0052787368663340505	0.011582364338918887
0.0052178446469017224	0.0097238655164945138
0.0053617164559093353	0.011446744494924296
0.0053424228280400205	0.011303111498471489
0.0052728493231197736	0.010945770967179223
0.0052381608309528468	0.010596929261132903
0.005207532944606505	0.010174068028164477
0.0051982533869960566	0.011343482016846767
0.0051056337655172026	0.009539013572929406
0.0050341442257620843	0.0100215269689492
0.0051710025938719447	0.010545499427097125
0.0051055901985440503	0.010493865563210966
0.0051071774868960886	0.010524435244096879
0.0051106079486304204	0.010163608233311496
0.0050509311940324653	0.0098283757717653082
0.005018014947708622	0.010303331398040056
0.0050252633457519239	0.010605970534070301
0.0049508182143104392	0.0095283981693409583
0.0049310832409759867	0.0091763483485462587
1.0016003011735268	0.099752161143714033
0.3839151919098604	0.10260491648383525
0.23759004837726519	0.10340541661066967
0.17238458057915884	0.10089791566529263
0.13564557352802561	0.096304351122215415
0.1120572168184419	0.091629724367277871
0.095611968346947435	0.087472282205248553
0.083495837169276138	0.083714632185079671
0.074186662011180057	0.080397805177021289
0.066811784583015454	0.077371760362770714
0.060826579081568806	0.074573184946088916
0.055864214862552414	0.072053612525564123
0.05167864272639916	0.069795911396044366
0.048101290935715219	0.067775118742702284
0.045007235223727335	0.065944186976727034
0.042306229185449101	0.06427471317699561
0.039928466733959361	0.062679128722277169
0.037816752568280265	0.061192316392452588
0.035927357618936798	0.05982546498923888
0.03422585914386643	0.058539489293657682
0.032684981745425772	0.057338971637089238
0.031285238672148552	0.05621282548295288
0.03000874008879701	0.055138983673315115
0.028839231075692865	0.054132829175191577
0.027763787058875253	0.053150657330861467
0.026771973786220912	0.052193186395919133
0.025852426100907096	0.05127611847003221
0.024997956178094624	0.050410119800872538
0.02420305874548908	0.049628060060136502
0.023464725679100046	0.048994990672032238
0.022778731030541274	0.048475886926811596
0.02213330026301143	0.047917047335795916
0.021531608479193835	0.047383245429772403
0.02097417538774159	0.047050829547007261
0.020457681127566147	0.046908591358534084
0.019971306032897998	0.04637631083492498
0.019527242590670263	0.046555022135685638
0.019087066990266761	0.046464688470896041
0.0186653664464182	0.04616744541919271
0.018259940154832548	0.045829187565224701
0.017854802276466179	0.044609723508774971
0.017503808376884408	0.045183306768485323
0.017152652727271789	0.044866394505465278
0.016792338641821652	0.043872123525910592
0.01646169237480449	0.042862950311596704
0.016188847087512195	0.044065476802505832
0.015871966939579027	0.042943987733845806
0.015586420105453531	0.041924561483302314
0.015311987555492693	0.04227751597528083
0.015052668866192854	0.041490923393566935
0.014813180552613662	0.041108255321366159
0.01455703937066918	0.039132732359902458
0.01433379506658994	0.038587921546050057
0.014090720130346334	0.038210834306934768
0.013881581544467711	0.038307378337296104
0.013693637423791405	0.037927177662689625
0.013462157364745998	0.036549680250548583
0.013328044858808818	0.036607357699537123
0.013110871646131565	0.037000413317793288
0.012933474976260054	0.035026290578281521
0.012823960139853215	0.036390418239483184
0.012552935986505708	0.033322080801680511
0.012283860638080278	0.030077242725778591
0.012256776568341779	0.033979874526868847
0.012079236570779833	0.032692516983605861
0.012232299168133256	0.040215690611017922
0.012206861607037321	0.046036948391176044
0.011540732990416509	0.02839513703085109
0.011927540608484305	0.045970742222378
0.01178585058031828	0.04588747608927312
0.011278740854665006	0.031221101150582072
0.010894731504475541	0.025596177148907752
0.010901123546779039	0.02808813380054085
0.010858325026330327	0.030703402814626777
0.010746788192083688	0.030324121544757089
0.010588490562864686	0.028474165374966821
0.010481471484992615	0.028291222070609221
0.010294040895483135	0.024902823568919038
0.010230017121787355	0.024039547373222107
0.01005962243262762	0.02310307979364979
0.010022934476152779	0.026585468737410651
0.0098524102464069303	0.023465450723478588
0.0098146627316288114	0.025686325139635049
0.0096382822637566812	0.025067258955251488
0.0095249416034086272	0.023192364321381394
0.0094333270606146487	0.02167423436615384
0.0093450168629532239	0.020729204891729178
0.0092386681435062349	0.021834049840680773
0.0092730160081243452	0.021052308510765554
0.0091055917975735555	0.019177243354576434
0.0091361235399359583	0.022597294233947594
0.0090501161032275641	0.023202027008319751
0.0088602005288908273	0.020281392792871417
0.0087622050912113843	0.021027078085739021
0.0087227514800956637	0.020108242482163707
0.008619292265719258	0.01840643635540266
0.0085340996991003556	0.019531524472015765
0.0085610609919860442	0.020606830252622992
0.008470230546590362	0.019289722072495331
0.0083698377869142505	0.017863059655787092
0.0083684801731926193	0.019483450715389854
0.0082276574873655656	0.017463651172337846
0.008306566341445774	0.022513601590589911
0.0081109034780180514	0.018119716206173236
0.0080059171218394946	0.018731532700430039
0.0080371591416492152	0.019722399124444494
0.0078975156020520548	0.018257156966216416
0.0078776645977640929	0.018577196848941449
0.00784589344408234	0.019569536808267621
0.0077103437009608559	0.016703863468537195
0.0076475044288039622	0.016594284753050234
0.0075870652235183727	0.016377889887672411
0.0074727804188782221	0.014552800671550866
0.0074967485221582811	0.016023794692834176
0.007416667921073628	0.016597473685289663
0.0073467867306667	0.015124320280342532
0.0073270302698505785	0.01533517807107879
0.0073284514655999706	0.014858186539169288
0.0071918682058552882	0.014503792546826846
0.0072201803466483833	0.016276364237888457
0.0070749116575952627	0.015207166272121044
0.0071704578392797653	0.014072551893960009
0.0070359562621687211	0.013878500412531806
0.0070905637378604839	0.01542562324445456
0.0069802826276092952	0.016073486877949007
0.0068628318011828135	0.012561190095135996
0.0069077273706641676	0.013155124310843539
0.0069131180518169216	0.014161622392715414
0.0067825472866581797	0.013714396951733295
0.006688572357802295	0.012793234197287217
0.0067474706804441292	0.014543771563150272
0.0066933119388564426	0.014339349845047606
0.0065947424766608529	0.012255079637222789
0.0065911535952490252	0.014207036913300136
0.0065990226593479967	0.013015438710817045
0.0065154295540576753	0.013159758738186478
0.0064951425468724013	0.012669384604019347
0.0064807807042110942	0.012916753236229882
0.0064327852532976458	0.014389525560917205
0.0063825143241219651	0.012577080347468725
0.0062966383949873608	0.012396494726617989
0.0063059010820067339	0.013327140932547697
0.0063113808032218789	0.012132095756762922
0.0062003146772921219	0.012637612001579876
0.0062087725871946015	0.01155303846436081
0.0062886343354720837	0.01462776612945575
0.0061400288713501748	0.012514299651114185
0.0061232063635651649	0.012738955559552121
0.0060814990203783732	0.011939784971378656
0.0060732821630573334	0.012203948888075545
0.0059787622303288171	0.011215935391966709
0.0059643815385380028	0.012182877488714761
0.0059330210206020306	0.011406772503022146
0.0058632418791368544	0.011244139663413073
0.0058737844556660587	0.011603975261360561
0.0058558597937333878	0.011149589246110243
0.005906381194032439	0.011819913211801428
0.0058058966989241239	0.010441018194452895
0.0057768046414107587	0.010858343888239579
0.0057811040277526982	0.011119110954253549
0.0057279617268990142	0.010466625900805776
0.0056601823156106727	0.011160911182809659
0.0056595333858697151	0.010615575550181264
0.0057260464516824235	0.010990088160013093
0.0055764260962774641	0.00993761746951944
0.0055829195146775276	0.010824110802310518
0.0055468265613068867	0.010337763812776837
0.0055013686317132646	0.0099361304094234514
0.0056174689300198585	0.012738813649848291
0.0055550050186678017	0.011895202493471188
0.0054469992269813756	0.01031242155877758
0.0053990721245755447	0.0097742952435121155
0.0054831345904508407	0.012581526909032057
0.0053483299440513698	0.0093361921373198951
0.0053685158473098333	0.010282152847276245
0.0053459022494884165	0.010457998688307083
0.0053725889745292977	0.010649449930167679
0.0052537954470358392	0.0098140044985907116
0.0052705740280528796	0.0095357910239326233
0.0052836456861816497	0.0095612855598539697
0.0052483026793677702	0.0095831969286487833
0.0052198293258297803	0.0086079615545956913
0.0053017291563176141	0.0095494702351827908
0.0051517365225317215	0.010232934331046689
0.0051457338413368652	0.0088957413899238297
0.0050516684266299827	0.009324102110493851
0.005116198997308574	0.0093904707530505175
0.0051362439442186464	0.0093971917607264775
0.0052263943638347745	0.009336355091198156
0.0050386668751278329	0.0089301749413353629
0.0050270966332995872	0.0088959007994647288
0.0050396650342631041	0.0083945763011752886
0.0049945653676207857	0.010190170337340406
0.0049800669148614592	0.0085389165430080419
0.0049663340955666052	0.0095987090067054491
0.0050050082972469805	0.0093164530461202332
0.004866331077912029	0.0085455060175231561
0.004944111414569333	0.0082599428638225753
0.0048894638355373417	0.0087954347746142213
0.004888319914080258	0.0081404397118356748
0.0048346379728582724	0.0083981184294902467
