weight	lyapunov	err1	err2	err3	m1	m2	m3	std1	std2	std3	null1	null2	null3	f	stdf
0.0	nan	0.74078896041983666	0.1239112433817036	0.020914198899141933	11.318890850925843	17.363294729743398	16.014661116657628	19.760544969348476	32.40820130421325	28.877635839764359	99.310000000000002	99.310000000000002	99.310000000000002	0.9997047523305298	0.10075080931258718
0.00020000000000000001	0.0018750649052243446	0.97318122697987375	0.98862005916763374	0.53319550941698091	11.241624217674245	37.223888733537429	129.40290680235913	11.519843717966584	34.467418109990618	130.53594400710048	85.330000000000013	66.150000000000006	21.469999999999995	0.23814758184346388	0.10080236341681859
0.00040000000000000002	0.25795425089593726	0.96984544510534398	0.99111576346228014	0.62838829885419989	12.785851977889031	24.62096560579473	167.0840675229054	13.583888573401575	23.854365884182783	160.82229753766637	92.419999999999987	78.599999999999994	22.330000000000005	0.13594756993587334	0.093749308955530158
0.00060000000000000006	0.60955549666065512	0.98129200558390028	0.99444760315087954	0.68371345026744323	11.785190805082884	21.339450871799819	163.15491267396939	12.266155149538815	22.772521809207525	157.613221721765	92.280000000000015	82.439999999999998	28.510000000000002	0.095821725147501244	0.085554274634865451
0.00080000000000000004	0.57478553739312499	0.98521318730909013	0.99486562550365787	0.72873418435504644	10.639356293219949	18.72135581663375	163.65219084595384	10.690278702986769	19.872384201775244	161.90128253350605	92.690000000000012	84.449999999999989	35.07	0.074401264425921709	0.078983428234938105
0.001	0.77993010608342117	0.98669084451803302	0.99331002258665779	0.72981518165001236	9.0823262504665525	17.50267969446201	157.08850258619941	9.409474538102689	19.039444820646999	151.19678653106379	92.160000000000011	85.719999999999999	41.649999999999991	0.061068489106542077	0.073745676640550567
0.0012000000000000001	0.44559895207639671	0.98789714687365016	0.99266024932026475	0.74098340580095967	8.3624025566576332	16.158251507064303	143.76126693544535	7.9394526427420598	17.704378849030139	135.17671269205002	92.050000000000011	85.289999999999992	47.43	0.051934426918593665	0.069479472878306706
0.0014	-0.005853351468144169	0.98924994270945421	0.99142372465235551	0.75108610475028881	7.7561980587166541	15.837744673706132	132.60772620701164	7.8966239982579767	17.182789452238602	122.26999049506685	91.990000000000009	85.440000000000012	50.700000000000003	0.045287523344564574	0.06593591276810809
0.0016000000000000001	-0.069257440777119025	0.98966614818351972	0.99029967070002711	0.75035831261301233	7.2731198332816422	15.61841323632548	120.65061581783536	7.568795324833407	16.556448270869645	111.25012530020979	91.810000000000016	85.72999999999999	54.899999999999999	0.040223265939173761	0.062883874443415852
0.0018000000000000002	-0.017649719764887401	0.98935808125482316	0.98993035693770248	0.77737311450362179	6.55115878137791	14.91118434131889	106.71125443004283	6.9756512144712151	15.795517774347129	98.835727851058209	91.230000000000004	85.209999999999994	58.170000000000002	0.036237659330223639	0.060292320858661
0.002	-0.0091552432475189485	0.98813421255074874	0.9895062458678906	0.7928340326573925	6.2991363188801675	14.311214991502803	93.120055830468047	6.5133812436757568	15.512702158888882	84.642084116917331	91.329999999999998	84.609999999999999	60.670000000000002	0.033019759795991144	0.058095359381988843
0.0022000000000000001	0.022732548536160947	0.98814698027060754	0.98801453302406572	0.78187970557717978	5.7069604919323993	13.758670083908362	82.52516413609807	5.7045223800236986	15.28254927242406	76.772835245829896	90.579999999999998	83.920000000000002	62.780000000000008	0.030363584269031435	0.05604896922252476
0.0024000000000000002	0.26295338139130714	0.98747613451783722	0.98728408975706672	0.81447042948625192	5.4259738971276272	13.676402327436744	74.777234415639015	5.4483413101187894	14.997459327317571	68.33093449980025	90.329999999999998	83.030000000000001	64.0	0.028147137796835652	0.054657602434645194
0.0026000000000000003	0.29436261247809514	0.98654278924588878	0.98480701604018805	0.78386141503348961	5.2372212045157926	13.493561592615199	71.744819747099655	5.2139696614542759	14.550259304464571	65.146353114461292	89.990000000000009	82.860000000000014	64.820000000000007	0.026247665319950902	0.053138587180717775
0.0028	0.39484204213195595	0.98507976849552981	0.98232066271301333	0.78312523111362831	4.6787219287534603	12.919741271546261	71.202785337922293	4.9819184451613641	14.074573547913403	64.493271919854763	88.829999999999998	81.63000000000001	64.900000000000006	0.024611007285602133	0.051910719428822041
0.0030000000000000001	0.38102828965418606	0.9828879493650946	0.98169141886969624	0.76834310676138695	4.5767307656612095	12.898767662028803	73.15618481741393	4.6904141257716336	13.781093606690145	64.4023832900521	88.559999999999988	81.299999999999997	65.02000000000001	0.023196489613273627	0.050838271433194304
0.0032000000000000002	0.53710445880257207	0.98071892008223394	0.97517825127451607	0.74800143680604392	4.3633401610702833	12.42662247285393	66.948569614944475	4.4231262659199428	12.854377147127249	59.439682742719683	87.810000000000002	80.099999999999994	64.859999999999999	0.021958554902194737	0.049721020334539921
0.0034000000000000002	1.0535146217651643	0.97578247431066267	0.96877491340347421	0.72007640624784164	4.0912158462121937	12.537045314649344	61.268386635782328	4.0373758600101954	12.299925152820528	55.636467061336383	86.640000000000001	78.88000000000001	65.819999999999993	0.020869431432681045	0.048489361694590685
0.0036000000000000003	1.385283051863075	0.95937771426200469	0.94711910389985654	0.62465566422460683	3.973898901326129	11.904287588320496	57.133420453912471	3.7961359618932682	11.625763388973022	53.443161692922935	85.809999999999988	76.780000000000001	64.929999999999993	0.019911148994973205	0.046374138527920071
0.0038	1.2777752586489743	0.95785100409669788	0.93128601415099976	0.63091475472836112	3.899849093106968	11.664090051652769	48.718835114163404	3.7396912963855575	11.014057122373828	44.78843655014709	84.670000000000002	76.030000000000001	64.400000000000006	0.019050818572837379	0.045073264307836647
0.0040000000000000001	1.9881074191375223	0.94654016668471341	0.9172606693980413	0.50863996242870035	3.6731751413392395	11.826387324329609	50.978992891063179	3.5426600796038032	10.970829570405115	48.327852291341358	83.659999999999997	74.410000000000011	63.339999999999989	0.018222551053840033	0.043897621451794606
0.0042000000000000006	2.3945863529892315	0.93941875576463474	0.88986130724157653	0.47352332397636798	3.6305258752496088	11.942478785195608	51.531865011392028	3.5490393243784375	11.320590384866014	48.234085126580617	81.940000000000012	72.940000000000012	61.729999999999997	0.017509374959676267	0.041741684977107764
0.0044000000000000003	2.5356144898946393	0.88959582944589199	0.8166536648904319	0.37817370071777029	3.688821216784949	11.496560398146439	49.001355064633152	3.5376262052818128	10.879865032820584	46.4317891270709	80.799999999999997	71.320000000000022	60.430000000000007	0.016894162106151488	0.040130100020994285
0.0045999999999999999	2.5558916983536362	0.87576860492507469	0.7630315933273456	0.39115581239547115	3.5372181733490544	12.287984651439089	44.045149974219363	3.2733896437295322	11.517823036306416	40.467957954266879	80.099999999999994	71.060000000000002	61.440000000000012	0.016280040073101298	0.039743169536931272
0.0048000000000000004	4.0684611150836059	0.81972518438447772	0.69212069794650577	0.28555332372092335	3.7009560349826907	11.973193349774672	45.996205911554334	3.3431995388336242	10.839333873542861	42.716423520782044	80.189999999999998	70.790000000000006	61.609999999999999	0.015677124261040207	0.037522195642671799
0.0050000000000000001	2.6496873694488228	0.81261709160099682	0.70861224231239861	0.38271274132715566	3.5346828491806384	12.256019902701093	42.309077798218574	3.1697332356191739	11.321726435410394	39.759244443125553	78.679999999999993	69.429999999999993	61.120000000000005	0.015153952951345268	0.036488690790199833
0.0052000000000000006	3.0557770075736639	0.79004871519414954	0.64466503333190495	0.24639574475169984	3.6688151067748693	12.062765112424753	42.096217157207249	3.383351978101147	11.224863859840335	40.080066740197864	78.719999999999999	69.139999999999986	60.36999999999999	0.0147567957401087	0.035930051218096414
0.0054000000000000003	3.423061506513517	0.76747946041664428	0.58902370734616083	0.17109657570193199	3.7114664613279289	12.788459932049729	46.87058954182077	3.3573962470374412	11.502427845807549	44.429273027527415	77.840000000000003	69.049999999999983	59.639999999999986	0.014211358680403883	0.033653791697959595
0.0055999999999999999	4.7794091508369183	0.73935618232336608	0.59164821622312014	0.18454119868856905	3.8719898267789752	12.114226068605877	35.99918435188934	3.5067823619143459	11.142682916289306	34.464785821407929	76.030000000000001	67.110000000000014	59.170000000000002	0.013788893821079912	0.034711040899505219
0.0058000000000000005	4.0687172980056809	0.71842855687030283	0.51060482475734903	0.12956705783236441	3.7896030175755713	13.034243809339808	38.948499976857207	3.4297816270467814	11.990731650599738	38.52554010703912	75.879999999999995	66.440000000000012	58.310000000000002	0.013391722469262781	0.032143674959104467
0.0060000000000000001	3.6165564885796599	0.63289051196983781	0.43255518145345667	0.12363505484601182	3.8835012462373264	12.47849721454846	31.904348590104416	3.3897747561393232	11.749859015374497	30.794506761040719	74.320000000000007	64.560000000000002	56.969999999999992	0.013058706492812489	0.029244553775010635
0.0062000000000000006	5.5077837607312912	0.58421969807575569	0.3609484242511628	0.06336661905550664	3.898522947858126	12.475658034111719	36.744237417989297	3.4649615181920637	11.32823999883588	34.612376345240712	73.849999999999994	65.02000000000001	55.900000000000013	0.012694120300670866	0.028190107423305261
0.0064000000000000003	6.1319385370118518	0.63595834448283362	0.44193039575534232	0.12579449068738696	4.074236841198938	13.067208858411448	35.760702058858399	3.5641372563027334	11.796432252679127	34.685419171361829	73.299999999999997	63.219999999999985	55.950000000000003	0.012385486514962341	0.028604205619639285
0.0066	6.3927342015314723	0.59095962963193549	0.38465904749627733	0.099861624956669379	4.2389972009553452	12.131299078388507	30.197901908265528	3.7768342663075494	10.840508126397298	28.368481406781768	72.219999999999999	63.459999999999994	55.729999999999997	0.012022725893390063	0.026797605573745303
0.0068000000000000005	5.9528598369774945	0.56816115052072047	0.33742622227960772	0.081046782412994053	4.0508797196156774	12.495305637531334	31.644807350251387	3.6086989278493866	11.54442606477383	30.041699408254043	72.279999999999987	62.75	54.920000000000002	0.01180809875088154	0.026871707763697024
0.0070000000000000001	4.9874562459056291	0.48315852268868326	0.30514640465633686	0.073407848282883409	4.1061975700817079	12.937057447965055	30.744681932733364	3.6030185268822885	11.64080349251503	29.251285569287138	72.769999999999996	63.319999999999993	56.029999999999994	0.011453884419927573	0.025094390682064389
0.0072000000000000007	4.9942211547559543	0.480598202337087	0.29443125399350384	0.068352756559851638	4.2955477268198781	13.03240411716224	28.841348900095408	3.6897570906494694	11.807224048886676	27.343715170369755	71.670000000000002	62.13000000000001	55.620000000000005	0.011230324356369186	0.024250469405516419
0.0074000000000000003	5.5317324459438515	0.47357381357389505	0.26684614548991392	0.098558795036942815	4.3088914406525758	13.340590006694919	27.818483121136666	3.8747866063994145	12.336979553714674	27.585265808377926	70.599999999999994	61.350000000000001	54.5	0.010975287816187828	0.023673090368755249
0.0076	5.8695261058388439	0.41251750997602582	0.21109854945295298	0.030873366886990106	4.318887459093852	13.013465219088037	26.936878799476499	3.8112338857289259	11.397736254732406	25.58487409203811	70.239999999999995	61.160000000000011	54.230000000000004	0.010766573968394224	0.02321669763056234
0.0078000000000000005	6.0617981734940187	0.43341030909164563	0.30863404426681662	0.087371633731878423	4.3019978119373885	13.078336692577853	28.010542345435066	3.8773113048136949	12.358442445828251	26.98645252882082	70.450000000000003	60.979999999999997	53.690000000000012	0.010568909217058404	0.023068991427139186
0.0080000000000000002	6.2327510600615721	0.43757533633580409	0.19782355057628814	0.044018390629490853	4.3971516885835218	13.2351516372715	26.442736669376956	3.9469769252368727	12.499308691659799	25.099350302338131	69.319999999999993	60.170000000000002	52.820000000000007	0.010336576244403168	0.021356768244539137
0.0082000000000000007	6.6277480988632611	0.38667443552623115	0.17341337019522837	0.024381250219095034	4.3819731227350749	12.952717307930925	26.922348947438035	3.9826375124514692	13.417327339955119	26.187937778581375	69.599999999999994	60.210000000000001	53.11999999999999	0.010121922780612953	0.021531514372395255
0.0084000000000000012	6.464466811306024	0.36796259730150555	0.19868087450647171	0.046282323659138237	4.3785048174139343	13.048347176967241	25.730200821493138	3.9175844488952043	12.022213718278953	24.149125690744853	68.379999999999995	59.539999999999985	53.519999999999996	0.0099057190877407473	0.021102554764377193
0.0086	5.9452925354721993	0.33805118968919801	0.1484232118821294	0.025652544497080865	4.5339052508204034	14.319079457768519	33.034362396440748	4.1810828362475068	13.528781685074483	31.781505976973001	69.760000000000005	60.070000000000007	52.659999999999989	0.0099180131595964904	0.02417854027518233
0.0088000000000000005	7.1297048482181848	0.35819412033701337	0.19255241731539749	0.043986848368569406	4.6440747700394827	13.000069586283312	24.364466128537163	4.3215145931762882	11.879194604949728	23.016609236575967	68.030000000000001	58.750000000000014	52.63000000000001	0.0096107232473053687	0.020486330658113658
0.0090000000000000011	7.5272667415731345	0.31273094053821893	0.14504019927074605	0.053139519178571307	4.6352244955941817	13.777439747380033	25.692464106077399	4.1933351742177392	12.371901901651544	24.161290805461512	68.070000000000007	58.339999999999996	51.740000000000009	0.0094100291616662796	0.019946834533334984
0.0091999999999999998	7.941560754599581	0.35591587964491644	0.1567125301047903	0.044905113513156417	4.6672224655672636	14.142252520174981	25.99338060252888	4.2808312316833019	12.819270427733704	24.513593803266481	66.939999999999998	57.459999999999994	51.710000000000001	0.0092105327419663031	0.018070884354659471
0.0094000000000000004	7.9620037262796792	0.30621749254129071	0.16484647356818233	0.045155237952772417	4.7222065456561895	13.651655685259993	24.711178395022039	4.2568221056096061	12.858866013974495	23.680047007206117	66.780000000000001	57.620000000000005	51.789999999999999	0.0090825475288761441	0.017841838075028017
0.0096000000000000009	8.4903588360848818	0.35020541133735239	0.15426721248319422	0.036564521893142347	4.8211737005769493	14.458268508465661	25.739052222636861	4.4752043092493921	13.001320522977087	24.954374111268191	66.780000000000001	57.210000000000001	50.969999999999999	0.0089541800954239612	0.017600173093642361
0.0097999999999999997	8.0479977725863172	0.3103387299988899	0.12556923542119164	0.028448945861849501	4.7863066429507271	14.271534164062345	27.853026953827747	4.2377887916364525	13.061986440020368	27.061207538629453	67.02000000000001	58.460000000000015	51.810000000000002	0.0087847744836721513	0.016377898880808789
0.01	7.4670458614450226	0.29760059881017753	0.12855722101307082	0.061748095402267153	4.8411093327544972	14.309251387962613	24.629892046726553	4.2976095002514585	13.206321700284599	24.369977902238837	66.060000000000016	56.349999999999987	51.480000000000004	0.0086428041078705376	0.016261640741099016
0.010200000000000001	8.1797602830657681	0.27684560517224205	0.11344206493301931	0.04311415965566559	4.9238650635032348	14.192624787969597	24.545923131856778	4.3493643426106328	13.293632858710051	24.062459839656121	65.549999999999997	55.670000000000002	50.170000000000002	0.0085319548458263721	0.016111461596414516
0.010400000000000001	7.4444549376489961	0.27442154627163179	0.08747065668116312	0.014072433722903815	4.734955922490431	14.38314281245442	25.549939207946821	4.1703543243135259	13.397263254167203	23.848074313592321	65.63000000000001	56.640000000000001	50.829999999999998	0.0083350624361402895	0.015282680860408335
0.0106	8.9365784361535798	0.25153732178441629	0.11616220009064064	0.032903014898617779	5.0413569857409266	13.989924799404809	24.540536504173151	4.5002596683847305	12.999693643401972	23.663420241318754	65.359999999999985	55.310000000000002	49.910000000000004	0.0083272074218099408	0.015639584880206222
0.010800000000000001	9.3166643234876343	0.24228080692624809	0.11086999049445893	0.042570722271582706	5.0295968077337667	14.481028186500799	25.54713787310255	4.5363057893438556	13.401817378087998	24.167031604049136	64.849999999999994	55.13000000000001	49.989999999999995	0.0081772737765826407	0.015330937277879505
0.011000000000000001	9.216376632036571	0.26952657405333158	0.057266246941722262	0.021357635890215242	5.0987622562744441	14.416047139693191	22.72545843162548	4.6759228883562862	13.206624311349035	21.578942872862932	63.879999999999995	55.230000000000004	49.779999999999994	0.0079969430068037462	0.01447693157834995
0.0112	9.0656914157810888	0.23991728893957318	0.10934350713591323	0.034108039442031723	5.1212351955986533	14.515328406665063	23.041408933967514	4.5171504231971102	13.828399271313222	22.173168961360265	64.590000000000003	54.13000000000001	50.030000000000008	0.0079264511697783781	0.014354366660198067
0.0114	9.9861914542597052	0.21196686373684703	0.077305919747212098	0.033482760976027093	4.9707794117432522	14.755102582756738	25.036701476770215	4.5597721530517106	13.230456141688776	23.47105137133671	64.140000000000001	55.260000000000005	49.600000000000001	0.0077864441697124099	0.014081373867380256
0.011600000000000001	9.406957056176525	0.21219787699779014	0.061497875500913249	0.030545684024511487	5.1377532492223166	14.433588944722242	23.701296579759578	4.7595903760057698	13.431337000167016	22.593168754378699	64.179999999999993	55.669999999999995	49.820000000000007	0.007682186843309363	0.013784053756371257
0.0118	9.4495757896498027	0.18975507370996342	0.051213857254839644	0.012297594459214111	5.1960146026738565	14.19400312248897	23.910125922515782	4.5571876378601965	13.054046588762821	22.901414980361032	64.219999999999999	54.13000000000001	49.349999999999987	0.0076102650315598985	0.013553335681019458
0.012	9.548513640936223	0.19254288960114058	0.060208948014149465	0.02486216150617724	5.1000796171918719	14.310698151217952	23.505644074379468	4.7756960467071661	13.422404308100605	22.229713916444663	63.570000000000014	53.939999999999998	49.299999999999997	0.0075400164049603379	0.013621054281383698
0.012200000000000001	10.276901902350078	0.19245759251405214	0.056209019982337002	0.017381865591981165	5.1932067994037689	14.589416596885163	22.728054082301437	4.7514460221674195	13.480093248242417	21.609769481266362	63.239999999999995	53.870000000000005	49.109999999999999	0.0074204910660678729	0.01274525318613145
0.012400000000000001	9.8386161710953406	0.19943765371865357	0.05028338842642828	0.0245439837439838	5.2667901266857502	14.967184490216027	24.209916039957129	4.6791144150940616	13.641816967935227	22.389168842187861	62.919999999999995	53.140000000000001	48.420000000000002	0.0074089623685628147	0.013916213905637409
0.0126	9.4681417799430196	0.18558551743211377	0.089514599815197743	0.024385250114853166	5.1713166739254133	14.47357820829555	24.006838977479159	4.8287742274546561	13.559124060732449	22.377827677234443	62.720000000000006	53.789999999999999	48.950000000000003	0.0072870464366307456	0.013018319205971305
0.012800000000000001	10.777124986882473	0.17473763192482764	0.059258510027486333	0.011971433045289297	5.1755415393135724	14.377029676320401	22.753443593746884	4.8557418359332072	13.162878635391241	21.208320168667264	63.140000000000001	54.090000000000011	48.489999999999995	0.0071676109461871543	0.012859632155025631
0.013000000000000001	10.429612958326366	0.16392523643663448	0.04228960812116983	0.022332386366126087	5.1178069955809944	14.974931615882388	25.089708130875898	4.6368738782219392	14.088078808490346	23.236946464318837	63.129999999999995	54.0	48.789999999999999	0.0070482648307995683	0.012434072054695849
0.0132	10.106942325816108	0.19165853394881777	0.047804633095359164	0.0255445495910404	5.2483733947746867	14.863838275903419	24.679946632145011	4.8900659396304942	13.794060219663795	23.140202547014098	62.560000000000002	52.979999999999997	48.079999999999998	0.0069396749926627695	0.011947510538391532
0.0134	10.524308678823024	0.17060942158963752	0.042108380313708463	0.026107573562844332	5.2349015528055176	14.78674989355016	23.814448413864053	4.758223599387696	13.640207321772795	22.274677945115322	62.480000000000004	53.170000000000002	47.799999999999997	0.0069987327596274197	0.013063826823598015
0.013600000000000001	10.885063866272013	0.19078178488250949	0.055168214342638335	0.025872151657348807	5.1877548101395972	14.85226939050539	24.142547690107456	4.8008195548067487	14.200252003383877	23.556000420803759	62.439999999999998	52.939999999999998	47.669999999999995	0.0068119855673532612	0.011617778966961147
0.013800000000000002	10.65653550684876	0.16650286312215071	0.043354387266126101	0.018832201797976077	5.2231033510126856	15.207914261719162	24.203640960583691	4.9025773252790632	14.255638485221988	23.243781350094466	61.799999999999997	52.070000000000007	47.700000000000003	0.0066963050734305642	0.010987790606474011
0.014	12.373566459830599	0.15721352446340947	0.042900826648239791	0.014316786193291169	5.2369787943603967	14.920058134172322	23.643934064614498	4.7543647187299118	13.767433849407865	22.292648155012156	62.030000000000008	52.480000000000004	47.190000000000005	0.0067047769666984487	0.011053333505602832
0.014200000000000001	10.930606734044918	0.18157069082067517	0.04474239344862898	0.014644707922485647	5.1960404486130649	14.740967085597896	23.421986713537642	4.685973383762021	13.616073252938435	22.41871491238469	62.220000000000006	52.930000000000007	46.649999999999991	0.0065823962709998865	0.011017065588291925
0.014400000000000001	11.144652138088295	0.13277041379641347	0.0212027321906899	0.024428239338566839	5.2739864193269419	15.411652239563827	24.577070774025096	4.8768545786961557	14.880678139351167	23.304893550511572	60.910000000000004	51.620000000000005	46.910000000000004	0.0065158016939814503	0.010831303059427293
0.0146	11.227092068799877	0.17343919622310383	0.038042685280579282	0.010880671624942977	5.3796856986801318	15.209694135045051	23.572364773334069	5.0511959913756321	14.388173724323403	22.0425240545073	61.799999999999997	51.719999999999992	47.07	0.0064342496411346189	0.010412095378364801
0.014800000000000001	10.482819941575906	0.15462374422797473	0.037339329230275949	0.017912986545839733	5.2391093080231093	14.996286419652151	23.666379536856475	4.8462822773393919	13.882759482100813	22.249855272337928	61.160000000000011	52.38000000000001	46.890000000000001	0.0064319402149119239	0.011356566918777667
0.015000000000000001	10.722195982815654	0.16545803411853557	0.036002711450308082	0.021744085201828474	5.2992991306023587	15.359197084172724	23.752511614398152	4.8326918383814501	14.625188986698086	22.459613628318046	61.049999999999997	51.989999999999995	46.739999999999995	0.0063198189936999093	0.010832005654514363
0.0152	11.41416566438517	0.17125649913240187	0.044801165101093429	0.011388388486834005	5.3477293657309435	15.186714102604046	23.575124953581561	4.8872431805682748	14.243451481882639	21.959021891267636	61.350000000000001	51.5	47.289999999999999	0.0062781951321544665	0.010274928440265877
0.0154	11.702835093010091	0.15270647686106206	0.028390899693542297	0.0073377452087255201	5.3032575881212258	15.118420679705514	23.906962711742402	4.9855036963158446	14.11649248191228	22.798099306132084	60.210000000000001	50.910000000000004	45.640000000000001	0.0061793565739808338	0.010064496631514815
0.015600000000000001	11.944485128714325	0.16090978776576539	0.029538047004598732	0.0087755426301214506	5.3126010583173073	14.846154622893176	22.70702629587274	4.7694617735835436	13.841211894839233	21.395244386331395	60.760000000000005	52.330000000000005	47.480000000000004	0.0061325340036245818	0.0099326653861600313
0.015800000000000002	12.692791474618666	0.13190157033477262	0.031735856855233884	0.017677767777885559	5.1989931278064789	14.831146498538264	23.548822924931223	4.8465421471245858	13.844866691653056	22.5853580917993	60.790000000000006	51.379999999999995	46.469999999999999	0.0061226723201506291	0.01021725422921458
0.016	12.288532018310079	0.14195699598881215	0.025949063402285581	0.023742629735498209	5.3611472298278748	15.362157702595045	25.102248330119885	5.0560000649572752	14.996139942866341	24.124367712223222	60.639999999999986	50.880000000000003	46.060000000000002	0.0060607182685899971	0.010149418187832413
0.016199999999999999	12.494352132176179	0.13486697833355843	0.034330617458906212	0.019386224412562957	5.2485471527781735	15.058451028279489	23.392768803237395	4.8586672797977073	13.288720029981182	22.119742073460188	60.160000000000004	50.720000000000006	46.159999999999997	0.006029288385834399	0.0099523588026824046
0.016400000000000001	13.603615724541644	0.14028781209965108	0.030829410727953949	0.016834342796344499	5.2845322154569754	15.065898636462716	23.800267382991048	4.799240499390093	14.101991645093516	22.478770550033538	60.070000000000007	50.560000000000002	45.279999999999994	0.0059538009433649265	0.0094545120483334067
0.0166	12.887212384520819	0.15592863864102885	0.039415223884210926	0.023034955723848637	5.325319911814927	14.948935806601733	23.257910790214051	5.1625092507459289	14.213483236366397	22.121777048988999	59.779999999999994	50.020000000000003	46.010000000000005	0.0058758890851540284	0.0091619653597752645
0.016800000000000002	12.314927834499194	0.1468459423963106	0.017983063625839273	0.007925147709814017	5.5075081397713053	16.024702215964702	25.4261261058525	5.2535651369493586	15.237559414168061	24.193443226848991	59.629999999999995	49.579999999999998	44.890000000000001	0.0059082461605543465	0.0095497413594220933
0.017000000000000001	11.574816698959047	0.14450865668749113	0.033008001672126759	0.018561951219541333	5.3379290482340327	15.517889858678137	24.505460650953772	5.0050780565330291	14.550599225122639	23.847187530267224	59.760000000000005	50.489999999999995	45.129999999999995	0.0058157981219510947	0.0095667880864573219
0.0172	12.77635106816386	0.10799395713607855	0.024107059663435605	0.012349407782977441	5.5791816355264734	15.342703431492376	24.393845828791349	5.2103223562880512	14.383149000627833	23.658990506315384	59.739999999999995	50.449999999999996	45.739999999999995	0.0057255296566226842	0.008772288812562902
0.017400000000000002	14.72971577980138	0.1208601420647631	0.033074483151379508	0.013643221761680013	5.5200739655423217	15.479353095216442	23.968589748565169	5.307985088059934	14.482659531652351	22.713070042039963	59.679999999999993	50.650000000000006	45.690000000000005	0.0057059181167280941	0.009108329936145753
0.017600000000000001	12.227382347516953	0.12705655901194043	0.02895494679942166	0.016389295335255717	5.5012689776017112	15.147933385487931	23.219364432822598	5.1849831922340233	14.367306794533059	22.20145666527721	59.960000000000001	50.990000000000002	46.210000000000001	0.0056824395849710803	0.0094204112040794877
0.0178	13.195859663618874	0.13345747822946513	0.029694015469331508	0.012099821195126056	5.4203584284788997	15.471396229594166	25.063356648617116	5.0658818261130829	14.366512534300174	24.059042871343088	60.339999999999996	50.229999999999997	45.559999999999995	0.0056572485121601235	0.0091403155424262771
0.018000000000000002	13.479405347707035	0.13594281768852581	0.027892964300350969	0.0066559790081789586	5.3647936636405866	15.273809508588997	23.7480699326752	5.0253169725856521	14.436528015665655	22.654767385513217	58.890000000000001	49.850000000000009	45.350000000000009	0.0055397188782034578	0.0086469499290983045
0.018200000000000001	14.682139949074113	0.13236289508075344	0.016820205400372566	0.0081967999896748796	5.3430116490458399	15.035735013698178	23.430332344718586	5.0638152421895155	14.323420643715016	22.256302809529558	59.089999999999996	49.409999999999989	44.93	0.0055258499113968688	0.0091293283682732061
0.0184	12.262508095584675	0.10997498322072941	0.017592415480393673	0.018942235015500304	5.3007884409558343	15.1161351668646	24.808108770981683	4.9896354414575246	14.597334240525189	24.059919618616615	58.930000000000007	49.909999999999997	44.510000000000005	0.0054749472959840359	0.0091361155601909355
0.018600000000000002	13.049035752146711	0.13729982650174641	0.039847840414429937	0.027111406207345885	5.3428606564924772	15.494334301708255	24.660235982289159	5.033682551516323	14.773324184983391	23.559529904027777	59.279999999999994	49.899999999999999	44.729999999999997	0.0054153746467425993	0.0083185650912628115
0.018800000000000001	13.200384657817725	0.10269195658996425	0.017140429904396213	0.018290254984519964	5.4916459066444023	15.751683912765003	24.00385442144276	5.0674377061247871	14.99517448417212	23.045636932175611	59.299999999999997	49.469999999999992	44.700000000000003	0.0053962011441111594	0.0085359193392432094
0.019	14.769257741438887	0.11292323850483155	0.014779277826821813	0.0069207157201843315	5.538129588848177	15.733974959382717	25.237359691250571	5.2974226486143721	15.113845280621959	23.879839291031786	58.600000000000001	48.879999999999995	44.420000000000002	0.0053168536127390521	0.0081879536174351425
0.019200000000000002	14.32800519175022	0.11852872735931945	0.030006192218052501	0.01346187406108355	5.4503490948137161	15.125854212579648	24.026871722706368	5.0721272427536537	14.15426528888311	23.062873759957604	59.209999999999994	49.600000000000009	44.579999999999998	0.005295071934278155	0.0080436737400907017
0.019400000000000001	14.467123430492833	0.11153928555641093	0.019342173731646147	0.011745845961973412	5.484701593585763	15.192542139716931	23.272077295734103	5.2612133266665815	14.428472790745383	22.221552064466049	58.429999999999993	49.170000000000002	44.510000000000005	0.0053050929270337874	0.0084908556281542077
0.019599999999999999	14.506310685714515	0.087355344272060792	0.0099037803063305521	0.015364036520278571	5.3109682273346612	15.339610095491764	25.197687870622968	4.8864527735189274	14.209104260029367	24.025241183578085	58.789999999999999	48.649999999999991	43.909999999999997	0.0051957278587603673	0.0079264167227362757
0.019800000000000002	13.781547843756115	0.11007020570393063	0.042177223692201039	0.020835758502598403	5.4223847382525543	14.991967573171157	22.980087118754611	5.240552553177614	14.236835539934734	22.336735451745682	58.489999999999988	49.910000000000004	44.839999999999996	0.0052072263297913918	0.0078659291356076629
0.02	13.596219598937001	0.10828934966137745	0.027717415002865418	0.013476173890038546	5.3448967518280579	15.506417030576568	24.062288625989709	5.1314513255742096	14.49995411502498	22.55405103576398	58.239999999999995	48.740000000000002	44.450000000000003	0.0051514791417129821	0.0079264089371034862
