weight	lyapunov	err1	err2	err3	m1	m2	m3	std1	std2	std3	null1	null2	null3	f	stdf
0.0	nan	0.74078896041971132	0.12391124338171126	0.020914198899142318	4.5587268879901126	7.1423291516270684	6.0737330449733635	7.4432594838440576	13.708541158587062	11.730312563009878	99.29000000000002	99.29000000000002	99.29000000000002	1.3929995317105264	1.4906661142370798
0.02	-6.1700740318436188e-05	0.91449395274150047	0.937182265399081	0.38550065407660999	4.4289404690144831	42.994337604089267	134.87767258367293	6.0565990439739306	61.389101260397034	239.33055060388006	74.719999999999999	56.640000000000008	48.88000000000001	0.92918598458647406	1.2529641241771345
0.040000000000000001	0.0023291251919276166	0.94303139211011255	0.94828348914007921	0.3948889115202831	4.6504355743265364	28.56563894952621	98.295566633762832	4.9519848952718126	34.902080381286069	158.45850535720837	74.969999999999999	61.329999999999998	53.779999999999994	0.72081247890864675	1.1113468509352373
0.059999999999999998	-0.0011013762621317979	0.95528203289264368	0.9560471475788892	0.40675362316211733	4.6516243209528803	25.225082249029878	104.94373712199891	4.5971955219903853	28.878217540478772	154.38673042420379	78.52000000000001	64.179999999999993	57.850000000000001	0.59752916197774919	1.0133629519773379
0.080000000000000002	0.0066518372234205189	0.96206610442756446	0.96355671380954422	0.4280403286153634	4.9672187887898005	26.253365471737631	119.08907677614351	5.0351978093420708	28.151444942180518	155.34731157689532	81.879999999999995	66.439999999999998	60.730000000000004	0.51424292704854624	0.9405770458580951
0.10000000000000001	0.0017667588697755727	0.96607308027098626	0.97120902516325047	0.44742769660053039	5.4241501166221004	27.301214335717027	127.46234618963813	5.6157571326095779	28.300981352883561	147.79922402317686	83.669999999999987	67.839999999999989	63.310000000000016	0.45364462846921932	0.88352231402438475
0.12	0.0015083912939252795	0.96855409068034848	0.97738468061033978	0.47481692923685237	5.601269226101171	27.89596136802276	131.20435790235416	5.9323919091655704	28.392201131474316	146.40330776177683	84.629999999999995	69.759999999999991	65.530000000000001	0.4073560196161613	0.8369488719587741
0.14000000000000001	0.0062168050866892206	0.97051222823801486	0.98136939669895895	0.49006009938363765	5.3812867557630675	27.222931875509538	135.80403556566696	5.5573233571551794	27.562425401503571	162.213643235153	84.989999999999981	71.539999999999992	67.290000000000006	0.37075403396267703	0.79767249638317317
0.16	-0.00028370178335065238	0.97094092044438596	0.98420530158847586	0.49953852932468867	5.1344934859544988	26.745312773869546	136.04528622039186	5.3775680440564591	26.300886630717535	156.06234305479023	85.099999999999994	73.210000000000008	69.049999999999997	0.34099971031808501	0.76384585932572224
0.17999999999999999	0.022825092427514841	0.96960418705467899	0.98669412216312158	0.51597992325799535	5.0088034091138836	25.620396262374566	132.74507633920228	5.0749993379502119	25.290803686617956	150.49720347265549	85.429999999999993	74.219999999999985	70.620000000000005	0.31624707891850096	0.734289264520812
0.20000000000000001	0.025616569280990847	0.96928257607469825	0.98841656605726791	0.52048436186189151	4.9915170136793732	24.471250735775509	130.00818257221755	4.7453194899394244	23.642877127959132	148.89693982555903	86.200000000000003	75.75	72.049999999999997	0.29527791668257281	0.70813537077429412
0.22	0.028000165905361918	0.97108880059965297	0.98887812126914976	0.52168121418400848	4.8133136776164571	23.393102817103131	127.06949182687103	4.9930197186862868	21.786882711671939	139.02829796996647	86.539999999999992	76.640000000000015	73.189999999999998	0.27724128132746673	0.68481430209113225
0.23999999999999999	0.012736937513526961	0.97168493292199865	0.98932525912320379	0.52240226892063835	4.8941671777552909	22.281009341920839	129.94255246928964	5.1252704233927755	20.477790581730467	140.98803950026752	87.609999999999985	77.879999999999995	74.109999999999985	0.26154696669844768	0.66378934423242353
0.26000000000000001	0.017418006322253658	0.9720896563554724	0.99030606322504133	0.53414311921410462	4.8048480712362025	20.801085174303886	126.53679606318099	4.975388678119268	19.316156916663925	135.65835166744955	88.309999999999988	78.810000000000002	75.010000000000005	0.24773549997305336	0.64476049522382373
0.28000000000000003	-0.0017587777168110959	0.97293965096016177	0.99085153114804303	0.53213008588095678	4.6343599535925319	19.547859251266118	125.70674062048472	4.5247154134016307	17.800201197885421	134.55793616932368	88.410000000000011	79.600000000000009	75.829999999999998	0.23546511701462031	0.62747436106280396
0.29999999999999999	-0.0031677038817824704	0.97373635878381193	0.99141822472040464	0.54158228815992193	4.5682113866787688	18.557814808775966	123.52667694118468	4.5485059271385184	17.271946438774602	148.06130606319763	88.500000000000028	80.460000000000008	76.609999999999999	0.22448474972641411	0.61168395762931083
0.32000000000000001	0.0048980465153245075	0.97367745010870421	0.99205399142957018	0.5515553915105641	4.4177228535485034	17.489266588365147	123.18805956697165	4.4766652301305694	16.362612205972546	130.69415091392145	88.560000000000002	80.900000000000006	77.170000000000016	0.21459909691463017	0.59715171178767235
0.34000000000000002	-0.0033330153091785395	0.97429819032527032	0.99210209734967347	0.55943521000415863	4.4031619300504321	16.931352339733664	127.63927873872316	4.3031386358154222	15.744225565253046	135.46395801438931	88.639999999999986	81.359999999999985	77.740000000000009	0.20564647201187417	0.58371543577491125
0.35999999999999999	-0.012638340342964313	0.97502034830592577	0.99287885434699885	0.56654689018433857	4.4547708544132343	16.55863410539132	129.09533791895902	4.2711475686836877	15.446439557621005	138.41097727395106	88.609999999999999	81.920000000000002	78.330000000000013	0.1974944911794157	0.57124028078356281
0.38	-0.030194023678210297	0.97443645468459739	0.99372472771753806	0.58143378764908704	4.3583722842524644	15.827970689316473	130.57068260392677	4.3715733722364103	14.895507879942619	135.19947745293706	88.63000000000001	82.47999999999999	78.879999999999995	0.19003580095245259	0.55963065563562131
0.40000000000000002	-0.013102726996036061	0.97385647175331247	0.99419063343931047	0.5854280452731272	4.4612099386905957	15.554535815167828	135.37020248117545	4.2012793656625451	14.505439083798942	140.08187134021742	88.900000000000006	83.150000000000006	79.469999999999999	0.18318065937103381	0.54881364427209933
0.41999999999999998	-0.043905391209525933	0.97567096261950381	0.99426519994713802	0.5865487024924928	4.5272103246248934	15.216865203818188	132.92561409877737	4.3241626408681189	14.290644777036173	133.15959386284885	89.02000000000001	83.599999999999994	79.960000000000008	0.17685879820927178	0.5387107153619819
0.44	-0.1756235827793918	0.97661157155925304	0.9944573071606253	0.5942576984956589	4.6484698228964749	14.847355843699555	132.84864491353346	4.3639354896285534	13.789638724473926	131.7525078734306	89.310000000000016	83.909999999999997	80.390000000000015	0.17100589683492226	0.52924440948520091
0.46000000000000002	-0.13697490194825626	0.9777386679845812	0.99418638430453665	0.60281633161576731	4.5162382345494336	14.277764122240251	135.60209243050173	4.3740181617634075	13.410928050529483	136.34629202809671	88.920000000000016	84.099999999999994	80.739999999999995	0.16557276150632658	0.52031740534502879
0.47999999999999998	-0.031649143948632968	0.97830114283063596	0.99429458236857471	0.61234678777751517	4.5701256997254784	14.158770569352583	138.22313433265015	4.4166182120081681	13.400588596911064	137.16040803335758	89.309999999999988	84.539999999999992	80.980000000000004	0.16051173404656111	0.51189426607766531
0.5	-0.21651750983130813	0.97903357049071538	0.99495454770129632	0.61021602707327705	4.6718096626008849	13.908560559506379	144.31089046832216	4.4662540316351134	13.19269288031912	148.01663487596329	89.610000000000014	84.780000000000001	81.489999999999995	0.1557816080195511	0.50395460565622319
0.52000000000000002	-0.24207656764148194	0.9804624018790189	0.99552279062465698	0.61602123018708765	4.6516082014300961	13.577183765101642	139.29144378020359	4.4472957380103821	12.965184362687179	139.90844974297539	89.789999999999992	85.069999999999993	81.739999999999995	0.15135205835329768	0.49642444073874376
0.54000000000000004	-0.21286500503854788	0.98130012217734952	0.99573592894077367	0.6236449219067931	4.5694937063143284	13.178238073635123	135.9903115953295	4.4653213348447238	12.69392509720117	129.05007523437061	89.790000000000006	85.269999999999996	82.030000000000001	0.14719736896718763	0.48926259424935808
0.56000000000000005	-0.13777999621315351	0.98134661488895281	0.99582963056660678	0.63072604274578525	4.4892115715711256	13.067582250800635	140.50680859497785	4.484149900349407	12.80571154963231	142.54993100747367	89.730000000000004	85.75	82.400000000000006	0.14328893429600056	0.48246113322139533
0.57999999999999996	-0.21198180663897045	0.98236005194401643	0.99577153822463593	0.629433031673716	4.5161866401332942	12.799777957136438	140.91050419570385	4.5444582894591097	12.760505399949647	144.95718310164352	89.829999999999998	86.150000000000006	82.709999999999994	0.13960922524600683	0.47597406044687407
0.59999999999999998	-0.21843722079542069	0.98335761371543318	0.99590749331852313	0.64070716725896815	4.4679076822092698	12.674136734963996	138.69063301265751	4.4664787386788447	12.372991183742901	132.77621780557035	89.890000000000001	86.489999999999981	83.149999999999977	0.13613822742228876	0.46976903342299392
0.62	-0.097492035694995746	0.98393320158064268	0.99625094045662355	0.63615560265027216	4.4832945159772972	12.328463664433551	137.5785487584281	4.5039096885615484	12.187043569710271	132.97199270714432	90.129999999999995	86.710000000000008	83.310000000000002	0.13285722474860864	0.46383757333704434
0.64000000000000001	-0.33688259798700998	0.98425720136632555	0.99649249385895011	0.63918696396975716	4.5604735537033916	11.950838813078892	137.60211235587229	4.4266465463293834	11.876307812854336	134.16999749410425	90.510000000000005	86.830000000000013	83.460000000000008	0.12974923997740223	0.45817394492863395
0.66000000000000003	-0.18350091282736519	0.98462467309952795	0.99657506462542833	0.64867772821809377	4.4536843720130523	11.804012726580487	139.46336184984941	4.339358663931745	11.531458006821614	132.20516329756407	90.5	87.109999999999999	83.669999999999987	0.12680228241091557	0.4527519037618391
0.68000000000000005	-0.11571142863496359	0.98542421474150821	0.99687763545960217	0.65125975044187212	4.4608473254963323	11.621557748826046	138.2607369093042	4.3597521969406241	11.357344957320704	130.68869931680675	90.670000000000002	87.200000000000003	83.900000000000006	0.12400272932745582	0.44755534777205164
0.70000000000000007	-0.029999320029168199	0.98547453846359967	0.99716220304981218	0.65151688038746458	4.4928236010439671	11.217858154991383	137.64247972947507	4.309222713545422	11.100316657689259	128.50317068908416	90.88000000000001	87.27000000000001	84.0	0.12134041184799764	0.4425713180010552
0.71999999999999997	-0.052841094380384292	0.98536216223516337	0.99733530036038986	0.6550640394049686	4.4636147899955194	10.926752723893154	139.19635516582701	4.3316320681602996	10.899395973531744	136.97481601677345	90.969999999999999	87.390000000000015	84.390000000000001	0.11880722554806231	0.43776588390386062
0.73999999999999999	-0.10605103156738958	0.98524461552134268	0.99748219918453152	0.66149157165977246	4.408112840823696	10.71009897086002	135.55132974014123	4.2532189970799577	10.751719702323756	129.04791500447357	90.900000000000006	87.719999999999999	84.599999999999994	0.11639226666921534	0.43314339495579979
0.76000000000000001	-0.14792389264054015	0.98541969233332105	0.99751802082856589	0.66265685459441259	4.3744450009850313	10.493780114445773	133.43966158656889	4.169101793839987	10.485923978725038	130.88424110473798	90.920000000000002	87.97999999999999	84.930000000000007	0.11408608024124148	0.42870400537209175
0.78000000000000003	-0.12048207626645797	0.98527530775941374	0.99771878674792214	0.66783781728383684	4.2000489696340519	10.446293673515388	133.15407744666933	4.0297348911476343	10.244655105409368	129.48472049758638	90.690000000000012	88.27000000000001	85.120000000000019	0.11188096979703108	0.42444293984857273
0.80000000000000004	-0.10423088486107884	0.98526394373587234	0.99786061407051396	0.67504990152959687	4.271440691277598	10.251740305211374	129.93127502315002	4.072754829781049	10.242482732252956	124.5150051316861	91.02000000000001	88.340000000000003	85.329999999999998	0.10977305692464519	0.42032438922508303
0.82000000000000006	-0.14208628407335575	0.9854112181487189	0.99781609653002012	0.67297263917436245	4.2556205784005758	10.085081731662962	127.45513249937559	3.9807257301780039	9.97018125251474	111.82291671212101	91.019999999999996	88.459999999999994	85.5	0.10775414525101942	0.41635371550927297
0.83999999999999997	-0.32913585622087349	0.98524512867012393	0.99771328881007615	0.67760853434727353	4.2664787936192416	9.998492202182593	125.58599391164155	3.9139709069680393	9.87148056054696	111.52535654834659	91.200000000000017	88.579999999999998	85.700000000000003	0.10582094646948963	0.41249508671616619
0.85999999999999999	-0.06676637890930695	0.98545560920207076	0.99786444257349205	0.68877971122203507	4.221416877416746	9.8057169155714288	130.38769734391545	4.0086909813770601	9.6516997074444983	119.3536291159659	91.310000000000016	88.819999999999979	85.930000000000007	0.10396768538121251	0.4087494329977483
0.88	-0.097364024514680944	0.98556067924141466	0.99812926040950278	0.6902976793483806	4.2743004058119425	9.750237706182876	129.75906794176879	3.9745396854294861	9.7028345144199069	116.18847703113575	91.580000000000013	89.090000000000003	85.989999999999995	0.10218849733353533	0.4051098136636832
0.90000000000000002	-0.18132016267832488	0.98573354211995068	0.99830086527346773	0.69324999243595031	4.2568834743118451	9.5769107427097229	129.89550513850924	4.0289182731509898	9.708351716872313	121.17422200888322	91.679999999999993	89.210000000000008	86.159999999999997	0.10047907225273885	0.40157461449786352
0.92000000000000004	-0.11533588435330117	0.98595302651129546	0.99846054250268312	0.70400423355116382	4.1469447789882468	9.3860105650306256	128.36403439658301	4.0077721387084653	9.4888101215553142	114.95212884784962	91.530000000000001	89.310000000000002	86.36999999999999	0.098835037888083663	0.39814467457400537
0.94000000000000006	-0.06861666654950839	0.98602160065950994	0.99845865689188318	0.71039269172794683	4.2138942901550909	9.1894687944388362	127.71130583697936	3.8889604590391791	9.2395649136275306	112.11853593646109	91.760000000000019	89.390000000000001	86.420000000000002	0.097251689009309916	0.39481862848576138
0.95999999999999996	-0.10005139744872266	0.98609655297902532	0.99842942475951202	0.71450974840602144	4.1644426159415486	9.1037665989442722	126.01309516884369	3.8178253929504478	8.9183254699361321	108.91045055772831	91.72999999999999	89.570000000000007	86.719999999999999	0.095724991567360654	0.39158954393060258
0.97999999999999998	-0.15851876179594895	0.98618657406649357	0.99852757110379231	0.72642505888683007	4.175193150148333	9.0388742115742335	123.02127069399455	3.806768519946425	8.7708275714446504	110.65473358481533	91.829999999999998	89.720000000000013	86.739999999999995	0.094251871939729961	0.38846554369323355
1.0	-0.011768564173242181	0.98634478165896533	0.99856180672408157	0.73019917041079019	4.0740524576837194	8.9127106228354123	123.32089002368282	3.8837309064733718	8.7105950615753791	110.29976714691072	91.799999999999983	89.879999999999981	86.890000000000015	0.092829238046369889	0.38543206404529007
1.02	-0.065297047192841837	0.98654775290293062	0.99863392433665621	0.72893727366904093	4.1590801416153029	8.8053877505117732	125.13073704052344	3.8594641497527986	8.6541849153294219	110.60535244700938	92.090000000000003	90.079999999999998	87.050000000000011	0.091454158565776364	0.38249084939963118
1.04	0.068080407276759541	0.98694618540425783	0.99872837028994788	0.73049215409862422	4.0677950081080985	8.5802381125686757	123.45296549748653	3.8033924487310058	8.6705385807107582	106.5474373729794	91.999999999999986	90.169999999999987	87.179999999999993	0.090125780755508478	0.37962759521996625
1.0600000000000001	0.15402509260114516	0.98743075710804651	0.99880202251627126	0.73194287993549267	4.0114655863544009	8.6938780297080029	121.76005909952275	3.7826820765149263	8.607951755741114	105.18694314492316	91.930000000000007	90.420000000000002	87.310000000000016	0.088840980627292093	0.37683649053376567
1.0800000000000001	-0.21962730792973287	0.98776927361792699	0.99886150967809795	0.73186680964334916	4.0727692125675485	8.4413713115583935	118.91300367525275	3.8464195151025278	8.4402745126161012	102.63493083645612	92.040000000000006	90.269999999999996	87.489999999999995	0.087597170963179802	0.37411508112690239
1.1000000000000001	0.033474146962187028	0.98780863298600252	0.99886450604919685	0.7287699721288684	4.1129232813084258	8.5225550503296965	121.06194018980459	3.7897454384172824	8.2899415315688234	101.01726436786619	92.180000000000007	90.52000000000001	87.789999999999992	0.086392280799004073	0.3714703157169249
1.1200000000000001	-0.13214621171985971	0.9879053895538934	0.99881439794215898	0.72813067368529072	4.1067773482616907	8.4863972509150223	121.6893625584225	3.7597111929009004	8.2787102458851738	103.29068257883284	92.180000000000021	90.659999999999997	87.829999999999998	0.085226961993472419	0.36888911133737307
1.1400000000000001	-0.10181045607318197	0.98793674474859383	0.99872845542874289	0.72868060225449183	4.1808995966929148	8.2256668940467019	122.79861532178657	3.7331928652092463	8.2112156438210597	102.82052451453357	92.299999999999997	90.659999999999997	87.990000000000009	0.08409854689692986	0.3663751233116333
1.1599999999999999	0.047417638030683995	0.98803974192268085	0.99867710278643107	0.72862802104363322	4.1498044910788421	8.2247159826009071	121.21411795682334	3.7400404524242843	8.1259334090312514	101.371629314556	92.180000000000007	90.840000000000003	88.090000000000003	0.083004929255862336	0.36392513644695412
1.1799999999999999	-0.1269574347091196	0.98820486477890535	0.99862027972619472	0.7260399478182914	4.1902221444102743	8.1073427644544367	119.75649246759467	3.8083137391885642	8.0178717131815382	100.59648606510605	92.310000000000002	90.850000000000009	88.210000000000008	0.081943911482912329	0.36153218207722859
1.2	0.31054768175019748	0.98808718811209562	0.99859182327974572	0.72485767943394463	4.1387524551755499	8.1361949508483526	118.8597298057994	3.8019877127183292	8.016303229553543	99.839024948573723	92.300000000000026	90.969999999999999	88.200000000000017	0.08091390762033597	0.35920226154395729
1.22	-0.042473496225956343	0.98790909494292833	0.99859395819962948	0.72570483493750626	4.1773843201205398	8.2452234229031998	118.93406737389441	3.7418787748560201	7.9768122964282906	99.292551878404979	92.469999999999999	91.150000000000006	88.309999999999988	0.079914210893768628	0.35692048543421001
1.24	-0.069281302786128748	0.98777406989932559	0.9986233294244814	0.72755432157028666	4.1332343383286974	8.1349726119156038	119.71900465149267	3.7232397232390406	7.922133408322237	101.85780274586452	92.52000000000001	91.189999999999998	88.469999999999999	0.078943607589408174	0.35468940597624199
1.26	-0.1020762056004849	0.98782397020470714	0.99868082154624516	0.72554065298471138	4.1179427905552632	8.1136966762817515	118.84525778905122	3.7489350939953745	7.8687820142006313	102.04143634222439	92.620000000000005	91.300000000000011	88.549999999999997	0.077999935698687198	0.35250466370481781
1.28	0.072866320292707634	0.98796000450930532	0.99876866168622114	0.72824347189466221	4.0794088172778435	8.0636872113611169	118.76901105858465	3.772424263906283	7.919605821553783	106.32256650961408	92.590000000000003	91.349999999999994	88.599999999999994	0.077081342030725891	0.35036374226848566
1.3	0.10813827419794522	0.98815235269834167	0.99882000602371157	0.73315370260774704	4.0822980722002127	7.9438881494110607	118.16207915406395	3.7935580989766526	7.8626759827187076	107.5621617107372	92.640000000000015	91.310000000000016	88.660000000000011	0.076187474923563522	0.34826193770846914
1.3200000000000001	0.087799587049233005	0.98833497572775431	0.99882513132101014	0.73920128051679623	4.0841558062325234	7.812680429266595	118.37005262741123	3.7881324474941342	7.7735401411336493	109.3294735659326	92.670000000000016	91.280000000000001	88.75	0.075317370037471576	0.34620556344333242
1.3400000000000001	0.20239946558492466	0.9886048046047019	0.99883414214794863	0.74800585010268283	4.0832314758253769	7.9563520240944312	119.0155804914632	3.7505270890881333	7.8764004249875184	106.86508678079591	92.740000000000009	91.629999999999995	88.810000000000016	0.074470561801977586	0.34419642728884381
1.3600000000000001	0.10431076939978463	0.98883799348979695	0.99885787499339407	0.7527622402798938	4.0527099588218274	7.8589679624726472	117.52481537341657	3.6871963988789638	8.0084428791856546	105.45894341142169	92.750000000000014	91.760000000000019	88.889999999999986	0.073645974550463789	0.34223104705103569
1.3800000000000001	0.18503221694889196	0.98904952293439108	0.99885785638968583	0.75674062398172626	4.0039088039676667	7.6361367327253671	115.52829579946554	3.6458643668823902	8.0895388144004183	101.91145926217493	92.799999999999997	91.680000000000007	88.950000000000003	0.072842904518001156	0.34030238203365237
1.4000000000000001	0.028294045678194015	0.98917684487561597	0.9988560455840364	0.76282527094501962	3.9628646407133545	7.6443088517979563	114.64089768594393	3.6477891310278152	8.1205925129604779	102.01554949130295	92.840000000000003	91.780000000000001	89.210000000000008	0.072060147907062916	0.33841405182961559
1.4199999999999999	0.17368229408726013	0.98940008686252678	0.99888615665258862	0.76780504058694965	3.9114956060207779	7.6907839372975442	112.01110825017986	3.6416464136005233	8.2110020258654348	105.6456396372291	92.830000000000013	91.909999999999997	89.299999999999997	0.071296466649292317	0.33656346543987115
1.4399999999999999	0.050903517614576961	0.98955325099925062	0.99888089406993996	0.77290804213803144	3.8107062802441498	7.6121906377752993	108.65375627056551	3.6043822741010105	8.3007258421719499	99.982621812582025	92.719999999999999	91.960000000000008	89.379999999999995	0.070552369509103652	0.33474778284647916
1.46	0.20651153140682552	0.98958361083399138	0.99884098370739927	0.77318535728773097	3.7480628094796544	7.5873570129303616	108.21628009739129	3.6320107194215558	8.3166465750608598	97.529901480306052	92.710000000000008	92.02000000000001	89.5	0.06982646413104826	0.33296329771575345
1.48	0.069091814546027877	0.9895145791184683	0.99878396509194101	0.77265131513235275	3.8078691354041738	7.4214142010993598	106.01350966363347	3.5976622378121021	8.2791847348023158	97.531544004965511	92.860000000000014	91.959999999999994	89.52000000000001	0.069117586642548925	0.33121684282015018
1.5	0.18199934848158741	0.98963679613805644	0.99872926032943421	0.77229802881672849	3.8718759747879141	7.5102948475638431	107.284998159227	3.5442586340220488	8.2042836896518274	97.510568631558556	93.02000000000001	92.090000000000003	89.599999999999994	0.068425938634297245	0.32949137635902592
1.52	-0.023019006018741236	0.98976225973719367	0.9986691705766958	0.76876938136737227	3.853771461648976	7.5303867043857533	110.5031902643813	3.5412008900083678	8.159803332785307	99.989825536479856	93.040000000000006	92.200000000000003	89.72999999999999	0.067750487942105447	0.32779315355831962
1.54	-0.14287044051269271	0.98991897806472928	0.9986050663182322	0.77472970888335502	3.8260573690797357	7.5791230900838142	111.79694977308827	3.5202715493427457	8.2316233955199767	104.86530991339509	93.030000000000001	92.349999999999994	89.750000000000014	0.067091278951585315	0.32611381191557465
1.5600000000000001	0.067222509426512617	0.99001548528089001	0.99854056983885842	0.77064321171747208	3.7869348519350039	7.5532103052219925	114.19679428691673	3.5245756232790741	8.1770065348523353	112.31038926252218	92.989999999999995	92.360000000000014	89.870000000000019	0.066447899848057559	0.32446176115173508
1.5800000000000001	-0.0056211672167682898	0.99003415134729289	0.99846852196588798	0.76344373776864194	3.829614400964521	7.4646059943564183	113.0439901039415	3.5707507815846116	8.0864273827518591	109.75943287359068	93.109999999999999	92.370000000000019	89.940000000000012	0.065819069082348955	0.322825675952709
1.6000000000000001	0.11045781447375103	0.98999932067768892	0.99843014208689118	0.75204345219612168	3.8991138474156002	7.3075297232827454	110.1560441101479	3.5884991731963338	8.1119712748464003	103.66278072546099	93.27000000000001	92.290000000000006	90.030000000000001	0.065204823237088733	0.32121577786772965
1.6200000000000001	-0.12929227181620362	0.98991937154363785	0.99841753144853718	0.75812101846784108	3.8908152248257464	7.2730700955732051	106.97051062219501	3.5616546568394059	8.0109703141130844	97.634483564099313	93.290000000000006	92.299999999999997	90.030000000000001	0.064603970222403981	0.3196287820647018
1.6400000000000001	-0.13255375538602737	0.98974689211672706	0.99838571586084901	0.78163111209926017	3.8486522030715355	7.2869991664352849	104.27768335828895	3.5267606819693369	7.8748232957814395	95.530976736938996	93.25	92.320000000000022	90.289999999999992	0.064015817545310633	0.31806642894311543
1.6600000000000001	-0.21279649834078462	0.98966519905410111	0.9983594922536454	0.78255810625785094	3.9148453835700847	7.3691440249408346	102.98414205583985	3.5517852361009346	7.7800098346424322	96.324358899394866	93.370000000000005	92.420000000000002	90.320000000000007	0.063440518476859845	0.31652289485564544
1.6799999999999999	-0.13140120262699381	0.98961415572766287	0.99833796632050098	0.78377102465627313	3.9340850813930666	7.4066077185924275	103.10531863920467	3.540018141947157	7.7746225627799657	95.133919489227353	93.419999999999987	92.460000000000008	90.330000000000013	0.062877488201704274	0.31500441701525578
1.7	-0.043817631974994747	0.98959517914480133	0.9983298178576463	0.78699381273297919	3.8686758777628518	7.500274143407319	103.35129975510765	3.5203714319419936	7.7569360676670174	95.759985511371653	93.370000000000005	92.549999999999997	90.439999999999998	0.062326692742931192	0.31350837833695994
1.72	0.13808714708129849	0.98960929223485672	0.99831749832752636	0.7925004207227766	3.8238003325727794	7.482487274621386	102.38277117666195	3.5056060795286528	7.8344366390968885	93.925241866886509	93.330000000000013	92.600000000000009	90.509999999999991	0.061787515119647474	0.31203751046900152
1.74	-0.14640619220351173	0.98965890901013243	0.99833032671668653	0.79843757200459808	3.8601648048359771	7.5698132906415365	100.61317696466101	3.4741165277696724	7.7826872463909869	92.798316787910309	93.469999999999999	92.710000000000008	90.510000000000005	0.061259135325671302	0.31058673173427198
1.76	0.040510476231123596	0.98966999344999673	0.99833534083280262	0.80504407939409539	3.8427589115921874	7.3863175013430249	99.15412186074326	3.4553790493672603	7.6834626712981446	91.854913739305374	93.5	92.600000000000009	90.670000000000002	0.060741104770591928	0.30916235086232685
1.78	-0.061486364110948974	0.98955022958158201	0.99831839299809089	0.81003237240217252	3.7992736283030029	7.3953894579379238	98.101550203298444	3.4694794599557559	7.6844731704406986	92.176127634669413	93.480000000000004	92.740000000000009	90.700000000000017	0.060233059748664143	0.30775157442474527
1.8	-0.13028556145988152	0.98932868139785202	0.99833368296874014	0.81525028759954643	3.8036324942815383	7.4268070206742305	97.121006613357892	3.475754640217358	7.7274604002460645	91.474047212599316	93.550000000000011	92.810000000000002	90.799999999999997	0.059734502055378405	0.30636356655137198
1.8200000000000001	-0.11735470371536622	0.98923227170488592	0.99834757599137181	0.81975054594386187	3.7585080272675748	7.2840955853621283	94.528877136266686	3.4816361350420117	7.6880076780050999	88.222364652932967	93.539999999999992	92.75	90.849999999999994	0.05924541183338887	0.30499354338573753
1.8400000000000001	-0.13103017953990403	0.98919598959229194	0.99834323392842206	0.82053393278865838	3.7555797363629173	7.175251912647556	93.382218105263973	3.4962801864561861	7.5909419836841581	88.947761349984447	93.620000000000005	92.760000000000019	90.920000000000016	0.058766186199543914	0.30364696286021986
1.8600000000000001	-0.075649266380695523	0.98918853824059416	0.99833502390538398	0.82103788931532229	3.7278177357431703	7.1746415094235632	91.020966786471234	3.5163469015074336	7.4520106755365934	88.143129532428262	93.640000000000001	92.870000000000005	90.870000000000019	0.058296066505114465	0.30232076976033662
1.8800000000000001	-0.11913658779180658	0.98926981393460289	0.99832042063537885	0.8214718259048972	3.6810900792933503	6.9713263561501675	91.011510907906995	3.5228070491104604	7.3114822060731797	87.837879205580833	93.609999999999999	92.780000000000015	90.97999999999999	0.057834635672755319	0.30100716898265267
1.9000000000000001	-0.14458081113656723	0.98936658578964543	0.9982692066325074	0.82341781887726351	3.6375642690721199	6.9583498502880499	90.512473063753347	3.5544485693803756	7.2103960362160677	88.072789392893895	93.639999999999986	92.870000000000005	91.049999999999983	0.057381631905240746	0.29971606494732439
1.9199999999999999	-0.067850125411560464	0.98945115915850068	0.99821580282541	0.82480556812218286	3.6618929967824583	6.8900505374317262	90.264618932083749	3.5852760359056162	7.1889092996278237	88.427381372046	93.739999999999995	92.870000000000019	91.109999999999999	0.056936915061576318	0.29844210974832064
1.9399999999999999	-0.19627265587708917	0.98959848752283786	0.99815664383779823	0.82609027182925243	3.6377606391229995	6.8279095784495807	88.450555216162599	3.5763356693903967	7.1344879954258591	83.159122882462043	93.730000000000004	92.840000000000003	91.140000000000015	0.05650036531377254	0.29718972998827542
1.96	-0.1384590673011267	0.9896797622575596	0.9980628423388177	0.82671337726542293	3.5951206358187173	6.8513604306291356	87.030845559715843	3.5621504195938072	7.0328696011085814	81.892113333427133	93.700000000000017	92.88000000000001	91.189999999999998	0.056071742972437597	0.29596090401301217
1.98	-0.14510179352389069	0.98972952514378798	0.99797471094734491	0.82818484607165233	3.5626799284663875	6.8628178591004714	86.521249726684957	3.5305188805443537	6.9421195784694421	84.446678908387469	93.72999999999999	92.890000000000015	91.260000000000005	0.055650921195462631	0.29475278265140237
2.0	-0.14086798398307657	0.98976808199098265	0.99794086827670814	0.8324176910260993	3.5882799173416884	7.0726300460960356	85.361072682170331	3.5088439218322534	6.9200931379090918	82.980563874837586	93.819999999999993	93.030000000000001	91.340000000000003	0.055237653932970823	0.29355408099433428
2.02	-0.15373285513139046	0.98985175233254807	0.99791631029884598	0.83515215697853695	3.5790556315750175	7.1350048984522187	85.017045275670171	3.4837182692242941	6.9414649007664222	82.002503259444325	93.86999999999999	93.039999999999992	91.419999999999987	0.054831293636063018	0.29236764389942171
2.04	-0.18102434868287645	0.98997133528619796	0.99787918332701664	0.83604839098184003	3.5377326920507968	7.0559358342933125	84.639141736386463	3.4612262457915768	6.9670170234345621	81.127303693497538	93.879999999999995	93.010000000000005	91.530000000000001	0.054431552734970023	0.29120474451832007
2.0600000000000001	-0.1936356057543816	0.9900566335224561	0.99783563150574717	0.83453270428101278	3.5710161876549416	7.0195987089006833	83.208571459272093	3.4280088249841505	6.9557439482088892	80.120194670230802	93.97999999999999	92.990000000000009	91.530000000000001	0.054038570230986648	0.290060167981737
2.0800000000000001	-0.17194829312053217	0.99015134366842861	0.99779427060320403	0.83062036233595149	3.5026210731480809	7.0037911218650919	81.965245151932294	3.387384828637817	6.957500104246864	76.56433884296797	93.950000000000003	92.940000000000012	91.609999999999999	0.053651999446121035	0.28893364144096179
2.1000000000000001	-0.17656981492987339	0.99023157544620999	0.99776328926554947	0.82249977182681455	3.5126525548481888	7.1602604877055569	80.943399379403189	3.3725851020642992	6.9826730371839831	76.380891602237966	94.070000000000007	93.140000000000015	91.600000000000009	0.053271951271590345	0.28782059639118074
2.1200000000000001	-0.17457562723576095	0.99028664199816563	0.99771220147283302	0.81062364995199643	3.5158815593930486	7.2911255017804324	80.61802076959836	3.3718590668839261	6.9665719025674591	80.294297991819661	94.149999999999991	93.350000000000009	91.640000000000015	0.052898788689243428	0.28671806036233871
2.1400000000000001	-0.17174816557892816	0.99030398933416142	0.99761526215369223	0.82480916156680384	3.4865394939190013	7.1601089300649718	78.061994895059371	3.387375072545372	6.9336543494962868	70.291897063482537	94.129999999999995	93.280000000000001	91.680000000000021	0.052531601940145702	0.28562708874909415
2.1600000000000001	-0.16610860164804897	0.99035772500313823	0.99752806745686962	0.82461669194990139	3.4703104469440369	7.0624525790102792	78.490640390814903	3.4133604922006362	6.9020239518630335	71.272362465838	94.129999999999995	93.240000000000009	91.780000000000001	0.052170522462513934	0.28455083294936639
2.1800000000000002	-0.14093954833166927	0.99047478564047375	0.99747366853343244	0.82759057421504545	3.4076761860037301	7.0838308928904663	77.277241881391873	3.4226714951605524	6.8486108688130045	69.472591365277736	94.039999999999992	93.280000000000001	91.799999999999997	0.051815088760844542	0.28348044771755099
2.2000000000000002	-0.18315557970620711	0.99060626854752487	0.99740065668061706	0.82891812770421658	3.4179238037498969	7.0738188880927364	77.091820316257241	3.4414686598282502	6.8000852466579715	70.304335504205397	94.11999999999999	93.280000000000001	91.850000000000009	0.051464955328578921	0.28242369212712876
2.2200000000000002	-0.18414863623965763	0.99074517115916305	0.99732762022987986	0.82945730310614452	3.3684776546555151	7.1002545521585407	76.861225234182641	3.4461507509396752	6.7833509321810226	71.571066580542549	94.059999999999988	93.329999999999998	91.920000000000002	0.051119933079391645	0.28136621112058768
2.2400000000000002	-0.15225702199294067	0.99088141043291356	0.99722256330118042	0.82903267381770607	3.377814292260068	7.2328502027634922	77.112182029558852	3.4362732555922442	6.8257879174217724	73.580253917361887	94.079999999999998	93.460000000000008	92.000000000000014	0.050779850121783245	0.28031592038437009
2.2600000000000002	-0.17888843887790906	0.99094274209550159	0.99708244042007688	0.82838472074939129	3.3998194243054862	7.1225357252099313	78.567524265921833	3.4445005810510336	6.911796155684824	88.912543885131157	94.140000000000001	93.349999999999994	92.000000000000014	0.050444571970192663	0.27927336037450645
2.2800000000000002	-0.19083680978842854	0.99097781729607315	0.99696536605187869	0.82791681439411313	3.3378696954049536	6.999780415536482	76.75045180997293	3.4494940585684342	6.964377326817254	83.199898974571241	94.069999999999993	93.250000000000028	91.989999999999995	0.050114116223917038	0.27823697786928203
2.3000000000000003	-0.17329710620095082	0.99103658989780963	0.99684569761108555	0.82656289803308225	3.3934338522327985	7.1215310688250515	75.853769908843489	3.4594943267774143	6.9952534916692439	74.617632097500717	94.189999999999984	93.380000000000024	92.0	0.049788749495712901	0.27720596739217279
2.3199999999999998	-0.15696984644659703	0.99116388458933502	0.9967047988923543	0.82536286287280414	3.3719881393495199	7.1463127355208584	76.206373433932328	3.4582148668979982	7.0351210812233518	73.469257772299471	94.159999999999997	93.410000000000011	92.030000000000001	0.04946811308129772	0.27617658108955068
2.3399999999999999	-0.14258005141185284	0.99126057130726175	0.99659072093920997	0.8236636081965869	3.4156170069278176	7.1097820390916269	76.536320256646135	3.4614208045172354	7.0533933132291811	73.518490148297957	94.240000000000009	93.390000000000015	92.140000000000015	0.04915209879889141	0.2751555879545885
2.3599999999999999	-0.16629550564067952	0.99128175285145093	0.99653973973904597	0.82151447493268392	3.3970882361176349	7.1337613613773101	76.531071615446621	3.4551262310962372	7.0477937792624941	72.418690872549362	94.250000000000014	93.459999999999994	92.100000000000009	0.048841866666873089	0.27415171819722317
2.3799999999999999	-0.15435258881305775	0.99131282874105386	0.99651648782093605	0.82225596665863709	3.4332071254929546	7.0562363862527464	76.066558635489145	3.4596430623518666	7.0113602869084328	71.416544145773031	94.38000000000001	93.390000000000015	92.120000000000033	0.048536849518740564	0.27317091554221334
2.3999999999999999	-0.1423754027038614	0.99129852604178015	0.99647846263457363	0.82456474055170792	3.4216997100118069	7.2105735293142486	75.566018917055331	3.4705296356376762	7.0762783506524327	73.53946218430373	94.429999999999978	93.549999999999997	92.150000000000006	0.048238220156873866	0.27222481706697971
2.4199999999999999	-0.18092535536802379	0.99126773732456519	0.99645378092426729	0.82629608380627462	3.4076625780640746	7.2012080048243465	75.190378765553604	3.4713515263445709	7.1057930145440356	74.955761501595788	94.459999999999994	93.549999999999997	92.170000000000002	0.047945224765655194	0.27130889094304605
2.4399999999999999	-0.1467756355265934	0.9911660838473072	0.99641784738690631	0.82610711978870965	3.3467073930841993	7.1819854079970229	75.354138654308059	3.4495350305448786	7.1422538158746871	75.196684814726396	94.399999999999991	93.530000000000001	92.200000000000003	0.047656491987343182	0.27040502232154795
2.46	-0.1847562193124887	0.99109560833851196	0.99635937235787131	0.82506115857447448	3.3219010089244838	7.2355586762198909	75.998089712078979	3.4443930231413775	7.2213770162505071	75.075869592237055	94.389999999999986	93.590000000000003	92.239999999999995	0.047372521964996618	0.26950394492592789
2.48	-0.16639678188123727	0.99101735147225445	0.99630139946356522	0.82239537299791565	3.2771914458203661	7.2353196217201114	74.868358957112918	3.4358590612718389	7.2421120353446069	72.894704198140303	94.359999999999985	93.549999999999983	92.250000000000014	0.047091311835011106	0.26859347914508525
2.5	-0.15672082734918644	0.99088021767244849	0.99624848611896577	0.81921226357943744	3.256983588171015	7.2053742588819532	74.267410993147195	3.4398877970120076	7.2627447277093893	71.641515504121003	94.390000000000015	93.480000000000004	92.320000000000007	0.046812557323073704	0.26768468626611985
2.52	-0.17530213645267406	0.99076515220797179	0.99619350717308364	0.81798536731113969	3.2530162945806538	7.1876400909117466	73.229513202315815	3.4355934603078842	7.3308158805340984	69.679856609432321	94.450000000000003	93.459999999999994	92.360000000000014	0.046536873867547707	0.26677184304521717
2.54	-0.15302472469020451	0.99068592873296024	0.99622942366951395	0.8184256208264884	3.2250824319704541	7.0848786351013588	70.935760159368016	3.4054227111461146	7.3725031662759024	66.180511636808845	94.429999999999993	93.400000000000006	92.400000000000006	0.046265443632905814	0.26587334012284891
2.5600000000000001	-0.16808649230857634	0.9906297242122134	0.99626145841278735	0.8192257965628057	3.1863102726869332	7.0632138288661634	71.231754098536541	3.3703865874054344	7.3296009734393008	65.688775906062659	94.389999999999986	93.360000000000014	92.490000000000009	0.045997929867265891	0.26498603001213206
2.5800000000000001	-0.14576201035968003	0.9906021758850958	0.99633010272761469	0.82091844244237733	3.2072216953021071	7.1787007795652356	70.569568960883174	3.3474601117767357	7.2740708487655725	64.662632675783613	94.429999999999993	93.430000000000021	92.429999999999993	0.045735251782410495	0.26410908720918952
2.6000000000000001	-0.1627464655273162	0.99061821336220901	0.99637803921857704	0.81988131954711019	3.1974290646579542	7.2037592007519251	71.466184901521189	3.3012441919596598	7.2580290171008004	65.084629519021675	94.419999999999987	93.460000000000008	92.549999999999997	0.045475336705704757	0.26323302618588212
2.6200000000000001	-0.1368282180835716	0.99064907439560579	0.9964280974469194	0.81777252663329192	3.1879039163025897	7.1818239753960329	72.039838960016411	3.2691540009327134	7.2180066087880395	66.377418537913826	94.439999999999998	93.45999999999998	92.609999999999999	0.045218386020446574	0.26236239158184815
2.6400000000000001	-0.14551985237397716	0.99066232179461333	0.99647949329577956	0.81455051974244896	3.2064172370475768	7.139810869835439	72.024128665896299	3.2417130598779522	7.2460737293540634	67.933416356118514	94.47999999999999	93.409999999999997	92.609999999999999	0.044964498849340173	0.26150007852770246
2.6600000000000001	-0.20720186463376117	0.99068541379096331	0.99651666382808612	0.81312543977327922	3.2283291210452312	7.2622549765922866	70.760162530784299	3.2193237886782917	7.2938386237900206	66.21588218954426	94.510000000000005	93.47999999999999	92.599999999999994	0.044714201129491246	0.26064954733598122
2.6800000000000002	-0.14508910798884955	0.99063902349693311	0.99653449587491638	0.8124027837893355	3.2175214114399644	7.2930070814306616	70.11910557886209	3.1936620370134667	7.3589178832822864	67.035986167602374	94.460000000000008	93.539999999999992	92.620000000000005	0.044467389997594378	0.25981117721227065
2.7000000000000002	-0.13664802069442158	0.99051702486569471	0.99649704926545402	0.81396660946586541	3.2235092740236539	7.27820414122787	70.379907984325911	3.1707140197147821	7.4358549512727734	67.747387362474129	94.460000000000008	93.570000000000007	92.640000000000015	0.04422359386043026	0.25898176624938313
2.7200000000000002	-0.1647449582681047	0.99035498092642926	0.99640295301574233	0.81248784502594396	3.1867324147094553	7.2180452436592262	70.135010128334315	3.1464760847238553	7.5299943818289661	68.94595350484289	94.379999999999981	93.549999999999997	92.640000000000015	0.043982657749807884	0.25815924208752533
2.7400000000000002	-0.19685068994738894	0.99020884148661747	0.9962587353787361	0.81000605634493783	3.1737157179629865	7.2863069364117807	70.574329571855529	3.1334955180631563	7.5752608747824324	69.566185665044571	94.36999999999999	93.609999999999999	92.700000000000017	0.04374486477922733	0.25734111248271063
2.7600000000000002	-0.13674808491764706	0.99010340032932409	0.99614996082604323	0.80581994750501418	3.1425721096716339	7.3764761548311908	70.738804541737991	3.1232289597400378	7.6373897786257672	70.255075031456101	94.319999999999993	93.719999999999999	92.730000000000004	0.043510318072947515	0.25653098824870918
2.7800000000000002	-0.14840118856726947	0.99011861820549751	0.9960891877737138	0.80047640152219546	3.1518678108896445	7.3832380150562411	71.259093362577943	3.1126909435502141	7.6782445017870078	71.952756063677839	94.379999999999995	93.72999999999999	92.730000000000018	0.043278761429304216	0.25573040298771255
2.8000000000000003	-0.14427892615243609	0.99024172156724166	0.99610572616861948	0.79621878255979306	3.1451203716501657	7.4592082863375708	72.829406491172932	3.0946701893438098	7.7076630799030195	73.02094801874037	94.390000000000015	93.789999999999992	92.79000000000002	0.043050344037960736	0.25494035751211624
2.8199999999999998	-0.19220308351611973	0.9898788469521792	0.99561352136057502	0.8084585247194187	3.1611713307332043	7.5253409391022759	72.863895851016409	3.0615889368731892	7.6862888667025331	71.886632534383097	94.459999999999994	93.799999999999997	92.780000000000001	0.042823572059405388	0.25418059986028735
2.8399999999999999	-0.10824139134009056	0.98998487002675761	0.99555036871778613	0.81125946438723573	3.0976281446998919	7.4299593359751359	72.351981377452219	3.0416844112733163	7.6951593345752212	68.459292865755216	94.36999999999999	93.72999999999999	92.809999999999988	0.042599979722292319	0.25338641537805501
2.8599999999999999	-0.17189872762918795	0.99001372290669454	0.99545650680535136	0.81455852874356383	3.1196858197155009	7.4124525805485622	70.79934774827862	3.0282305073580535	7.7113978877829483	66.443127445548768	94.419999999999987	93.739999999999995	92.800000000000026	0.042379270082509031	0.25261090836128458
2.8799999999999999	-0.15276842980353475	0.98999052191242731	0.99533746136463752	0.8191581140271913	3.1299531592709515	7.3971902855073868	70.000053994778199	3.0183979712900069	7.7467648028570295	65.569023745614729	94.469999999999999	93.710000000000008	92.859999999999985	0.042162424351384703	0.25188742731870839
2.8999999999999999	-0.14289715681706322	0.99006618627318799	0.99507534514199558	0.82464618231524012	3.0953074434962899	7.3961087915889765	68.346429282947526	3.0187860450011543	7.7641416409745263	64.009845550515678	94.459999999999994	93.709999999999994	92.890000000000015	0.041950160282380092	0.25182297654647123
2.9199999999999999	-0.15664927472039336	0.98989245285130134	0.9946788040977923	0.83004896953289475	3.0909989286476431	7.4096565724680064	66.047504018933225	3.0147543320188279	7.7878113629564067	63.608539330561143	94.509999999999977	93.750000000000014	92.900000000000006	0.041740355776790125	0.25118972563198855
2.9399999999999999	-0.1471860859109744	0.98968839149420662	0.99442441995655673	0.8325156526723122	3.0474753381872715	7.3535921017278314	63.742736190281562	2.9997180434041466	7.7420358647800267	62.101478630285257	94.469999999999999	93.75	92.97999999999999	0.041533318616834243	0.25054448286639125
2.96	-0.16511222283825114	0.98929202040117781	0.99414397549725242	0.83389466385279221	2.9982348682538293	7.418685022146815	62.442042013184007	2.9797045728609066	7.752037983639454	63.292352222582473	94.399999999999991	93.800000000000011	93.030000000000001	0.041329009875133292	0.24990252158858156
2.98	-0.17239553103647004	0.98623764303539263	0.99226408839409097	0.81901808896230344	2.9982206583720377	7.4348557509380839	62.211291385174114	2.9280868178970563	7.7796109465421051	64.56749461956278	94.400000000000006	93.890000000000001	93.030000000000001	0.041127192592399164	0.24926765261620956
3.0	-0.12597320636287684	0.99039515591550631	0.99358678050926219	0.8124778940750611	3.0000717094918103	7.6080402155784821	61.065755424281882	2.9150783621867751	8.0436050226073927	65.767148960496144	94.469999999999999	93.799999999999983	93.089999999999989	0.04107329241212071	0.24932106936410783
3.02	-0.13625579694647605	0.99047492932139192	0.99392899272794233	0.81481287937536795	3.0172271731302316	7.4981078835622359	63.133930962086481	2.9677043398147185	8.0433649963709009	68.790486406410992	94.499999999999986	93.769999999999996	93.080000000000013	0.040875892275088963	0.24867286464296109
3.04	-0.13177960741918718	0.99062812369443609	0.99403187067023135	0.81516586668073621	3.0132507699786197	7.5882058353449864	64.358671400845751	2.9902507511587872	8.0321793707058298	72.62213586568032	94.539999999999992	93.820000000000007	93.090000000000003	0.04068010854867489	0.24801694031908919
3.0600000000000001	0.18613548838505845	0.99063442958391013	0.99436282915067731	0.82482012278900307	3.0505050843266672	7.8076333129629063	66.952764803447295	3.0681117452616147	8.0862200197085308	75.614900746136044	94.650000000000006	94.030000000000001	93.240000000000009	0.040485071633659032	0.24730222257517259
3.0800000000000001	-0.10133992384185249	0.99058481953923305	0.9941244953943944	0.82673592262660645	3.0418292411212642	7.6677595259911042	66.057319474439083	3.0818106777491412	8.0528050862101601	72.812171207969328	94.659999999999997	93.989999999999995	93.280000000000001	0.040292368264809253	0.24663901501010663
3.1000000000000001	-0.079646117391345639	0.99052941875505707	0.99399795191460905	0.8272786388481228	3.0396187962502674	7.5550444748475325	64.832182737816922	3.0987062593964865	7.9777954854588149	71.652131527659463	94.679999999999978	93.959999999999994	93.27000000000001	0.040102971824057226	0.2459750876156897
3.1200000000000001	-0.08299568618028777	0.99049124220548423	0.99376539183166757	0.82743172145254817	3.0341561553492999	7.6758012521847903	65.010914849310922	3.0980458178457893	8.0034364284229014	71.734617630095045	94.690000000000012	93.989999999999995	93.27000000000001	0.039916116937139784	0.24531059139284744
3.1400000000000001	-0.093895719133354233	0.99037161371024296	0.99348823354179616	0.82733387679800019	2.9773780362077593	7.6938562692969672	64.255138937199277	3.1003326222345327	7.971183862782345	69.450441644290521	94.639999999999986	93.969999999999999	93.299999999999997	0.039730845633259806	0.24460341948948647
3.1600000000000001	-0.0026255764570528892	0.9902833859581881	0.99320725440316282	0.82375757175989039	2.9521748577012912	7.7571270285946863	62.923375998873624	3.0826753297278109	7.8735653843431859	63.407235215867331	94.629999999999967	94.0	93.310000000000002	0.039548317038683854	0.2439476439115687
3.1800000000000002	-0.092677002096724248	0.99020667378853733	0.99295862867682239	0.81965368982975484	2.9429582659746076	7.669380411276971	60.427652212556495	3.0580542689966732	7.759896873602929	57.692194536802049	94.640000000000001	93.940000000000012	93.289999999999992	0.039369162427216942	0.24330993615554361
3.2000000000000002	-0.032340094298250237	0.99002671057596214	0.99272396361681348	0.80571144768092151	2.8877220541863782	7.6306509684624357	59.891064689380563	3.0295576930150685	7.7305024064494789	57.594739997811686	94.559999999999988	93.990000000000009	93.299999999999997	0.039193940491135768	0.24256719614653735
3.2200000000000002	-0.04127350808808284	0.98996346261024704	0.99246991768292037	0.80133398129771705	2.9479924579168246	7.6532812433624571	60.319545041682474	3.0046762017844597	7.8127518222580097	56.415178899098848	94.660000000000011	93.97999999999999	93.329999999999998	0.039021645819698081	0.24199759686030933
3.2400000000000002	-0.11858244746823991	0.98900524548066959	0.99192671631590712	0.80812121449883778	2.8827039329273596	7.38238276764862	57.363216322556966	2.8478590736243214	7.3955348558674086	54.91935346660523	94.430000000000007	93.809999999999988	93.190000000000012	0.038727571546652587	0.24147843029268534
3.2600000000000002	-0.086860323204103501	0.98883462959739798	0.99146805190600629	0.81381952333689811	2.8615064122187044	7.3829555212115068	56.76152777024695	2.8357169184157334	7.3776912188913411	54.319524696806717	94.460000000000008	93.819999999999993	93.170000000000016	0.038563674993506797	0.24099057663139184
3.2800000000000002	-0.0012659505822496342	0.98866601943922028	0.99098459449059373	0.81482245887855564	2.8768417627081218	7.3705456777607639	56.993412314977512	2.8216913044283087	7.409781487463631	54.930588139571704	94.489999999999995	93.800000000000011	93.180000000000007	0.038403011801231415	0.24049486718171292
3.3000000000000003	-0.043338588781500285	0.98846952771510244	0.99043621689249195	0.81641752143764312	2.8368918005487473	7.4352407483041931	57.124069535557297	2.8206661565840592	7.430497779603316	54.559505757722704	94.439999999999984	93.759999999999991	93.210000000000008	0.038245654336374849	0.24000867625416938
3.3200000000000003	-0.036325951386159294	0.98835840916394202	0.99002479736463034	0.80902130665923211	2.826211387211143	7.6955415521805008	56.106602283200139	2.8113175129843375	7.4860536057433347	52.283013656280993	94.47999999999999	93.77000000000001	93.200000000000003	0.038090161170340309	0.2395386746850463
3.3399999999999999	0.010303789185811199	0.98807592223896701	0.98943137414485116	0.80157378709161353	2.8246317133153065	7.7004154200526305	55.323055286847215	2.7884148586573536	7.5756028039196792	52.136314657889194	94.52000000000001	93.679999999999993	93.200000000000017	0.037938123495103615	0.23907605429397441
3.3599999999999999	0.042142788333226808	0.98782973438905408	0.98844383099007627	0.79228664402996096	2.7772642264696481	7.6503226211794813	54.200727564988632	2.7638564782132553	7.7348158055716496	51.336191014694677	94.459999999999994	93.700000000000003	93.150000000000006	0.037793352002575276	0.23868721503592152
3.3799999999999999	0.017028205381688869	0.98751095380584442	0.98797737553281029	0.78713821472602818	2.7735057333126272	7.7175212255100663	55.221025902615779	2.7688097637920501	7.8780125845055782	53.881811222053933	94.47999999999999	93.72999999999999	93.110000000000014	0.037654914188057283	0.23839817716197328
3.3999999999999999	-0.0085199163286084206	0.98724450709557376	0.98763117465095218	0.78639986204196433	2.7472153744871979	7.9442393121580777	57.66210410290789	2.7530594227325205	7.9822227636627874	56.429084664438378	94.419999999999987	93.760000000000019	93.11999999999999	0.037516816076777586	0.23816456869521191
3.4199999999999999	-0.07983487409089246	0.98670187142224575	0.98796054376583364	0.78751912029378346	2.7483022709313896	7.9423175688110472	56.212717968678859	2.724376310967525	7.7969442326033676	54.61210964777689	94.460000000000008	93.810000000000002	93.140000000000001	0.037382782588059923	0.23795301241937428
3.4399999999999999	0.056375046658373715	0.9865571078540416	0.98784973914458996	0.78985548639622127	2.7079297361868586	7.896638244939429	55.662644169714362	2.6879018131108299	7.7890220061885813	53.790810633254978	94.400000000000006	93.75	93.180000000000007	0.037242263571016586	0.2376519480357408
3.46	0.024151145649585509	0.98663946716591988	0.9874476598660511	0.78811714062976035	2.705268968076624	7.8663277317334863	55.854948127823967	2.6382964444519548	7.8526740404849518	54.495264254943415	94.429999999999993	93.699999999999989	93.239999999999981	0.037100315564655394	0.23731521425112279
3.48	-0.071588400632295851	0.98655100324304001	0.98721356828956264	0.78211163606402401	2.7163674470836985	7.9240067849111187	56.391785244327764	2.6198887494307606	7.9831866213010327	56.861101575364231	94.419999999999987	93.659999999999997	93.189999999999998	0.0369591182427952	0.23694266158577823
3.5	0.025406710841709802	0.98664319134047318	0.98722766343438528	0.78402825519201469	2.6573965496776708	8.3198389336220853	57.54960764860963	2.624056197516627	8.0967459302414664	59.875496755319944	94.379999999999981	93.77000000000001	93.160000000000011	0.036814230513893251	0.23652887120536933
3.52	0.045579148043208527	0.98588077115442607	0.98507302893337712	0.76315505020055963	2.6155280296662182	8.786723487973827	58.699025097447169	2.5964471350741452	8.6559992225257538	63.778355532791849	94.22999999999999	93.680000000000007	93.15000000000002	0.036685545290026031	0.23629814887369877
3.54	0.070566454782242563	0.98559017070920341	0.98404634774128907	0.76105331790467168	2.6072798142963358	8.9010091565108294	57.183549088120785	2.6263226020317672	8.9987719343048997	63.170642701556595	94.190000000000012	93.669999999999987	93.170000000000002	0.036550549359496247	0.23596286281012965
3.5600000000000001	0.22852430250295364	0.98514022850826355	0.98224086519928611	0.76181718912742569	2.649935576880448	9.2500898371619868	55.135046935003913	2.6301837224928888	9.3746160899524575	56.235820555791193	94.280000000000001	93.739999999999995	93.210000000000008	0.036410078222976851	0.2354929736406528
3.5800000000000001	0.19716580601653502	0.9846016293686024	0.98117129501647971	0.74674280851430896	2.6788080770380378	9.2621893008172318	53.007316254882404	2.6637896582206047	9.2785003471801808	53.739165451357692	94.329999999999984	93.700000000000003	93.200000000000003	0.036283387022827351	0.23511463048800746
3.6000000000000001	0.22361859013762383	0.98368192903187457	0.97912653724172105	0.742594949261141	2.7350286881621422	8.9244026053444436	52.201405346250645	2.6745072196843669	8.8554230301671364	53.379152223927875	94.390000000000015	93.700000000000003	93.140000000000015	0.0361499918329449	0.23471197053700688
3.6200000000000001	0.28929776686583203	0.98291845561214175	0.9780894179709797	0.72137325247590234	2.705512183452027	8.9756290581428466	50.874135416653658	2.668805724621985	8.9065939240311582	54.04141855948162	94.340000000000003	93.689999999999998	93.120000000000005	0.036020338602012321	0.23428022053366884
3.6400000000000001	0.22665972402348147	0.98318055578086327	0.97525114843354055	0.71549938783982348	2.6527551399082241	8.8107980759678313	50.333350575871108	2.6214592382587787	8.6740196726293863	53.863604796359581	94.289999999999992	93.669999999999987	93.179999999999993	0.035884610233163833	0.23381451180276938
3.6600000000000001	0.20291343582511642	0.98287521639971076	0.97638348802320107	0.73443900372456727	2.6329403306210764	8.9356525453787974	51.771034185453956	2.611677618401492	9.481290248139711	60.750591336917466	94.309999999999988	93.780000000000001	93.090000000000003	0.035750044207651814	0.23339622188085704
3.6800000000000002	0.26325898156018873	0.98193348221942001	0.975674522779445	0.71851283758055917	2.6565747205957164	8.7671376176495102	49.093482056145135	2.6457746899729773	8.9772124410975191	52.404637883010267	94.349999999999994	93.670000000000016	93.070000000000007	0.035625889010454534	0.23293203463199569
3.7000000000000002	0.085116342125255914	0.98210409774003438	0.97332797003746196	0.71831320670304133	2.660341818523773	8.8253783015421199	49.123771282246416	2.8065695143337357	8.9228067478381572	53.089595437138385	94.310000000000002	93.659999999999997	93.049999999999997	0.035492485817243277	0.23238860249143226
3.7200000000000002	0.065951068692774201	0.98230371903073388	0.97459901632423218	0.73200396164485548	2.5867090412302076	9.0892617352788569	49.269750265986588	2.6759291542199257	9.8774006593535759	54.231233263715374	94.299999999999983	93.599999999999994	93.11999999999999	0.03536659947018081	0.23191255630177704
3.7400000000000002	0.046851530516902301	0.98160134420250489	0.96850026808151668	0.72750278230171039	2.6735636300878309	9.3724867266706706	48.107259624687757	2.7271944789233618	10.395942080674098	52.221833607283529	94.389999999999986	93.609999999999985	93.090000000000003	0.035245064431581832	0.23132729059645274
3.7600000000000002	0.603663323480499	0.91274495168606418	0.89488653896066539	0.64608552236944061	2.6588472499608287	9.305342380247037	48.571715768031126	2.745998407762376	9.6665398291945657	52.302401067280428	94.349999999999994	93.580000000000013	93.11999999999999	0.03517989404045202	0.22871061023187211
3.7800000000000002	0.21579219857461321	0.90672895081440363	0.89226625573809137	0.63287632520286774	2.6446698556387975	9.0998969669626302	47.706332187684922	2.7147385591215705	9.2261933057385903	48.11181687066032	94.350000000000009	93.559999999999988	93.099999999999994	0.035057712908049016	0.22824785637437267
3.8000000000000003	0.21355415561207519	0.90515551962689655	0.88914859520474354	0.64333959251092399	2.6276350646021323	9.4692668744772011	48.397235296579353	2.6699347918084593	9.4258990802524778	49.444220578346581	94.289999999999992	93.640000000000015	93.050000000000011	0.034946826723192839	0.22782514250637811
3.8200000000000003	0.21051405349387697	0.90481981918239052	0.88442144758147312	0.63094403939397292	2.6030555572863694	9.3833361031264193	48.590879348677355	2.6628318381269716	9.3748818321997902	52.641218014153594	94.299999999999997	93.620000000000005	93.069999999999993	0.034826676690240602	0.22734944440437005
3.8399999999999999	0.12669176589725015	0.90504979216017689	0.88640326129787927	0.62089227793551105	2.5716639795658036	9.1822955402771242	48.342468703039387	2.6550554251165837	9.5346944609923998	49.322627346520832	94.280000000000001	93.570000000000007	93.099999999999994	0.034698797040510578	0.22681334475309933
3.8599999999999999	0.38657294989596647	0.90261283787334035	0.88601544593710013	0.62634001546522311	2.5550230596333687	9.1664811849838763	49.114337849874232	2.6496444440072371	9.3109572463248647	49.036575384689115	94.260000000000005	93.559999999999988	93.150000000000006	0.034583638406217809	0.22635281824841358
3.8799999999999999	0.33977249101139279	0.90134407992636856	0.88075752495100623	0.58138707133271628	2.5722670484173968	9.0733859331000062	49.144170035503535	2.601994598353417	9.2674893880075579	49.936932331193056	94.280000000000001	93.570000000000007	93.170000000000002	0.034455809861533161	0.22574628266186644
3.8999999999999999	0.11701077684952622	0.90032409711519501	0.87917547655742612	0.55591294446972772	2.5710796836582572	9.3263113628663525	50.930589638787055	2.5966184296255141	9.7417025762236822	53.282182986441605	94.280000000000001	93.549999999999997	93.099999999999994	0.034326022694908725	0.22518378095535813
3.9199999999999999	0.45373063968310928	0.89657540963057603	0.87815088402740693	0.55577602342106613	2.5422468041535207	9.6032168640061482	54.793856010185536	2.5759939094420994	10.06924811363751	63.23937619459813	94.260000000000005	93.480000000000018	93.040000000000006	0.034187622093787423	0.22471209667103725
3.9399999999999999	0.29403566199072911	0.89556455128237622	0.87811227108197476	0.55657749182898131	2.446480586789701	9.5764222535566432	54.246087452883998	2.4323732085112355	9.6819054512536056	57.931872581669801	94.140000000000015	93.310000000000002	92.909999999999997	0.034074995234746872	0.22442444320546845
3.96	0.25636392845230555	0.89652743226975962	0.8765668086983901	0.57158369048514568	2.4313793377417854	9.6009078908294345	57.261807616835483	2.4157392126305037	9.4542414849003116	65.392286822239015	94.080000000000013	93.370000000000005	92.929999999999978	0.033958133163831727	0.22391030669138329
3.98	0.096753385674549872	0.90118211697343276	0.87033572381742275	0.55913883750233606	2.412618882568677	9.8796395052782966	56.702248285015095	2.4296680485457793	9.9606344441809185	62.884719583069298	94.039999999999992	93.459999999999994	92.890000000000001	0.033839695257640467	0.22342996893944916
4.0	0.073132900065760356	0.90241846750482657	0.8681205674070398	0.57037742224449639	2.4533274381914163	10.33293573502729	57.04863821151072	2.4604072033085638	11.285575887920583	64.544180495944346	94.200000000000003	93.549999999999997	92.950000000000003	0.033736239074013227	0.22314235502201601
