f	stdf
1.0003529405621674	0.10039719326000152
0.55223678656090924	0.10112151323038054
0.38137499397277419	0.10232428056287846
0.29131612638260573	0.10276667184013327
0.23581437014329629	0.10206321997637305
0.19825486265440698	0.10046354515278214
0.171182350693172	0.098294836120344814
0.15075355645254318	0.095831914855399852
0.13478956362724648	0.093277518113062757
0.12196756835391871	0.090751202595048028
0.1114393098114619	0.088319965294711464
0.10263673514924795	0.086014631773550065
0.09516521713070962	0.083846142919202643
0.088742186865744296	0.081814493927163001
0.083159840284113107	0.079914703921318969
0.078262270408432574	0.078137965809881749
0.073929878716258765	0.076475367264890376
0.07006948193840884	0.074917576929479757
0.06660745178907064	0.073455155911413952
0.063484668118085438	0.072080110778058953
0.060653284391456216	0.070784082761498779
0.058074044368280973	0.069559542016623538
0.055714477732378871	0.068399542344224948
0.053547466806769452	0.067297810351699613
0.051550193042803852	0.066249607490414295
0.049703302788741167	0.065249822826228099
0.047990283287846984	0.064294264662869749
0.046396956406651126	0.063379600157108473
0.044911081013584139	0.062502631439721595
0.043522028617093304	0.061660456723189538
0.042220540501092405	0.060850734636757324
0.040998524031555135	0.060071024757563686
0.039848847562321127	0.059319399924426967
0.038765197293394824	0.058593934350457774
0.037741993217726248	0.057892836390367484
0.036774266127007051	0.057214634315411468
0.035857582055112643	0.056558153699288627
0.034987969509963308	0.055922240058192872
0.034161850228474677	0.055305902734375655
0.033376019293328361	0.054708096748665565
0.032627569011939701	0.054127752296703031
0.031913882803229772	0.053563951612097302
0.031232582848939514	0.053015796720899476
0.030581490833008367	0.05248249089190906
0.029958625084500517	0.051963574329311958
0.029362181736128739	0.051458565671848401
0.028790496012477042	0.050966843373669836
0.02824206041996025	0.050487824176277014
0.02771548348377614	0.05002085568207696
0.027209485877337913	0.049565737345653192
0.026722878292593798	0.049121948741129705
0.026254565027172303	0.048689009423382924
0.025803532326263843	0.048266500014715892
0.02536883518580663	0.04785420078065572
0.024949601716701429	0.04745157694173803
0.024545025854121376	0.047058237572979618
0.024154353072335152	0.04667406919769454
0.023776879969139939	0.046298864314603089
0.023411959316793463	0.045932332498006566
0.023058989956016778	0.04557436939161924
0.022717414323971796	0.045224874576498098
0.02238669235879075	0.044883884434758867
0.022066341382725937	0.044551375854650813
0.021755912935757786	0.044227448448388267
0.021454963268913118	0.043911888568254037
0.021163083194882127	0.04360476421616833
0.020879909133998658	0.043306335014247813
0.020605075490386107	0.043016498238133388
0.020338225340580912	0.042735196086469765
0.020079019178882659	0.042462409770417896
0.01982713064744418	0.042197961178586721
0.019582261156276308	0.041942125888054717
0.01934412915916903	0.041694759033185244
0.019112437730615665	0.04145547923780335
0.018886925319191072	0.041224386193065184
0.018667340747732512	0.041001190943496142
0.018453462216268167	0.040786130794508033
0.018245040612337143	0.040578643749279684
0.018041832710345228	0.040377507172106038
0.017843603469566489	0.040181261246675259
0.017650085474637443	0.039987649638434423
0.017461068271669548	0.039795194788281085
0.017276506556483506	0.039607936930214603
0.017096420704658239	0.039429057180846744
0.016920424486990448	0.039251155191496856
0.016748832799207587	0.039073975232993378
0.016581359890701156	0.038895616851905797
0.016417560031637232	0.038720330382604008
0.016256259969018125	0.038522624300621755
0.016096688713279406	0.038287941888620496
0.015937636337753917	0.037982520649747407
0.01577663380111613	0.037508621272643802
0.015620222371916691	0.037059951734702057
0.015469773310152486	0.036728736567282379
0.015325492185247229	0.036574821439140995
0.015183808490763446	0.036314830565379055
0.015041542722192712	0.035935682154441033
0.014904468150352979	0.035544954398336527
0.014771697356974176	0.035400661421112777
0.014638818354870072	0.035108503810340773
0.014510132161454178	0.034856077145789338
0.014383772969522375	0.034531965076623844
0.01425935922434989	0.034172232467699244
0.014137590072402883	0.033787118399129089
0.014019126253015084	0.033963394433461233
0.01390097121315634	0.033326153242048205
0.013778890269928786	0.033087433530030595
0.01367255876416513	0.032549005483704693
0.013557450674353924	0.033394393639019561
0.013453281158987192	0.032630727266021294
0.013339345239730785	0.031456330882208991
0.013230189977172071	0.03184202249562354
0.013133299942037838	0.03101899438014637
0.013030045865173758	0.031181983605729425
0.01293145378881788	0.031598588450596932
0.012819919005067081	0.029953210199430872
0.012736509702388321	0.030246973534088062
0.012649406518316104	0.030758925946944488
0.012533407301827641	0.028969242097934701
0.01245026736587797	0.027790197597176946
0.012358778345058986	0.029166743547979671
0.012291225277149756	0.02803320783012735
0.012183855002453918	0.027810500021544001
0.012102667608757391	0.028494409153909057
0.01203630694026641	0.029071631492424244
0.011933613280612158	0.027647746798741279
0.011868641566179535	0.02756549547891507
0.01176615450005533	0.026944262841394034
0.011694281241727862	0.026656720964998444
0.011635166521997128	0.026932931364684842
0.011566823762626213	0.025947565771593847
0.011494088652225707	0.025245316634770591
0.011410380874258545	0.024895645258779825
0.011325319417296878	0.025400562554674159
0.01126655105844441	0.023684539935307291
0.011197155936888824	0.025916679658893278
0.011110536116270027	0.024629231430556515
0.011043636449212734	0.02574597990868056
0.010971902322336184	0.024065137085666977
0.010944760052462393	0.024365501017118266
0.010883898812592739	0.023871572461138545
0.010811387686590087	0.02338820666213863
0.010732879310940902	0.023184946164297202
0.010678178124031167	0.022772596369892522
0.010577685197490777	0.023981349572251415
0.010513696819133958	0.023837199929492587
0.01047060573595125	0.022713858758619778
0.01041354085727393	0.022327359658745161
0.010385613979601993	0.021471200316752068
0.010354829814079902	0.021949891867575833
0.010240897683981566	0.022436099145606018
0.010171483415491775	0.021100393261870326
0.010101987634774417	0.021609539519444946
0.010087625844970803	0.022158647875172847
0.01000518979070072	0.021121135533469424
0.010047637657592296	0.021231319650929538
0.0099360742968665049	0.021828834749176587
0.0099125730856444282	0.021126361737524999
0.0098458781824515493	0.019732772799521261
0.009790822175943948	0.020797019835884903
0.0096718402560391926	0.020774925972957922
0.0096572805336974932	0.020645192591135963
0.0096076170867475594	0.02050600629542525
0.0095658764576680832	0.020106541616600675
0.009563334924246665	0.019687424719218988
0.0095140216533598221	0.019211535844835835
0.0094216107669266615	0.019899636320494084
0.0094009136175741432	0.019366547778478974
0.0092942808021048845	0.01836604107618087
0.0092988141190960185	0.018864013359702059
0.0092478139973833848	0.018122831354957247
0.0091794639475687948	0.018787703130516319
0.0092561607344883792	0.0184553261026323
0.0090872492308179276	0.019269091100427484
0.0090940806145228276	0.018194611240131404
0.0090156823030998409	0.018911941763500695
0.0089399903686408246	0.01810582321830707
0.0089343569393711408	0.018175331831692284
0.0089267034698768816	0.017925242054862477
0.0088256728934922122	0.018116348581027255
0.0088431925698919285	0.017426809745308809
0.0087356439290998608	0.018319877225301876
0.0087046233338031586	0.017507835509124926
0.0087073751168800281	0.016869834901092961
0.0086795984146431776	0.017481947522963066
0.0086354130724897206	0.017470018108613945
0.0086116267039007023	0.018133892529407301
0.0085651642337472075	0.01690019872918274
0.008558390185429747	0.016305914792505215
0.0084544250246927286	0.016702493340050448
0.0084873504022773567	0.016816234307006173
0.0083993605613006499	0.016584108037011675
0.0084665731531384618	0.016841724715298195
0.0083517139907606786	0.016110285668071121
0.0083273189274817912	0.016277256748361058
0.0082621305110577095	0.0153777089546743
0.0082879706829755758	0.016579496298419493
0.0081784777840494833	0.016765103471995346
0.0081541225671454432	0.01548431579050541
0.0081339590788136358	0.015282522368228664
0.0081033407914056204	0.015334018898862201
0.99928031623797064	0.10029302521669341
0.55276653882639626	0.10177878966414365
0.38209385419828984	0.1032279719054115
0.29204980608639325	0.10371313953677259
0.23653564086744122	0.10288898486723427
0.19895142227276133	0.10112161803282431
0.17183962829976718	0.098904321259678352
0.15136440002187845	0.096515986412596899
0.13535418388665554	0.094103760054873295
0.12248956935720055	0.091746700809512499
0.11192333997295907	0.089487528898847354
0.10308742358602402	0.087346142845264985
0.095587012910723926	0.085327496102466288
0.089138970162348563	0.083430341588211429
0.08353514689990349	0.081649665437700872
0.078618967281943924	0.079978759885023176
0.074270417211359865	0.07840967516879889
0.070395943957329191	0.076934427246189013
0.066921632644499615	0.075544346970998474
0.063788261957991921	0.074231153773586286
0.060947673800592114	0.072988150006931471
0.058360437391453968	0.071808438789359663
0.055993916337824072	0.070686677437166667
0.053820853805682113	0.069618386090991816
0.051818323591698072	0.068599102019142932
0.049966883297350655	0.067625302436702686
0.04824995389377635	0.0666937636459521
0.04665327645766152	0.065801484717150902
0.045164554869127141	0.064945701839292366
0.043773129889504776	0.064124209961861092
0.042469672304898322	0.063335238840713196
0.041246036169868237	0.06257685249908794
0.040095056148984398	0.061847481156019526
0.039010388083522612	0.061145233503894197
0.037986442850759292	0.060468450121659377
0.037018230247658497	0.059815584773709782
0.036101249028429205	0.059185767111016002
0.035231522895005397	0.058577489841268413
0.034405480465632979	0.057989481199782193
0.0336198706457932	0.05742089955363789
0.032871773466093553	0.056870645308635913
0.032158547506079306	0.056337932591292147
0.031477800387134741	0.055822065280063927
0.030827351838172271	0.05532220993281467
0.030205195762552869	0.054837594922896367
0.029609530114056235	0.054367923081628702
0.029038689867366678	0.053912500514814367
0.028491146204478745	0.053470793217702033
0.027965476794005861	0.053041954266972204
0.027460390394041568	0.052625364833707215
0.02697469431214616	0.052220535612924252
0.026507262283796337	0.051826751153391595
0.026057067832352517	0.051443499946212189
0.02562314840393061	0.051069894184028596
0.025204621388237362	0.050705346846672029
0.02480066441179837	0.050349364164259489
0.024410488880867873	0.050001129729835538
0.024033363140315574	0.049660013330080729
0.023668605014035986	0.049325448692933489
0.023315573910757236	0.048996791977271741
0.022973661998766021	0.048673420510121468
0.022642309629696676	0.048354765238751166
0.022320991675969046	0.048040364678195731
0.022009227510406938	0.047730121174920842
0.021706567156511994	0.047423721772024259
0.021412589868298068	0.047120498257487826
0.021126892332977706	0.046820179064488501
0.020849106572295932	0.046522462011109413
0.020578885303081898	0.0462273083542354
0.020315904260861651	0.045934480247964531
0.02005987539985184	0.045643951955413611
0.019810515223309923	0.045355486280529905
0.019567562545495475	0.04506885469390208
0.01933080123086283	0.044784252284328432
0.019100005193028024	0.04450178020494517
0.018874973333352876	0.04422152063458467
0.018655503408613262	0.043943230031971668
0.018441409067715624	0.043667062026682316
0.018232505139290724	0.043393040131613894
0.018028615996533739	0.043121144927322871
0.017829555695203711	0.042851229787454932
0.017635130917360974	0.042582984919205563
0.017445181102369367	0.042316564992501117
0.017259517576267747	0.042051593429423925
0.017077955668334633	0.041787125173095872
0.016900375665512234	0.041523512472754771
0.016726602579203255	0.041260074566596215
0.016556483460135319	0.040996342485243864
0.016389928477027228	0.040732250555701878
0.016226850960740575	0.040467946936130289
0.016067188489275644	0.040202762188211616
0.015910953697648507	0.039936081165170015
0.015758221686414789	0.039666777949968229
0.015609166962747927	0.039390450488740077
0.015463943258810281	0.03910849928750873
0.015322250400756734	0.038821827230622614
0.015183761161774299	0.038533966524001935
0.015048155167969415	0.038246575269980675
0.014914968114976217	0.03795883130865231
0.01478384521567731	0.037670326157831967
0.014654723669589654	0.037384211498212937
0.014527678148056652	0.037096256847933294
0.014402781586596634	0.036809058104445548
0.014279828883279696	0.036515488402433433
0.01415859113584526	0.036221006389144529
0.014036829039570022	0.035968871047579919
0.013922916350123713	0.035607875440954811
0.013806597213861781	0.035317142355789526
0.013690510603977845	0.035136659737867934
0.013576959425784482	0.034836731420526526
0.013471253097209533	0.034476317859324507
0.013366357451112431	0.034204269073947059
0.013267349780626341	0.034078012430532448
0.013158935333351189	0.033873715056766514
0.013055660541906372	0.033617968092444897
0.012964860472862787	0.0335946807973527
0.012853989718312642	0.033140634310632383
0.012772586068898018	0.032722763099142807
0.01266117454958471	0.032286213641534417
0.012579706446329424	0.032110611754065085
0.012490338963998112	0.031392677800407699
0.012394479527898081	0.03166703361729907
0.012327204863831973	0.031053871392125381
0.012227532994082664	0.031032806473766474
0.012143006606225377	0.030156492600108588
0.012053483325761324	0.030173328975698244
0.011980089630182635	0.03014431279881374
0.011899466646348372	0.029370744671946739
0.011816400472718033	0.030248831369280246
0.011717298747203756	0.029230082338574291
0.011672563267784025	0.028705302003990633
0.011579901820282268	0.029288674461470123
0.011494725743009328	0.029788796798211656
0.01141920455275207	0.029580098298810722
0.011362980888347597	0.028619526860929834
0.011302102291503708	0.029010731399035396
0.01120468366591652	0.027749189929582512
0.011159379969420071	0.026341183366504348
0.011083513170516764	0.027467995228692654
0.011040582037643696	0.028005762577798691
0.010960483251678662	0.027101818840610789
0.010879000670069148	0.027248887032932306
0.010829089170257699	0.026343111478016327
0.010801494273769538	0.026451061843072613
0.010711960244597795	0.025526812322029489
0.010645021343451862	0.026445977268829555
0.010564575977287934	0.026681598139747385
0.010505539989546136	0.025945856017955394
0.010465663938075591	0.025295492987342433
0.010402468330665261	0.024325128337385361
0.010332820380396129	0.025142138319366094
0.010329885410204851	0.025852318755965085
0.010223395668640943	0.025453330077402681
0.010183238858270122	0.024024502477919523
0.010111853885083478	0.02433753927122085
0.010075476338428377	0.02343978377010162
0.0099974689149939597	0.024828297443351671
0.0099606313284349313	0.024278795377601158
0.0098865821883679355	0.023763489157599991
0.0098941808108496329	0.024405748757572201
0.0098149921112565316	0.022294158891664469
0.0097273156732883941	0.02309540555147397
0.0097307443565823812	0.022504587928446319
0.0096483839263078394	0.022167785306664304
0.0096180213394848526	0.022884555421749955
0.0095704230502306337	0.023401139201484723
0.0094753335750818301	0.02272364773931268
0.0094755231270392416	0.023012443013953755
0.0094655169679515056	0.023450911560307815
0.0093606481465759346	0.022287588379518927
0.0093094148006965874	0.020565397392636971
0.0092979312700820927	0.02151615361493776
0.009233291526876122	0.02131752976820871
0.0091829774482205199	0.021423509726073743
0.0091549872511914529	0.021687418373898492
0.0091260367121522978	0.021463674567577053
0.0090376291267803121	0.020924087507667246
0.0090306109499096506	0.020461301691768189
0.0089539260558439242	0.020860405263650433
0.008902441417363488	0.021486958294156408
0.0088987078175731971	0.021109450951487363
0.0088559319501991095	0.020435091810500905
0.0088143580285416148	0.019938687465139181
0.0087659768014443744	0.021564134583171857
0.0087607646859541276	0.020894192807138463
0.0086769652410754895	0.019808772237329089
0.0086570173507284631	0.019901028664593125
0.008662759680456553	0.020021027925566637
0.0085944791027220274	0.020345451343493564
0.0085430943351266254	0.019207673430017082
0.0085282363715319092	0.0201197946962389
0.0085120325473057937	0.020111899701575779
0.0083984892945953658	0.019159934615341163
0.0084384514352165031	0.019640096737472822
0.0083301567406143234	0.018271815413660443
0.0083692685295769995	0.018220415076965011
0.0082612186964890894	0.017938178722350834
0.0082673503011436219	0.018174768516322156
0.0081753510441791126	0.017572117626645338
0.008171615785898291	0.018047039388242831
0.0081163316187708948	0.01867612155131106
1.0001559499995945	0.10039918414965784
0.55313710630789104	0.10233825326800797
0.38233737834584985	0.1039061357598028
0.29223044303920026	0.10453219731274144
0.23667374884048609	0.10389805031164843
0.19906577145251481	0.10228224636000249
0.17194813973676445	0.10008151940654292
0.15147631780774548	0.097595700872899288
0.13547249986234655	0.095018264658583929
0.12261440088748192	0.09246020289697085
0.11205356536662915	0.089984477738275684
0.10322141051539864	0.08762342589217488
0.095722907408588465	0.085389335555430157
0.089275161212777274	0.083284350589054285
0.083670167405421242	0.081306562832866386
0.078751589966677388	0.079449941369055851
0.0743996274937688	0.077707499996486198
0.070520944189894214	0.076072260008209658
0.067041740596171503	0.074536375940121177
0.063902829050759502	0.073093405678645335
0.061056242707489133	0.071736519155229841
0.058462659393167388	0.070460008839494548
0.056089571268378505	0.069258098995190392
0.053909806066697	0.068125720855547633
0.051900563507552303	0.067058104528253865
0.050042465317386979	0.066050560617200077
0.048318976964000719	0.065099497996344846
0.04671593624764795	0.064200971774144161
0.045221108739740293	0.063351356633463654
0.043823862193477732	0.062547475033978242
0.042514932267509437	0.061786375913072941
0.041286172769997492	0.0610655161641733
0.040130426204524443	0.06038229593061193
0.039041359017829409	0.059734330757259417
0.038013362838443469	0.059119404789067957
0.0370414572592217	0.058535172775258215
0.036121200327746808	0.057980141421937699
0.035248586130734651	0.057452488741365361
0.034420033540460519	0.056950293526787113
0.033632312029346724	0.056471827130728805
0.032882495611099065	0.056015710043432296
0.032167924294386412	0.055579827035265705
0.031486183450722169	0.055162500660063514
0.030835078016023174	0.054762200676433288
0.030212598813015891	0.054378164530079542
0.029616916629981099	0.054008997860541884
0.029046344931296313	0.053653362693451556
0.028499336859448835	0.053310116564608989
0.027974458148224187	0.052978441393756098
0.027470397892705934	0.052657567660429949
0.026985951870615862	0.052347002070314834
0.0265199953509467	0.05204585832527709
0.026071499964688882	0.051753237550135021
0.025639510411704997	0.051469194068121872
0.025223129062619792	0.051193072883641742
0.024821529014617462	0.050924262466702251
0.024433944121205392	0.050662292705856114
0.024059649141039797	0.050406777654620608
0.023697962990089111	0.05015745088923744
0.023348259930609069	0.049913976299371221
0.0230099440196232	0.049676093336226267
0.022682478445470829	0.049443499370403828
0.022365334790339426	0.049215635316421764
0.02205804661558429	0.048992536925022249
0.021760135547938857	0.048773385775154943
0.021471181357791757	0.048557971597409252
0.021190768723206865	0.048345556012011855
0.020918504676971619	0.048135953713497007
0.0206540006025378	0.047928498980461788
0.020396904682617505	0.047723121939347399
0.020146886717825274	0.047519284408070628
0.019903635894617664	0.047316518281974487
0.019666853562072865	0.047114656819947462
0.019436240218327065	0.046913539253737098
0.019211515815118152	0.046712815686389852
0.018992441451069993	0.046512364930063166
0.018778784255007487	0.04631205797799022
0.018570329512710291	0.04611186909750814
0.018366882340823308	0.04591186391789312
0.01816823407724872	0.04571170833361661
0.0179741950001737	0.04551133600337056
0.017784626213767016	0.045311386030935201
0.017599356829314808	0.045111504578781346
0.017418228503036603	0.044911690003109128
0.017241098459662624	0.044712105776501171
0.017067840734938805	0.044513000597986518
0.016898328932854062	0.044314104292093433
0.016732448941931089	0.044115726737247292
0.016570088576625709	0.043918362692089069
0.016411145869672038	0.043722163474190751
0.016255505468738881	0.043527130025806181
0.016103091365437371	0.0433339604787095
0.015953800562670678	0.043142391093794315
0.015807530308746643	0.042952401418712378
0.015664190865549141	0.042764296957301995
0.015523689956620398	0.04257801459279785
0.015385963187578842	0.042393563039449272
0.015250926637605198	0.042210960666531287
0.015118493939327739	0.042030008409000306
0.0149885966544648	0.041850708617650119
0.014861172468945357	0.041672904226855552
0.014736153212421776	0.041496496891826169
0.014613484934788779	0.041321851157430207
0.014493128182424786	0.041149251655923771
0.014375031273284836	0.04097844376273569
0.014259164788254187	0.040809414190931315
0.014145526038111022	0.040643564565857382
0.014034153270757159	0.040481966719688608
0.013925113299776113	0.040325659614440887
0.013818494989848305	0.040176783638578052
0.013714360830048339	0.040031992914669128
0.013612637721317449	0.03989198452287325
0.013513285000632451	0.03975642634394521
0.013416070654144118	0.039631423812326802
0.013321449463531995	0.039540030719161311
0.013227997619679712	0.039454122095458614
0.013137085750583049	0.039307935038914943
0.013050237305051844	0.039261795707158778
0.012967243519853419	0.039284769838675279
0.012874240824100965	0.039102346490164426
0.012777700255005763	0.038593471220019319
0.012694374074730598	0.038489398071977612
0.012612753805891806	0.038531943688663778
0.012530017296239529	0.038434874234694036
0.012444876919020232	0.038333411466350158
0.012356148233343014	0.037985021072282854
0.012274437393210479	0.037981316764329337
0.012202350169926645	0.037944928469959172
0.012121432297780406	0.037201177273592498
0.012047980629217294	0.037119177643324931
0.01196269883780229	0.036340514029525497
0.011889094682994188	0.036103609404429429
0.011805717773076832	0.036051289853217185
0.011744757340862357	0.036004564366568889
0.011674860660014478	0.035274880111733582
0.011612902674870782	0.035619554482303299
0.011535207555358777	0.035246710453899419
0.011462289391624884	0.034928243220372822
0.011364262128874028	0.034888985877800809
0.011323347803583723	0.034257218182533668
0.01124404054401658	0.034022449751382272
0.011210267702441124	0.034108981161739632
0.011139542101328661	0.033962200871131887
0.011072666345010067	0.033394776926904277
0.011015338907251745	0.03287010088324524
0.010928139961365387	0.032889280814899918
0.0108522319317496	0.03238718385402288
0.010814201034499064	0.033161414313878007
0.010750040308690992	0.032386673843713208
0.010728017626695277	0.032697297755807785
0.010647664693144732	0.03210455206967365
0.010598898019603304	0.032655567064566071
0.010536709648023336	0.0318151819962319
0.010456909981618414	0.031290135996614336
0.010387646139239716	0.030081888305574303
0.010369890762520609	0.031533032263368871
0.01027560644587748	0.029574009465426401
0.010249054342386394	0.029766642042748061
0.010183597392668236	0.029999986958422285
0.010136443270896389	0.029578354328363254
0.010106622604677099	0.029590621613527074
0.010037537808775121	0.029125041021706516
0.010035739084167911	0.028914655308180388
0.0099309399403295778	0.028595969300593532
0.009876945904741103	0.028224290827935886
0.0098227960532088297	0.027464031284760038
0.0098075548422289424	0.029094043228178421
0.0097412019958549884	0.027537834913806548
0.0097044685398634343	0.027422336314249226
0.0096819021175263299	0.026734894698877108
0.0095999846777551929	0.026606905764518927
0.0095967473656242541	0.026656447748454014
0.0094932282148239254	0.026125155750088412
0.009500428599718223	0.027994813032528095
0.0094061349354006979	0.027448196172289292
0.0093781622692729882	0.025636213018652411
0.0093307508831423983	0.026783872765887711
0.0092558553132900522	0.026314522159145998
0.0092677357778312222	0.026101916706228603
0.0091841613419438271	0.024533055495342026
0.0091835828461329892	0.026743128919169107
0.0090673243459941343	0.025238541441241671
0.0091204018252994436	0.025519447252131691
0.0090589806912883576	0.02429989585403965
0.009032408133961993	0.025884056823368223
0.0090152529072397673	0.026431354059707712
0.0089570396272520419	0.026097113934754574
0.0088767337872149681	0.024176494608771616
0.0088488398999071356	0.024606795490386926
0.00876582235173878	0.025023549600896894
0.0087967436787987734	0.024673443042074774
0.0087956228634827258	0.02473029918266929
0.0086624556109839539	0.023434588563513659
0.0086565090514040821	0.024207665427788905
0.0086232997153050592	0.023370943058830876
0.0085855453359900118	0.023262837403135655
0.0085899022888050666	0.023282837593532179
0.0085033334228773946	0.022510988279894846
0.0085210248563446726	0.024373963636229769
0.0084602709368264747	0.022436198865953612
0.0083442912811375995	0.020810156251967638
0.99941685692992721	0.098171559477556278
0.5529442829759359	0.10062057689854921
0.3822224901813337	0.10232552721534388
0.29214099409888084	0.10282304907004504
0.23659731130584583	0.10194664698592182
0.19899024716056063	0.10012536873330651
0.17186758824225748	0.097742388409320896
0.15138752407316991	0.095094066969409738
0.13537405858814788	0.092376123643222688
0.12250552826479751	0.089703316113624559
0.11193391521435618	0.087141351624710636
0.10309132430693106	0.084720237781819668
0.095583050191492547	0.08245032702139958
0.089126353553902721	0.080329983905552071
0.083513350715161416	0.078351832335714161
0.078587681900179618	0.076506988428016606
0.074229551811467814	0.074785064539281881
0.070345634978319374	0.073176042461504442
0.066862037281855941	0.071670186115186565
0.063719586459168837	0.070258097278106058
0.060870234274131872	0.068931805953275443
0.058274544819063225	0.067684329647526451
0.055899955655745001	0.066509296840270266
0.053719223980252709	0.065400815385457167
0.051709435338346085	0.064353940483935931
0.049851166633295793	0.063363965463561711
0.048127844302333002	0.062426652255492827
0.046525218020076663	0.061538355504253545
0.045030977272629655	0.060695788938870371
0.043634425021599484	0.059896127413599239
0.042326262788074345	0.059136236798403526
0.041098329943715171	0.058413450824697545
0.039943414008429531	0.057725422121737466
0.03885516248114837	0.057070125924068231
0.037827950359675386	0.056445195850887399
0.036856745723172907	0.055848823965538426
0.035937051460327191	0.055279234304539633
0.035064846985249247	0.054734639185677829
0.034236494667600773	0.054213171630039338
0.033448745185790357	0.053713362966380997
0.03269865879901683	0.053233441633592116
0.031983565362871808	0.052771644417559084
0.031301027694954603	0.05232682293201181
0.030648825518945936	0.051897660687239923
0.030024957641327853	0.051482886200738286
0.029427581411059115	0.051081320541176853
0.028855007466961177	0.050692086009919951
0.028305681630174898	0.050314369176405985
0.027778184331862184	0.049947386005816524
0.02727121246711257	0.049590421004031007
0.026783594218109927	0.04924296162271808
0.026314218086811884	0.048904317127958195
0.02586206542843893	0.048574012255627574
0.02542620905208632	0.048251752671050606
0.025005781252568159	0.047937378601341001
0.024599983064938449	0.047630510761322714
0.024208074720666772	0.047330709674773777
0.023829334631780153	0.047037566896779723
0.023463133914253226	0.046751104799582964
0.023108870602167989	0.046471039447568648
0.022765981799339217	0.046197016339719371
0.022433940135030049	0.045928911518963396
0.022112240220941104	0.045666358921158008
0.021800416367187408	0.045409571166019194
0.02149804223802159	0.045158494934081708
0.021204678640802142	0.04491268435309189
0.020919938853627727	0.044672313362392947
0.020643464733630549	0.044437069855584793
0.020374892744666435	0.044206578729026939
0.020113914172670611	0.043981004376594079
0.019860230131496317	0.04375989457650719
0.019613547933672825	0.043542207889764165
0.019373575947860034	0.043327380834440155
0.019140059563661323	0.043114517462463815
0.018912737721348986	0.042902911231622584
0.018691396350106474	0.042691505475497681
0.018475826307251524	0.042479800113927005
0.018265844381384917	0.042266221135405284
0.018061245255162277	0.042049418637802795
0.017861848956459262	0.041828055267752795
0.017667469356355003	0.041600227765319263
0.017477893534013886	0.041365211204137428
0.017292930309779138	0.041120639442792678
0.017112420305607549	0.040867201771846717
0.016936101114533357	0.040615613396000776
0.016763669149018015	0.040375053199762485
0.016594938821101579	0.040151396085480837
0.016429667119414931	0.039944846730210017
0.016267671192183145	0.039751888592619244
0.016108843580944714	0.039568631990089032
0.015953106940950638	0.039392089190161746
0.015800252537802876	0.039217792698698489
0.015650276630458274	0.039045772795589954
0.015503144652338374	0.038876695937665212
0.015358693462384635	0.038707831334186579
0.015216866776076579	0.038539639433932779
0.015077585785614104	0.038372209003151289
0.014940778614279858	0.038204476151485305
0.014806304467309293	0.038032301872117667
0.014674292108008273	0.037851769562345206
0.014545006149690598	0.037660534711149427
0.014418688128331121	0.037450643310343652
0.014296401747014182	0.037236232076668298
0.014176800704289456	0.036994892638022851
0.014057156934295045	0.036737817943354567
0.013938657440299391	0.036457592644663563
0.01382231414849943	0.036063165700313933
0.013710638983955005	0.035815320400550986
0.01359998639997982	0.035554625308459986
0.013491729511488705	0.035353767472581669
0.013388219988883045	0.035151457639323994
0.013289615392154003	0.034851132223403136
0.013189222255711524	0.034556848689413854
0.013087259503768845	0.034481736280400688
0.012989574421008791	0.034046299295893548
0.012879745187789466	0.033862234211866529
0.012790841783497271	0.033214577749060427
0.012701006637134827	0.033026701618466228
0.01260415734869947	0.033357380636760886
0.012513373356560416	0.032168829625514955
0.012427759156567207	0.031818309819107805
0.012326578040543202	0.032638377320164072
0.012240835504245134	0.031907108161616238
0.01216431986938604	0.032170232516066835
0.012101011978256245	0.032717287345259666
0.011983649077237065	0.031125339012676858
0.011922640654915532	0.031165523733942085
0.011853576063734387	0.031581198823423591
0.011777722494846472	0.031303625659871472
0.011719996824560338	0.03132891962535686
0.01164751576997833	0.031851987899242894
0.011581014279211	0.031973381109242062
0.011494942472748203	0.031578259441880113
0.01141178860592946	0.029591220686432176
0.011378681589233707	0.028994892913613315
0.011321471683237758	0.029802092061687362
0.011216944900559751	0.029758556800276031
0.01115630046070688	0.02958079215612127
0.011100519640660649	0.030223531039864169
0.011044404744558357	0.028948386808362463
0.010940132537657635	0.029341119816964082
0.010876510964507403	0.027935390212418938
0.01086648162129027	0.028582293610733757
0.010743337414883505	0.026299302797269809
0.010651395663208597	0.025784906328533076
0.010618935280649279	0.028061373427455998
0.010598427226991312	0.026715925526654426
0.010552436852390816	0.026988535932451235
0.010486912691271253	0.026909389659319775
0.010386812627592491	0.02519907736776951
0.010384100020106032	0.027211556582150583
0.010364748817461451	0.027919117239369285
0.010246240681648311	0.025831190594746253
0.010225971728562081	0.025430624409584195
0.01009640185554243	0.025252522759073855
0.010120773041857782	0.024322078767548706
0.010093801269909095	0.026393540965013854
0.010002043649305535	0.024624301907751504
0.0099606280170073998	0.023874455257411602
0.009862500088322422	0.024946185633647113
0.0098654950259378163	0.023802707608956024
0.0099148587112102178	0.024903200240689607
0.0097777034784870109	0.024625276945666349
0.0096486574623532058	0.022098947422944409
0.009712464847409414	0.023961667582343416
0.0095108907872813384	0.021385584383776687
0.0095691935846799591	0.023373050038037815
0.0095461570346750835	0.024140916664044124
0.0094781949939350841	0.02541387082006703
0.0093419481591020103	0.021551224106105663
0.0094241461309137377	0.021812369855744806
0.0092866892289926745	0.020122903280692394
0.0092149041317012813	0.020372504009712192
0.0093275617460927378	0.024435869953368723
0.009195169503787912	0.022676370858172794
0.0091801118101751348	0.022330841984656971
0.0090800538682154191	0.018984599845959224
0.0090985451623827908	0.021411483728659648
0.0090386330337545433	0.022695008093944924
0.0089854930592150207	0.019852191448766866
0.008879806819095502	0.018630189202217557
0.0089594377290823247	0.02263872512755102
0.0088599128412136206	0.02044180060150905
0.008911762659025442	0.022343949160313823
0.008815129617941956	0.020175280772640584
0.0087276502908562453	0.01927666756100236
0.0087601024418567236	0.02106228308245827
0.0087378597355417843	0.022684059016062536
0.0086645161305358483	0.018520990048238817
0.0086257129403312129	0.017868387178605442
0.0086961168480037699	0.020822101232744479
0.0085210603015810522	0.019902605890699008
0.0085261088783882468	0.019586865110105676
0.0084311603915981966	0.017814707141682026
0.0084427985357539096	0.01972927443830327
0.0084166233944353748	0.020093663281697243
0.0083736049574911781	0.01860443561540568
0.0084293185940863199	0.020791931223692866
0.0083147868226524403	0.017640685139523417
0.0082320918773790552	0.017398299567169897
0.0082343436400246616	0.021489829977718602
0.99903988714113601	0.10529429576519254
0.55222999934183215	0.10768932624929756
0.38153523425274838	0.10944003849965904
0.29150941229921873	0.10999282284819158
0.23605614939114783	0.10882273287619459
0.19854824132275967	0.10644269763859436
0.17150562568518785	0.10352117534224331
0.15108393799133737	0.10047262258038307
0.13511359291218672	0.097491608382994449
0.122279236864447	0.094653894350309437
0.11173692183964343	0.091984365669641563
0.10292080607562731	0.089484441908666335
0.095437083216435251	0.087146974439664779
0.089003485720681716	0.08495970113166082
0.083412296609155417	0.082909977732878712
0.07850710469616666	0.080986966877716837
0.074168152688363215	0.079179079363518645
0.070301969780322798	0.077477127495114595
0.066834676247875049	0.075872120248902594
0.063707011733596774	0.074355910028425537
0.060870971929009629	0.072921418544120251
0.058287163982056113	0.071562958586847331
0.055923059855090398	0.070274653399463649
0.053751474947355243	0.069051714662751507
0.051749589298429523	0.067889506239090194
0.049898019904317532	0.06678387568701967
0.048180261505178269	0.065730984181514837
0.046582128109290827	0.064727317193212494
0.04509141708917308	0.063769789803607146
0.043697529019580829	0.062855883600866774
0.042391210712752703	0.061982751148982454
0.041164373536065925	0.061147934824952697
0.040009910005375217	0.060349464080299391
0.038921539604788301	0.059585748752630702
0.037893698647004558	0.058854989008305811
0.036921426323213033	0.05815576380942189
0.036000307633629006	0.057486698321529278
0.035126388519400281	0.056846680915805727
0.034296118727733201	0.056234595445731658
0.033506294362939046	0.055649551941335737
0.032754046868138591	0.05509072390055051
0.032036777151401095	0.054557113331108437
0.03135212942956464	0.054047699307442167
0.03069794371098223	0.053561639142641927
0.030072243715465186	0.053097894978468056
0.029473230259774687	0.052655106772057918
0.028899239402184761	0.052232190447798955
0.028348765746621405	0.051827687346925722
0.027820382447906199	0.05144009282578417
0.02731278249743066	0.051068114822064206
0.026824739377043605	0.050710132644934292
0.026355153197741565	0.050364989144575725
0.025902973154006786	0.050031177872169881
0.025467209069999937	0.04970710751354819
0.025046960316322243	0.04939219533239711
0.024641386859412136	0.04908543928841199
0.024249712241753235	0.048785908287380615
0.023871210271494935	0.048492927626473503
0.023505199339069926	0.048205663702933929
0.023151058512134951	0.047923873183716374
0.022808190697763693	0.04764695547607288
0.022476057500481272	0.047374797542580359
0.022154151764141879	0.047106768348138157
0.021841997244653803	0.046842734593265503
0.021539164659097637	0.046582796025178348
0.021245241173229488	0.046326764609413588
0.020959856293381054	0.046074588817403665
0.020682651493050316	0.045826260434432747
0.020413327519664685	0.04558214331882806
0.020151600806997225	0.045342767165278783
0.01989719265330904	0.045108218376887853
0.019649853168271704	0.04487872401368536
0.019409354743303645	0.044655263407168883
0.019175485254531735	0.044438345235709206
0.01894803437189754	0.04422837922637439
0.01872680551237518	0.044025521111530061
0.018511579392493063	0.043829547431784306
0.018302170448674219	0.043640687067114443
0.018098357932702456	0.043458530077362084
0.017899874458131366	0.043281291318568664
0.017706438232308414	0.04310728823935598
0.017517772005511481	0.042935041992703114
0.017333605278303459	0.042762339020544722
0.017153702028999747	0.042587887429046151
0.016977813187387725	0.042409833258119756
0.016805716416662654	0.042226814164525915
0.016637177459600725	0.042037142226950645
0.016472005818744626	0.041839732777254036
0.016309982705774679	0.041632323198275013
0.016150972901941528	0.041414631922315016
0.01599482894046305	0.041185844239085438
0.015841397773610155	0.040945212947455657
0.015690557523999969	0.040692678734160014
0.015542266899223585	0.0404300054966674
0.015396424628955959	0.040156803241228278
0.015253082133168267	0.039876020019422913
0.015112196387819675	0.039588247657331314
0.014973718122004272	0.039293807946277251
0.014837677559023732	0.038993099295821058
0.014704040585543584	0.038685584935541965
0.014572812289571437	0.038368591921261956
0.014444125837137665	0.03803675955015532
0.014317652356783551	0.03765306459177719
0.01418374478531379	0.035482059773689997
0.014073692785710679	0.035518541559582097
0.013955766821535006	0.03504235761355648
0.013836175582137148	0.034420143164769421
0.013729946533485414	0.033882314795691461
0.013620575934678207	0.033493611596418477
0.013512538826155598	0.033168338072733027
0.013407045672847413	0.032907345383900263
0.013303049528838679	0.032635692777437497
0.013196666431053498	0.032303524563268821
0.013077747761820682	0.032740278282092722
0.012990003634341701	0.031789064182808947
0.012881151886335275	0.033597039716975877
0.012790546452847308	0.032392696109684649
0.012728215657772659	0.030089034495359625
0.012622989940188321	0.030806922969501879
0.012528627047420081	0.029369052621021855
0.012457697093505247	0.029550527581577123
0.012335757531471023	0.03175835263199004
0.012282433357448596	0.028928464243662765
0.012159254994909578	0.028274037755855956
0.012124135322660622	0.029301519489650193
0.012014469878671424	0.028485304452232327
0.011942163431386429	0.027833771509582592
0.011864878531138125	0.027506247450645085
0.011770739065142139	0.027952068421576447
0.01172405483202698	0.02694578738653583
0.011675177240618093	0.026717537814810881
0.011558425916645181	0.027094550099044028
0.011485056197601481	0.026318836097540002
0.011420358607161094	0.026580144793552252
0.01135674539745371	0.026519974566630408
0.011256134873277457	0.02603788513965654
0.011188499789787733	0.025037417781855215
0.011147576830147575	0.02517579669106107
0.011104092987616415	0.025612241940460183
0.011020218152415695	0.025207472261751431
0.010952369941285983	0.02504487403807349
0.010862974190427621	0.024885398610798123
0.010856114929055248	0.024702902519430071
0.010783307485024771	0.024443465816669768
0.010712914511311063	0.024549007598365556
0.010656199623236226	0.023976532408472126
0.010596083737261296	0.024358553419775754
0.010521141533530325	0.024240892445577356
0.010442443819116392	0.0261799339488193
0.010381961274291406	0.023874490821314442
0.010343522396287717	0.024758504938743698
0.010310770835735386	0.023211331941496702
0.010216319681005686	0.023374701880187542
0.010150165074640807	0.023034922744001544
0.010178304158901939	0.022624117932714433
0.010012192704681261	0.022584189341700773
0.010022243463719056	0.022541720923879606
0.0099809377446840736	0.022579466862237704
0.0099081559165752897	0.022825515992646334
0.0098608272595223766	0.021848143732060538
0.0098258077118718225	0.021724114618609073
0.0097865077504301293	0.021587001096064862
0.0096364404922735757	0.022613431167041495
0.0096397423528055918	0.021105521960686113
0.009588605000765537	0.021308681924656406
0.0095565630140685368	0.021032003029704531
0.0095275439662749709	0.020952052252072209
0.0095008536571497444	0.02068555415156996
0.0094298173377068278	0.020981875639825197
0.0093961007171271902	0.020906214803301938
0.0092616184141433456	0.020452985780550246
0.0092807786396493699	0.021199338184398446
0.0092111337853552789	0.019728684868691164
0.0091400377381201364	0.019469207767796433
0.0091498830071466662	0.019424445560480459
0.0091585029888019767	0.019726235643274453
0.0090853574191712503	0.019492448192066254
0.0090552122033968688	0.01964228751757692
0.0090014600284298724	0.019912464427366328
0.0089036592507018928	0.018570663666681878
0.0088518346658100107	0.01943290018146206
0.0089168537833645232	0.019781549439764307
0.0088183758742426902	0.018548592277547602
0.0087860888120644704	0.01881411884291237
0.0087581060490968237	0.019314063074460722
0.00873574463641133	0.018617601867404441
0.008643057079715976	0.018368641718859102
0.0086249007389598668	0.018947744987899199
0.0085971377353902794	0.017543654174169424
0.0085662098963627913	0.017662702537065443
0.0085477781445802304	0.018555445344599603
0.0084855615050348915	0.018702748023905567
0.0084336095812252224	0.017792019137686577
0.0084073569811430691	0.017573913943804375
0.0084128263921262082	0.01751933457995845
0.0083944375047170852	0.018757951035650401
0.0083344367784999943	0.016857962622600357
0.0082469011798066167	0.017099733563578298
0.0082509470072267884	0.016357214128421751
0.0082084008743637093	0.017007338921306785
0.0081648936526198448	0.017036195513175933
0.99975946521814418	0.097852912043155368
0.55299650942164025	0.099674630596836677
0.3821996095641732	0.10130466186875278
0.29209149209377888	0.10179709190657291
0.23652525889150899	0.10105764138252273
0.19889673693252366	0.099467255582826708
0.17175781408197352	0.097328730458962454
0.15126810232014018	0.094896918232148908
0.13524961910010663	0.092364812390860793
0.12237940739107846	0.089852420174684478
0.11180853171432557	0.087428063872078465
0.10296819638942631	0.085125852665155349
0.095462976268342825	0.082961909599637979
0.08900990565665981	0.080938037436386168
0.083400957298673986	0.079049393799803039
0.078479796035843943	0.077287895426601499
0.074126431097650908	0.075644913643136483
0.070247358010571526	0.074111012844622681
0.066768654508309377	0.072676406872256349
0.063631079037014412	0.07133130301739371
0.060786527896404041	0.070067722596603113
0.05819555488517264	0.068877906463658226
0.055825512788908307	0.067754882416505485
0.053649139112106552	0.06669282541764715
0.051643450682628073	0.065686711165016495
0.049788978485671154	0.06473181894123857
0.048069147187154458	0.063824288930454692
0.046469714943251077	0.062960414724879357
0.044978364522402559	0.062137366136951207
0.043584412327295367	0.061352302808761874
0.042278539120767546	0.060602852398497657
0.041052605406118561	0.059886571765648482
0.039899464248100813	0.059201311907795921
0.038812781454736961	0.058545247074373967
0.037786949785765175	0.057916673708840218
0.036816957798838812	0.057314072862325101
0.035898338554881858	0.056736393266139447
0.035027115682311177	0.056181941649036504
0.034199705991974964	0.055649254322127126
0.03341286233171329	0.055137054272704586
0.032663661670748724	0.05464416489554929
0.031949462466830482	0.054169369520810709
0.031267851199000794	0.05371147167005165
0.030616627963176241	0.0532694325063316
0.029993810968373863	0.052842274875760771
0.029397565850541291	0.052429240968194693
0.028826213737436483	0.052029230140877174
0.028278220698128766	0.051641472660348096
0.027752169757395254	0.051264956797236201
0.027246759078360029	0.050898969114196224
0.026760799615934756	0.050542950692291665
0.026293172978413482	0.050196305955359323
0.025842849626233101	0.049858125981936612
0.02540887443120915	0.049527614911800466
0.024990365096115984	0.049204357330385931
0.024586502964634854	0.048887716177261377
0.024196514619707093	0.04857745100635244
0.023819694418347779	0.048273372031617467
0.023455365256879232	0.047975094578432693
0.023102905152694243	0.047682796580732212
0.022761734538921153	0.047396376533328219
0.02243130862893513	0.04711563384109365
0.022111119459273354	0.04684070523909304
0.021800682161927723	0.046571558199488952
0.02149955312225308	0.046308072425397431
0.021207312852062721	0.046050326700383726
0.020923574931991887	0.045798324083965808
0.020647975639646741	0.045552129440466473
0.020380176389833665	0.045311508227839567
0.020119855283011901	0.045075895275889781
0.019866728939477541	0.044845301986201284
0.019620539135612968	0.044619571947351049
0.019381019313015557	0.044398585785546694
0.019147923971236956	0.044182263575718479
0.018921010205879205	0.043969497790236997
0.018700059796196093	0.043759952137101286
0.018484852825960935	0.043553378952045946
0.018275137689443503	0.043349104556151985
0.018070676438710756	0.043146457030388968
0.017871246656217754	0.04294513639467154
0.017676644462348057	0.04274479206870236
0.017486674495076522	0.042545156453706295
0.017301149637485642	0.042345941346615575
0.017119891541030437	0.042146716090284746
0.01694270367313324	0.041946813048205828
0.016769464966951857	0.041746267798403826
0.016600046553254151	0.041544942060002393
0.016434329187805859	0.041343014445830939
0.016272168319646077	0.041139528503435191
0.016113457840095539	0.040934276165246551
0.015958104772470776	0.040728308350461526
0.015805991922632639	0.040521283765876097
0.015657026334133663	0.0403135219471163
0.015511122900953524	0.040105172466477615
0.015368195763286508	0.039896386655180305
0.015228167786065885	0.039687069703507862
0.015090943930310696	0.03947709411874846
0.01495640538328172	0.039263655857059904
0.014824497465945991	0.039047806095766233
0.014695103027922901	0.038825410503066871
0.014568147525203154	0.038594505897188193
0.014443691703480293	0.038350024777506701
0.014321385418723021	0.038107450386686691
0.014202849229396238	0.037787465476316118
0.01408808384439986	0.03752402087029328
0.013985659209786472	0.036653031962955801
0.013877193625427598	0.03605941489738574
0.013765330992984333	0.035843417975684598
0.01365897807631207	0.03555369033937307
0.01355232226162132	0.035380304433881286
0.013459544146507997	0.034573279006231368
0.013349921906465813	0.03450616986965508
0.013261578573398323	0.033925459631408916
0.013155759013366086	0.034097089339777106
0.013061856421997366	0.033950070027807137
0.012959702615968521	0.0338516277751508
0.012876509973043878	0.032966905770646822
0.012785090106468572	0.032801569030361945
0.01270586652094719	0.032113394079596548
0.01261777563252096	0.032302992181616107
0.012503530136640415	0.032195598267639902
0.012430790129096751	0.032311631573373363
0.01236480512793694	0.031413441970557218
0.012280653184213283	0.031578721631227644
0.012180413078959552	0.030978340944374388
0.012103371856352589	0.03113814626174299
0.012010484667288924	0.031110730450182089
0.011947813922015452	0.030720892847909371
0.011863684675074907	0.030386009281352433
0.011761542667588418	0.030399201972909656
0.011700766766063322	0.030657297770712175
0.011619097627846093	0.029732185144461153
0.011540951351032582	0.030238000724656353
0.011497098389647888	0.029757063395196678
0.011396237050114638	0.029181001899549579
0.011310892245485362	0.029496018489505848
0.011234726734821865	0.029271139934018638
0.011206079970940693	0.029140193881924483
0.011124483745074279	0.02896531565140617
0.011057666306482018	0.028203757193046596
0.011001351458816042	0.028183493322307619
0.010909574239073795	0.028408012383061343
0.010864901270125593	0.027499752174518104
0.010788091238705309	0.027151464515148965
0.010726929718412855	0.027652553865431723
0.010696397200886318	0.02814376927630366
0.010575465253622416	0.026782116388694824
0.010526933120581184	0.026376025576361178
0.010496105481189956	0.025582505636073762
0.010416771633852736	0.025701495233050115
0.010384131047405891	0.027421300772223097
0.010288284255514963	0.024418241595298113
0.010291731220029092	0.02621406643650237
0.010193416114547941	0.024240832033528604
0.01016005909553273	0.024949569609983048
0.010070242269536074	0.025525703849153064
0.010037506201898708	0.024051294804089341
0.0099800942148772411	0.023069167808664713
0.0099657272146433922	0.024409295310820766
0.009963340110021094	0.026699120987432646
0.0098956272302068767	0.026070217586412928
0.0097885761344493651	0.024510573996855144
0.009739186368686998	0.023535286647650693
0.0096761476761890158	0.02321094377109988
0.0096671074702333534	0.024802595065176371
0.0095988348428351477	0.022440918002232395
0.0094885439143664457	0.021606239411407401
0.0094780726113662412	0.02273547028524878
0.0094058114578685278	0.0220242409013576
0.0093740173858245356	0.021567145647849281
0.0093325740613245008	0.021960280839880487
0.0093277089377628054	0.022572354907449139
0.0092640782918588654	0.022075130927706979
0.0092490803772043786	0.022085114683211289
0.0092100515513580811	0.022206055115387414
0.009108042363237711	0.020483524306672312
0.0090572318151644175	0.021705791200659227
0.0090261097637556135	0.021476713388693728
0.008984068365949411	0.020407282761182984
0.0089318496168091493	0.021674996118747479
0.0088805987435683961	0.020155980239982236
0.0088639743595544471	0.019708480237157079
0.0088180422864445017	0.020191850744466236
0.0087751745936092331	0.020031019053412535
0.0087486225535813242	0.019229734026001623
0.0087346493163818189	0.01975570123582826
0.0086795621567287394	0.019615265082895916
0.0086335372467505177	0.019107751890787946
0.0085811696345691989	0.019279925660588702
0.0085522874817687191	0.020434812938827422
0.0085687415806898672	0.019558217313411872
0.008491928335294845	0.0193206354286273
0.0084990467233224259	0.021887365032045695
0.008371995710594932	0.017989712418030417
0.0083984933241642076	0.017864984357406598
0.0083415799683567507	0.018345619256120445
0.0082968562466513799	0.019041352183781526
0.0082527056583896006	0.017439872750766316
0.0082433516661873617	0.018418133524722099
0.0082370573260163345	0.018717670144074185
0.0081826342093395434	0.019008489180175316
1.0005988596931652	0.09700586119769776
0.55276778349519473	0.097826584794348054
0.38183944567508071	0.098727491807704029
0.2917011640134145	0.098828861359802608
0.23611559825213776	0.098019586230848763
0.19849312288405757	0.096230362634730643
0.17136590031576468	0.09386317819430659
0.15088480426089454	0.091268758638947498
0.13487186317956087	0.088650807735231665
0.12200550928121251	0.086108786689932174
0.11143808852152566	0.083689035794304464
0.10260127620000971	0.081411633461204821
0.09510004878709262	0.079280525532344853
0.088651337224595395	0.077291910862077054
0.083046772924081802	0.075440162685611975
0.07812983556053911	0.073716055598210636
0.073780595045204053	0.072109318595041452
0.069905540027720522	0.070609712398658139
0.066430735998155202	0.069207094494865382
0.063296849646623257	0.067892420502947998
0.060455788885121098	0.066656966165058867
0.057868086800018405	0.065493558461136511
0.055501140044712995	0.064394817491432166
0.05332771653782295	0.06335449209521761
0.051324857247345763	0.062367724328069335
0.049473128499416319	0.0614300095486622
0.047755946418520323	0.060536818730038494
0.046159056566229408	0.059685000328636058
0.04467017694315388	0.058870993740204221
0.043278644325655667	0.058091686662598986
0.041975158589698316	0.057344731107062792
0.040751554328074716	0.056627974949988932
0.039600664758298883	0.055939412048345322
0.038516131709965436	0.055277095902589037
0.037492347288610131	0.054639062021794381
0.036524315007595259	0.05402357930401544
0.03560755152545738	0.053429721957565415
0.034738050687530074	0.052856173959208198
0.033912213880294244	0.052301788117872047
0.033126806363557366	0.051765475728370501
0.032378907014312466	0.051246479942623123
0.03166585256559229	0.050744185041908023
0.030985243342780345	0.050257673302703448
0.030334895715791184	0.049786393177238417
0.029712810516666504	0.049329793521074861
0.02911716509289787	0.048887395946251244
0.028546291824471971	0.048458632387002758
0.027998673252419871	0.048042929464378242
0.027472906203355029	0.047639788504403792
0.026967704043346963	0.04724884697233022
0.026481857778543547	0.046869737299666862
0.026014274038555874	0.046501937331003378
0.025563942368826795	0.046145028983270067
0.025129927213818768	0.045798613419579047
0.024711349735300089	0.045462253261466072
0.024307409997905611	0.045135496105488539
0.023917358376066927	0.044818082412367045
0.02354050919802745	0.044509589744549133
0.023176208627525494	0.044209604322242038
0.022823859963396913	0.043918404516218902
0.022482892419185732	0.043635508764208415
0.02215277729497123	0.043360603465797828
0.021833007972190389	0.043093624751954669
0.021523115282311624	0.04283443069999758
0.02122266262850649	0.042582910193274287
0.02093123246548757	0.042338685580740436
0.020648424240765437	0.042101408036574306
0.020373859075706227	0.041870644408817936
0.020107180427429986	0.041646084811072133
0.019848056372951669	0.041427465840367203
0.019596162753127339	0.041214253575461483
0.019351189350916297	0.041006266122389716
0.019112850570036827	0.040803198586636072
0.018880894644291091	0.040605203766956685
0.018655072802692269	0.040411927079224252
0.018435123171909304	0.040222767534957571
0.018220821427403854	0.040037840490922509
0.01801197017646047	0.039857179016263976
0.017808377437958767	0.039680670447697484
0.017609851338040761	0.039508136071508472
0.017416212460435364	0.039339398135784347
0.017227296722679208	0.039174253227180475
0.017042939882541758	0.039012813337136597
0.016862979803382909	0.03885464721616682
0.016687252606114106	0.038699096694827795
0.016515606058034604	0.038545659977797651
0.016347880554078952	0.03839337335044346
0.016183942771135152	0.038241896262185861
0.016023635079507138	0.038089816635245723
0.015866807086879764	0.037936058217515299
0.015713336173368089	0.03777867865754405
0.015563024559299823	0.037613241242493912
0.015415654984615668	0.037434258907224932
0.015271143579817596	0.0372395907069559
0.015129608746564032	0.037039732197318549
0.014991098909555306	0.036849944764963595
0.014855768020619123	0.036675711455606219
0.014723277520222759	0.036509489922149342
0.014593335071074008	0.036346887075422468
0.014465965851065	0.036194169204072431
0.014341173745724049	0.036054009629199003
0.014218949004793752	0.035923869118034649
0.014099167754345035	0.035798090490246841
0.013981681094552587	0.035669790175423939
0.013866410212937681	0.035532810091335403
0.013753276891127155	0.035379534578147361
0.013642230392108349	0.035213664677392037
0.013533356961463433	0.035052411687361791
0.013426536922337362	0.034879701792518716
0.013321681634822903	0.034707828402942009
0.013216860961641149	0.034477020708405276
0.01311526096055329	0.034302516429170933
0.013015780046437926	0.034131078484872984
0.012917650306205494	0.034001362840900128
0.012819893274673476	0.033886954259861622
0.012723781073524103	0.033660168162078993
0.012630930239144182	0.033504394828603463
0.012539247034120961	0.033261109966636615
0.012451254418808594	0.032990152058286863
0.012361711337993618	0.031220261596862222
0.012271124189058688	0.032050506824620663
0.012181602212792754	0.031910288922932524
0.012102268697164742	0.031587574894226519
0.012025943953048634	0.031552945154929707
0.011947937992314974	0.030771020965219255
0.011857371598362221	0.030843915076930396
0.011777243344050451	0.030409152899402884
0.011712949538220692	0.028986962205404698
0.011613779179945848	0.029138401046494622
0.011535218069378236	0.028816474374357817
0.011473606499208946	0.029480714060103278
0.011405020015231589	0.028677854031748634
0.011320583789386602	0.028280778989024154
0.011249825463505161	0.029354208979119372
0.011172125245378925	0.027419906699346436
0.011124523410385454	0.028374623331929961
0.0110420975807075	0.028293490547249694
0.010987845655146293	0.028380522986866188
0.010906978746949627	0.028008633140186017
0.010848968943812477	0.026398566510345264
0.010786605215668885	0.027381811142771013
0.010695218885526213	0.02728985334818676
0.010628029205535185	0.026364644526299521
0.010583894816633485	0.024711003201174187
0.010555500178565764	0.02746514272076735
0.010457652266172989	0.026949581502653426
0.010394942323420576	0.026156577150279896
0.010325522237888799	0.025818222940268819
0.01028891134270302	0.024249910375418321
0.010250908415848806	0.026394011684230077
0.010166404554869101	0.026124893516621086
0.010092364559930313	0.025048843127615794
0.010030290337221536	0.024213948007648381
0.010010592559974704	0.023923369098796238
0.0099806792137196124	0.02399101738380971
0.0098779133482052184	0.023200848568836228
0.0098607715211202415	0.024598163685621118
0.0097723040403722046	0.023117277909824797
0.0097251086146584505	0.022723796495805554
0.0096967746058523908	0.023544692424882746
0.009630286004353476	0.022589506854920671
0.0096014901275711002	0.023813159901073768
0.0095761310270608725	0.02303293225090523
0.0094533517413693206	0.02180408378399095
0.009440449645816083	0.020237344386735221
0.0094284350052612417	0.021214606383086389
0.009365283721761335	0.021922896053770666
0.0092932975992883193	0.022839645145440724
0.0092213009737365254	0.021785532535162216
0.009185317510045617	0.022324112234261003
0.0091414860536844847	0.021801928860214519
0.0090802389166095374	0.020450439722935459
0.0091232802307156871	0.022460375973081582
0.0090089493868323565	0.020263044989201725
0.0089737446838341652	0.019280532771055296
0.0089702300850684862	0.020826027350291331
0.0088730179284704971	0.01927073620484332
0.0088267010022697861	0.019937194328490851
0.0088188341778233231	0.019658061026051964
0.0087872781633194699	0.020010881454637149
0.0087346566643284173	0.020651527221482998
0.0086767554077227093	0.018926481301123114
0.0086499022122514414	0.019034271765558414
0.0086332274506409554	0.019678459536871015
0.0085847276162820813	0.019669917479033443
0.008522666411272627	0.018850056905808061
0.008492636102474688	0.018968492454577865
0.0084165899083911561	0.017451872571081779
0.0084126723434224115	0.018159284342775125
0.0084137108961147931	0.018680660349880893
0.0082883692908745799	0.017227202030538753
0.0083194184662793783	0.017701973277638727
0.008323467328837807	0.019005335045955179
0.0082426808817991203	0.018066418657558776
0.0081955350787761283	0.017133012687442498
0.0081513706314856726	0.016325903035208662
0.0080995542127291955	0.016160150789519451
0.0080958283163937127	0.018466093676073599
0.0080707116363516324	0.015682656038828985
0.0080281681389380959	0.016644160373462762
0.0080175390323891614	0.018628822295280758
0.99709384870311013	0.095727656202635333
0.55166325618207546	0.097957718849822448
0.38130654499526789	0.099588400079530209
0.29142376374320839	0.099839322436268585
0.23598530947324184	0.098890119338583993
0.19844045214311565	0.097089738382190122
0.17136019365067529	0.094748354106733795
0.1509118776048729	0.092152559101136358
0.13492336645246408	0.089494450242198029
0.12207561287038558	0.086878998700633106
0.11152260962171495	0.084357931487397578
0.10269702087057885	0.08195552948083637
0.095204404993628727	0.079679613615594488
0.088761956340097301	0.077530489445091527
0.08316180166460882	0.075504508346451324
0.07824759023728825	0.073595861159585177
0.073899525865838492	0.071798270614291296
0.070024339553448861	0.070104053650180256
0.066548188096815203	0.068506709158981466
0.063411925733453958	0.06699969498490814
0.06056757924524004	0.06557681025445089
0.057975897257550833	0.06423216811780838
0.055604364848006571	0.062960520527523364
0.053425849766851101	0.061757045478228557
0.051417520281039998	0.060617513144677101
0.049560047302788346	0.059537483704236505
0.047836907913858466	0.058513247873811028
0.046233934140547404	0.057541258741972384
0.044738910104770442	0.056618526549866419
0.043341233404729403	0.055742071147527265
0.042031622268321724	0.054908906891501831
0.040801984673026058	0.054116308985807215
0.039645189864679409	0.05336192180876493
0.038554920261186794	0.052643375633185906
0.037525580922577871	0.051958682197242388
0.036552176563522762	0.051305733265466252
0.035630256391812949	0.050682583707293359
0.034755831706336539	0.050087410155497447
0.033925309711065166	0.049518551979632175
0.033135442011766852	0.048974341268607814
0.03238330302383851	0.048453135934141765
0.031666233036223991	0.047953508631540243
0.030981823469778465	0.047474158977963803
0.030327879342475848	0.04701408103760861
0.029702395395058614	0.046571803316705296
0.029103524028236457	0.046146261200116556
0.028529609339173333	0.045736544060565987
0.027979108133338634	0.045341555214191906
0.027450594868477056	0.04496038709676909
0.026942764076488265	0.044592193109996486
0.026454420385747326	0.044236145758615154
0.025984455434193407	0.043891566533027691
0.025531847119832904	0.043557674456639002
0.025095620901022454	0.043233613055838914
0.024674892288990242	0.042918552237646887
0.024268856900890392	0.042611979316645114
0.023876753845198068	0.042313474886340803
0.023497864909272644	0.042022553999006465
0.023131518587240826	0.04173844384279117
0.022777096810071229	0.041460386374205745
0.022434020287390111	0.041187980065394258
0.022101745583683781	0.040920664287169749
0.021779759521194115	0.040657814405569044
0.021467582303790998	0.040398929528493707
0.021164752418674104	0.040143749757386264
0.020870844940497783	0.039891892267755621
0.020585470549599017	0.039643108694774429
0.020308248493063424	0.039397056333573009
0.020038834573595826	0.039153362524359595
0.019776865542286141	0.038911646876319574
0.019522015769768232	0.038671449342199175
0.019273991973711775	0.038432593555463815
0.01903250465527152	0.038194794112176418
0.018797262422182461	0.037957567270951648
0.018568014816173047	0.037720755964842985
0.018344504994221383	0.037484094106078218
0.018126500147112919	0.037247288496505979
0.017913772516343612	0.037009601997849362
0.017706158790572052	0.036771246461872742
0.017503513784548976	0.03653226119170172
0.017305716403819102	0.036292940729553906
0.017112673724519457	0.036053017029165142
0.01692435136115597	0.035813393702559641
0.016740715421246031	0.035574746982313353
0.016561723771502387	0.035336617147283284
0.016387348593575959	0.035099333849702104
0.016217605634117199	0.034862322337630293
0.016052426809578826	0.034626037929497741
0.015891550595632131	0.034394417679584392
0.015734439273442171	0.034169659401764717
0.0155807345090937	0.033949933523615146
0.01543055738083887	0.033721880559351471
0.015284253544858515	0.033479750680613894
0.015141641730426975	0.033228934254143888
0.015001996586406134	0.032988314000824429
0.014864726603462686	0.032756428259744695
0.014730056485821041	0.032525489149114198
0.014598170961144921	0.032282531296428767
0.014468380419688558	0.032030198400621754
0.014341689069199552	0.031795774316310074
0.014218240267529731	0.031626374655721809
0.014098720504775531	0.031511750405669378
0.013981288805778279	0.031375500821672113
0.01386287519199206	0.031212508202983269
0.013743858750085254	0.030986518572163512
0.013629069648152721	0.030832170615835951
0.013512864657634278	0.030695906331129782
0.013408198854532731	0.03037832478846941
0.013296404369552949	0.030605870584973539
0.013188131156880041	0.029739116740248029
0.013087020056895344	0.030050265169663817
0.012983251654527045	0.029551467031130582
0.012883590433807575	0.029479340763101981
0.012778721143686802	0.028186520432984644
0.012677354567206986	0.02832382197647438
0.01258062893027556	0.027804854707124807
0.012486316373909082	0.027653895240360389
0.012395450014453609	0.02770843249658278
0.012315300133078303	0.0273248446326987
0.012223662035578557	0.026615906237457292
0.012145698475392075	0.026438399061320807
0.012026342195037386	0.027244054850365091
0.011949812920517857	0.02626759261779173
0.011867696986815971	0.0261561483594385
0.011809173605787907	0.026087650541555926
0.011714709853055222	0.025941689972467114
0.011621852445863449	0.0260718840054492
0.011540610863590216	0.025555169650370736
0.011481257127979195	0.02526315636381515
0.011392822518753239	0.025467460396077186
0.011334617329890613	0.024547662368771199
0.011235179974227606	0.024518030822101352
0.011155932762291605	0.024392318178768076
0.011096545328064153	0.02407776587543935
0.011005433912136991	0.023242213957638817
0.010997466425142923	0.022868501086629054
0.010894136966182195	0.02319486934821836
0.010792990841560378	0.022379784343664763
0.010812646489683893	0.023569320858777259
0.010683017670952687	0.022765203903512464
0.010661845088932673	0.023932804430038337
0.010587112028684818	0.023518316050165963
0.010556034384526772	0.022542158421195023
0.01042104621722045	0.022139567936487609
0.010399982824957448	0.02213099558245293
0.01033297976489116	0.022512502564618599
0.01030388128258105	0.02356090902185538
0.010256524519603174	0.021624024873274215
0.010151718625592469	0.021847590111022979
0.010100092869096017	0.020888960722248186
0.010012302422349989	0.020567479783519263
0.0099833936346413518	0.021450558074297826
0.0099581536552374745	0.020506756317143087
0.0099170041082553163	0.021261926530668118
0.0098330917771110894	0.021964461114756445
0.0097301525468598705	0.01961386140217947
0.0097105177548379665	0.020955765904863262
0.0096457109146159143	0.020397781815413598
0.009612707757479487	0.019662682191654467
0.0095470590603719541	0.019169626804719477
0.0095247271519318926	0.020373416137113159
0.0095006968477749955	0.020284400424352526
0.0093777181542208255	0.018229308394163628
0.0094208249842792306	0.019941912889613927
0.009321165983193002	0.019172554953035017
0.0092867125571223248	0.01848910122064101
0.0092009199865706968	0.017933160757660185
0.0091646708383425566	0.018159783679670756
0.0090974536508046672	0.018227787039325049
0.0091276421174866906	0.018111569466701838
0.0090179492179600657	0.018942262404854558
0.0089804889604905829	0.018073113275086126
0.0089892260383058146	0.018259611992336
0.0088882104163852046	0.018794931319658547
0.0088564959480124123	0.017526201643802655
0.0088293022388045202	0.017517015637262413
0.0087640815626298125	0.017461872936995537
0.008726960967969653	0.016910589577387381
0.0087334599072685613	0.016506448082484953
0.0086119398096302577	0.016545815028974287
0.0086573949605868623	0.016714140315751413
0.0085736351794914543	0.016664212153989517
0.0085291296304230418	0.016456077078844368
0.008496842236732409	0.016682546823347282
0.0084439848117128166	0.015745697277353751
0.0083869981492766463	0.016833233077110255
0.0083559515312402501	0.016061831153459653
0.0083326201518743297	0.015818496616517023
0.0082795653762369314	0.015299919483937927
0.0083326747698030095	0.015694840082712772
0.008223736974448918	0.015092616447587538
0.0082109007837554756	0.015292614941792109
0.0082275187875399964	0.015164980580269213
0.008165852624483742	0.01485743767118637
0.0082021888331752554	0.016310939731937427
0.0080796151426298229	0.014669825906521182
0.0080093604131356265	0.014978617625939638
0.008003101338679694	0.015586331128604407
0.0079682707692691722	0.014674979560325098
0.0079555756882724333	0.014754158811265539
0.0079096261902632022	0.015555117648854103
1.0026481863003667	0.1052311100726956
0.55473384671605985	0.1070199052176634
0.38346410962608662	0.10841174334679396
0.29310636211737312	0.10862844740481223
0.2374098608673903	0.10745464757910698
0.1997132054888423	0.10531255852339312
0.17252946720613704	0.10266509872630275
0.15200240221587807	0.099830762062475251
0.13594979103229871	0.097005089231680414
0.12304802685502893	0.094285978545407961
0.11244852377373453	0.091717250072640435
0.10358260536806953	0.0893137570825491
0.096055112564948239	0.087074923172128629
0.089582665535300754	0.08499258547185011
0.083956780748815629	0.083056982811081592
0.079020759840951901	0.08125648877086776
0.074654478928120507	0.079579051177775459
0.070764061039964993	0.078014686135133196
0.067275349519460917	0.076552957058139151
0.064128930956511676	0.075183812204159123
0.061276550795169908	0.07389872281747642
0.058678632611418036	0.072689430220422346
0.056302422963106794	0.07154923767201711
0.054120571862842713	0.070471776516262269
0.052110049658704569	0.069450368790663755
0.050251317412101669	0.068480213010413807
0.048527708509093444	0.067557236537660645
0.046924876071475295	0.066677157178172686
0.045430442872863991	0.065836592684131709
0.044033670727060138	0.065032805916720102
0.042725181706710504	0.064263042244290136
0.041496794413797736	0.063524952094551335
0.040341298718541203	0.06281591604860684
0.039252300425539031	0.062133921047002605
0.03822416239066382	0.061477408105293542
0.037251846054566384	0.060844825502526512
0.03633087557428074	0.060234707869991987
0.035457224241956783	0.059645126778555865
0.034627258664310906	0.059074888080613959
0.033837735767314227	0.058523261188213951
0.033085724023644389	0.057989133575465132
0.032368549012692205	0.057471989951086183
0.031683804900127392	0.056970427752860119
0.031029296309804017	0.056484003585591781
0.030403012537021191	0.056011852423754387
0.029803118653781113	0.05555341270441997
0.029227948282145089	0.055107569769243199
0.028675959945840292	0.054673289188655869
0.028145753194080921	0.054250133546488513
0.027636032641954904	0.053837675636222729
0.027145599462325577	0.053435102335817372
0.026673366968305526	0.053041808166201042
0.026218312724098275	0.052657238092103029
0.025779502787372302	0.052280694149223532
0.025356059497252892	0.05191190266587898
0.024947173881648018	0.051550340620892109
0.024552088879651223	0.051195356104241002
0.024170106017262653	0.050846481199179887
0.023800588291407607	0.050503424088361296
0.023442926007964552	0.050165845726191885
0.023096548189841037	0.049833414270356237
0.022760920498632403	0.049505922179255292
0.022435554687030953	0.04918353067696983
0.022119985783099438	0.048865982837480768
0.021813772854615117	0.048553016332899414
0.021516527330540314	0.048244813779821906
0.021227878187324477	0.047941686410215192
0.020947455251653872	0.047643526524873331
0.020674930479154554	0.047350568196885157
0.020409984440819873	0.047062676480469939
0.020152306091487146	0.046779948775061732
0.019901614489560935	0.046502221470852603
0.019657648913533096	0.046229376681049636
0.019420142307573572	0.045961431155333618
0.019188839542554903	0.04569807541354589
0.018963494340130959	0.045438783884372863
0.018743864411929188	0.045183145859802584
0.018529732014343877	0.044930971943857916
0.018320885773808294	0.044681744717249811
0.018117132590106267	0.044435326565303135
0.017918279251647868	0.04419150964501594
0.017724150216543045	0.043950067965390978
0.017534598697001292	0.043711154902895573
0.017349480167665375	0.043475041297292037
0.017168641161121472	0.043241826462747317
0.016991951762282808	0.043011856548778267
0.016819269540263131	0.042784891836850782
0.016650490715032946	0.042561569444808864
0.016485466031102965	0.042341523673523666
0.016324073147382535	0.042125004972284108
0.016166184085219245	0.041911653888807382
0.016011691766140358	0.041701138751579526
0.01586053698487978	0.041493338749509813
0.015712624556271496	0.041286885049701079
0.015567867770949054	0.041078644240403715
0.015426284366844857	0.040863409506779323
0.015287953313407545	0.040635460393456134
0.015152550127163487	0.040390192364948896
0.015022781588286616	0.040153445101944359
0.014894564332534671	0.039914460867044858
0.014767830745333327	0.039703840068617026
0.014640521826737583	0.039434853600207827
0.014518984011145366	0.03920255858536912
0.014399598894236591	0.038974787872101201
0.014281935102601477	0.03874962577301018
0.014165588938822783	0.038530059324086659
0.014056724342194305	0.03830374061888326
0.01394262655425867	0.038082969245163606
0.013829216329354506	0.037867592166306606
0.013721301069825284	0.037695202242673954
0.013616215649176975	0.037492325061180422
0.013511234595906259	0.037346816367383802
0.013412819747596852	0.03708463912796283
0.013307656588835716	0.036735132714760768
0.013213112210692162	0.03630625971872415
0.013123863551481306	0.03633709995110114
0.013029310393943788	0.036305093655167653
0.012944813382982633	0.03559464537704092
0.012831485930078256	0.035672543652159355
0.012755059869529102	0.035497797511041734
0.012670482059690975	0.035221228173562234
0.012609104186418257	0.035249981089735059
0.012473478500842789	0.033816961902989787
0.012411261276972311	0.034388113214918511
0.012319290169340285	0.033283244408346672
0.012257989122562553	0.033658542365994595
0.012195417732941874	0.032869291530208247
0.012089818702432406	0.032884659152224216
0.012010328993975545	0.033137334346270628
0.012002863682218265	0.032808847324854555
0.011874592190848451	0.03257541784667705
0.011813773180443332	0.030937005460404655
0.011706658236066822	0.032348672276211354
0.011664999468269887	0.031645471086555452
0.011622993617017028	0.030652427662960627
0.011490999568898494	0.030217468138110746
0.011416736008464145	0.030914895937199018
0.011332517357784233	0.030278451874320086
0.011291143629865483	0.03046731580054295
0.011225124551259775	0.029887129145151344
0.011167175561702401	0.030225651170880261
0.011097412300700759	0.028688543416499668
0.011019991288237168	0.029289665497730977
0.010995031519324478	0.028082585179796744
0.010906110761416916	0.028383714735294805
0.010886360865108744	0.027823730453115678
0.010820997640572469	0.027727578403464095
0.010750282224826076	0.02710004567715309
0.010680434348124213	0.026918814756806193
0.010680641067506665	0.027373114237785191
0.010556906068854654	0.027394642111056348
0.01051693790436373	0.027243425380730688
0.010442240980693053	0.026271259038526645
0.010397992646250387	0.02708386800318744
0.010415561466864382	0.026590942165583244
0.010294234414179248	0.026433806838765065
0.01023526046022518	0.026585679104644936
0.010145484836363721	0.026253241272550853
0.010153024915220271	0.025005354771074337
0.010123309206731769	0.025786102050070606
0.010091822072919832	0.026163469451725783
0.0099901137619325189	0.024947511183991904
0.0099639807756361255	0.024823735123399551
0.0099255151536818079	0.024789607947965225
0.009849798007833175	0.024147097605590917
0.0097495221175765458	0.023826387654881119
0.0097601492743732386	0.024076308766600274
0.0097112826124329601	0.024801062313310057
0.0096538203020497104	0.023667264252854061
0.009617148690285968	0.024294233513394145
0.0095349415497159896	0.023509207341079606
0.0095863370796094548	0.025468314817246755
0.0094082239735666946	0.022779853332068382
0.0094576410783939174	0.022890836669166796
0.0093901039247658892	0.022639184363727839
0.0093917930476986981	0.023871290097329498
0.009299686603927786	0.022286666009247287
0.0093034384894052705	0.02217464332701469
0.0092366459079787199	0.022400292168532895
0.0091893936383915138	0.021045809396580774
0.0091683618541511299	0.022138917102466248
0.0091355222695663155	0.022645737292956377
0.0090146738804252405	0.021699493025067972
0.0090243663495680315	0.023040010439403159
0.00898662955370386	0.022949155655605753
0.0089780279967398187	0.021201589940533908
0.0088349047789016352	0.020383648971074007
0.0089324739315896975	0.02102579818769524
0.0088376919098301331	0.021998503520007512
0.0088455020720215067	0.02077498026857684
0.0087245923401303993	0.020167173221235044
0.0087230861305619811	0.020893125959783695
0.008673325217822549	0.021237204094095706
0.0086802682942714905	0.020593771304540112
0.0086713167420412497	0.023004673259119989
0.0085640546899299549	0.020547916855420924
0.0085069782679642082	0.020660173713201987
0.0085346073138613081	0.019372804374908632
0.0084416653103597111	0.019732740714204732
0.0085541585156327215	0.02006342943963247
0.0084075677240563404	0.020298061847755716
1.0016063822739081	0.099758676700285681
0.55381682922037023	0.10123939658735048
0.38274416696176422	0.10255366297866342
0.29248430412262177	0.10303060947440305
0.23681752831793459	0.10243148209373272
0.19913787194563076	0.10079503856237459
0.17197177854140772	0.098507036720641372
0.15146351735200173	0.095922708535433776
0.13543052163992786	0.093270229100668442
0.12254808247337177	0.090675056713851412
0.11196737104292286	0.088194046418106312
0.10311939942368778	0.085849892879796316
0.095608636288774904	0.083646597958596677
0.089151607580656531	0.081579851983340085
0.083539935143601265	0.079639950412731322
0.078616757937558651	0.077818209313047351
0.074261808926105885	0.076105667433231688
0.070381337679690459	0.07449424465595271
0.066901266743595922	0.072975465873870285
0.063762114157634858	0.071542732665443379
0.060915811669845082	0.070189486866349113
0.058322846124656255	0.068910185671006402
0.055950591462135719	0.067698964253093852
0.053771829449849075	0.066551035093765962
0.051763622423819509	0.065462171676169786
0.049906521795743626	0.064428256103501391
0.048183947495054225	0.063445744448512628
0.046581700026892332	0.062510953433176114
0.045087501787536718	0.061620652690532934
0.043690684944940925	0.060771513962167331
0.042381965106030997	0.059960102624220558
0.041153182858813905	0.059183556707277644
0.039997150971345846	0.058439171956306005
0.038907542410715749	0.05772479638491182
0.037878741749693905	0.057038389614348407
0.036905761558095378	0.056377952029998256
0.03598415099982117	0.055742096315922668
0.035109910830201277	0.055129380941357164
0.034279451835489208	0.054538099173667212
0.03348953724050107	0.053967224287577123
0.032737260172620582	0.05341554760673943
0.032019983531233719	0.052881941165851452
0.031335306768285873	0.052365632068527644
0.030681066569051903	0.051866059501732772
0.030055265881714605	0.051382385821625
0.029456082442117379	0.050913929829580366
0.028881856523185739	0.050459877250809873
0.028331066783020342	0.050019831693070296
0.027802308821243904	0.049593196520522236
0.027294304929768882	0.049179484529633444
0.026805864901399502	0.048777997810931881
0.02633589934202149	0.048388478488324366
0.025883391779419628	0.048010593482523733
0.02544739761442286	0.047643906897158722
0.025027051814282567	0.047288161965956317
0.024621555550478853	0.046943429328421639
0.024230156881690831	0.046609521623749914
0.023852155117891811	0.046286378724756966
0.023486884411477661	0.045973811943209764
0.023133743203229567	0.045672205516885257
0.022792173286151338	0.045382021450615484
0.022461645733461499	0.045103316221526371
0.022141670571941111	0.044836242355182035
0.021831781900017357	0.044581044866053729
0.021531568708633871	0.044338482612783753
0.021240622613123036	0.04410878287153519
0.020958585691107069	0.043892426074649819
0.020685101211075547	0.043689414261972072
0.02041985610825384	0.043500193116060897
0.020162536282735323	0.043324147236846834
0.019912874746839917	0.04316129483446942
0.019670587028269019	0.043010694804581751
0.019435380612446346	0.042870543505681334
0.019206973736919701	0.042739210675066718
0.01898507006783199	0.042614767492955438
0.018769315094909245	0.042495122106747989
0.018559362428330388	0.042378653058147142
0.018354830508762403	0.042263391361758482
0.01815540204182543	0.042149733463065046
0.017960824585758012	0.042039070566744913
0.017770868137332758	0.041932430254703765
0.017585350446980969	0.041830931654945523
0.017404105900196594	0.041735319735623416
0.01722708533481351	0.041647832731811336
0.017054150849107212	0.041567667454598528
0.016885186283261522	0.041493244607104275
0.016720077415329538	0.041421849203095738
0.016558485520806882	0.041334936242851367
0.016399848561414663	0.041205876788461021
0.01624280237722521	0.040962959782216792
0.016091458113087636	0.040841814963034927
0.015945437626235168	0.040810220205557322
0.015803251333511532	0.040796906662924945
0.015664353319553303	0.040773049264771377
0.015529605807336129	0.040785037657101141
0.015395447697945834	0.040692158059282578
0.015264097326767277	0.040612426740747519
0.015133342003823609	0.040528292057885697
0.015000261600283346	0.040570681290093537
0.014870312121287291	0.040372420805411632
0.014744882915341911	0.040103921509126249
0.014625399858155313	0.040030268580768608
0.014503556678232754	0.039800177283006354
0.01437636905810572	0.039352488167401743
0.014263056059151685	0.039482749902504548
0.014150147910960507	0.039195443171733721
0.014035160081954372	0.038700853498354566
0.013927210151457953	0.038595275568500016
0.013818492318006959	0.038406828812691869
0.013720365129979924	0.037725222709236748
0.01361336221073222	0.037586053714368552
0.013509457966315008	0.03769530027656471
0.013409698587380526	0.037218487309662096
0.01330870344068742	0.037291771193344064
0.013237301146929479	0.036969756303193782
0.013141628974781857	0.036853571183470386
0.013023144282957101	0.035918463371201706
0.012959113798454042	0.036508669192362418
0.012856716506275689	0.035575693204180928
0.012781358265443198	0.035907929752267642
0.012681549879061156	0.035337124851660129
0.01262428866307033	0.035843444518997569
0.012521654035442593	0.035145004819467925
0.012487253939159913	0.036094742348096863
0.012329291623947747	0.035292983599493982
0.012295776653041372	0.03495960741281065
0.012218171203608037	0.034825877777236385
0.012134076500843876	0.034347493548951537
0.012062350710420777	0.034205661727228352
0.012162559396170166	0.039514947389544156
0.012088141048174147	0.039551792529579154
0.012012677140025936	0.039494963963984615
0.011810457572718562	0.034819352318042798
0.011852353605512185	0.038189984531902504
0.011605094853455537	0.033415554488467065
0.011668427229018957	0.037322743972420969
0.011452278136022844	0.032623058211484549
0.011336616657687501	0.02963886523998796
0.011457160379740809	0.03540197377670503
0.011177110568490464	0.029106880263644799
0.01127548078016866	0.034567668061710279
0.01105526953773899	0.030073745008801202
0.011093552246450937	0.031562816403420797
0.010968106773594442	0.029792770307215388
0.011006130936019964	0.033815183182507244
0.010856241288780374	0.027652342465783439
0.010834492284914791	0.031122687000146424
0.010878578639298465	0.03363300471761152
0.010640003802718598	0.02918614977067719
0.010555629273140589	0.027147347926386355
0.010559741578180269	0.029869953975782893
0.010397001312973485	0.024618438034046907
0.010465515702544038	0.0288781390610875
0.010330386335486512	0.02608250489591581
0.010306646545363207	0.029221470989553924
0.010292161978186606	0.029311179786775637
0.0102031044017798	0.026443037505133139
0.010174383872352926	0.029126469929092021
0.010143629538688977	0.029176185628568833
0.010018073997991102	0.024725638818524978
0.010002638010780742	0.027951593762615436
0.0099306970632260551	0.026482915855715102
0.0098263085412508642	0.023733120120012795
0.0097730163901718729	0.022718818078438539
0.00980890879559102	0.026612173359124268
0.0097661134720295802	0.026268923838415351
0.0096748323137246187	0.024683998615207318
0.0095489972800041484	0.023629879692830626
0.009593085033094962	0.025327237968982484
0.0095965088718725153	0.026376990488411418
0.0094580817713541022	0.021674206198091135
0.0093798866903183724	0.022017785752311853
0.0094511655358291841	0.024579253178959745
0.0093203842127499922	0.022640431886682501
0.0092253816985210808	0.021821903637744468
0.0092736527669317337	0.024170848608841243
0.0092365989532102576	0.025020276898308567
0.0091999474879487717	0.02455904847853561
0.0090689076413441264	0.021644604235098851
0.0089881474838714535	0.020314434950646026
0.0091152800162937007	0.024607849976559446
0.008966117629315264	0.020368209064445253
0.0089388042892428396	0.021258918712110907
0.0089185870812064846	0.022415097853234707
0.0088353802595052006	0.019194278764372179
0.0088298635292893574	0.021010056941030818
0.0087613615990044559	0.019603544285545865
0.0088002520566630889	0.023483260851178519
0.0086879189763513637	0.020678075699962356
0.0086287049846321649	0.019764395339109671
0.0086513783205402033	0.020588379577629788
0.0085751606645234485	0.020632041381803183
0.0085673683833520555	0.019248257183556224
0.0085094986622072828	0.019807563758287787
0.0084319052482391514	0.01859540138792708
0.0083964069023398473	0.017809029357553435
0.0083892140993911089	0.018596156337112025
0.0083052227369291541	0.017847725957726907
0.0082682417630316387	0.018894837514689067
0.0083647550659419635	0.020447797439095666
0.0082455794198322049	0.019043088034746272
