f	stdf
1.003038767954894	0.1031947444466088
0.71233625548738067	0.1031734360389719
0.55227457760437892	0.10318550816162123
0.45094877466171385	0.10323146540784217
0.38104216751393721	0.10331160431214716
0.32990619177023278	0.10340839713254717
0.29089330612123593	0.10340018628106162
0.26016606153159261	0.1031975698536591
0.23535138896862795	0.10272670225806108
0.21489066288582295	0.1021151558179015
0.19773783467115785	0.10130229621484162
0.18314985120049812	0.10036629993101286
0.1705976001149607	0.099319743957649406
0.15968573231971522	0.098212998447441691
0.15010973264615515	0.09703483448405241
0.1416400571287702	0.095832215454244571
0.13409144560187003	0.094623406208793379
0.12732513997464509	0.093403045773617674
0.12123245702907721	0.092165567782711566
0.11571668255525472	0.090943059497103795
0.11069303438623458	0.08973261686731504
0.10609769220403618	0.088560153264742716
0.10187771341017803	0.087438130354826962
0.09799062124262177	0.086351120489710415
0.094402009094309763	0.085299314342756297
0.091076128015128932	0.0842769881067678
0.08798688097960411	0.083279766331192592
0.08510709419804395	0.082323292791750088
0.082416522568504041	0.081418114153704133
0.079899849473441448	0.080558103418943733
0.077536806524784299	0.079726954309625245
0.075314606092996422	0.078929348734421409
0.073219582478447856	0.07815927334427232
0.071242286124989077	0.077421609379773354
0.069372869094618039	0.07671370114172027
0.067603613599961462	0.076012917277864439
0.065928402628119637	0.07532167255795158
0.064339218191058575	0.074650595234319703
0.062829928890477768	0.073997620373700432
0.061393352645469267	0.073368493840295937
0.060021836902177612	0.072757526075032317
0.058712685780281652	0.072160447720533386
0.057461532295743342	0.071572984237939646
0.056264355464838919	0.071002502274315732
0.055117629445638187	0.07044891250993171
0.05401926897620489	0.069907610327936701
0.052967116160280901	0.069380666302593638
0.051957334973753024	0.068871533593929793
0.050988800162630028	0.068372511873251995
0.050060057770188925	0.067890538801319872
0.04916565633560404	0.067424567216667355
0.048304275840396739	0.066970966654594746
0.047474604414799601	0.066525958867122564
0.046676814187628729	0.066093109393771374
0.045907912894736315	0.065670522162543266
0.045165079832892162	0.065246445683815671
0.044447701631404865	0.064830294046989229
0.043752873377836822	0.064421404791212944
0.043080616255073707	0.064016742146365727
0.042428944220284918	0.063624194227760653
0.041797090467144117	0.063242332674571258
0.041184567978040744	0.062871186042004604
0.040589761178248987	0.062502317814044736
0.040012622801848849	0.062131786872904396
0.039452444999292936	0.061769179111473616
0.038909162846987512	0.061414503457606122
0.038381317601295359	0.061072889373131677
0.037869702681840978	0.060735249578974304
0.037372620078102166	0.060406977156964414
0.036889969387359028	0.060091462206430843
0.036420845116356779	0.059788501036123452
0.035964527201154901	0.059497073401530577
0.03551716770307952	0.059204553157579262
0.035080713015677251	0.058908636731931738
0.034654038151075088	0.05861206468687772
0.034238971230648667	0.058322665836996503
0.033836356477352725	0.05804181246390426
0.033441941971077839	0.057756873537649918
0.033057511325977222	0.057481685435406694
0.032681639279646138	0.057219345876547173
0.032314220895199842	0.05697496004145617
0.031955181832456887	0.056756650966781015
0.031601582139597351	0.056512907148736705
0.031257310712962658	0.056258587607093166
0.030923443478961816	0.05598758654699635
0.030607565052669043	0.055737986647939254
0.030297151043736877	0.055486044576315681
0.029991187372072483	0.055219029285718486
0.02969105157543624	0.054934880309052803
0.029397131455534506	0.054643575451207578
0.02911030239985396	0.054359377807344331
0.028830202115412044	0.05406879848561668
0.028555617408306973	0.053777088672548899
0.02828794293272751	0.053436171307442812
0.028024413993033601	0.053032360745263109
0.027761347584922502	0.052688599588473578
0.027504971243251391	0.052352527712660149
0.02724798636770882	0.052075422969074317
0.02699863139808216	0.051898628285202995
0.026752059686438255	0.051659616560168452
0.026509740133780321	0.051373916562844749
0.026268830972674954	0.051163223520038846
0.026036851102811148	0.050934719326423773
0.025802255093949907	0.050716028003710001
0.025567550796688959	0.050512011770335312
0.025342194727591513	0.050312105435916896
0.025126164030327615	0.050113911274067495
0.02491990774059509	0.049954232771615571
0.024709766720452542	0.049799407021108279
0.024507778590622663	0.049618276359167907
0.024297324727763154	0.04945056115301201
0.024106606635476722	0.049273278598676425
0.023910556256519517	0.049117818582180638
0.023721508319232316	0.048964135383209095
0.023527247363631106	0.048789798432529043
0.023322810723518394	0.048736687027200749
0.023127119466770544	0.048674353625021698
0.022926730200512044	0.048580178391634157
0.022733950958190093	0.048488407991321633
0.022552664628996227	0.048376950790830132
0.022368517617317119	0.048169712330732167
0.02220847933511751	0.047804238679432835
0.022050834285342921	0.047295692298297144
0.021890838726991064	0.046794456898172014
0.021728033960198921	0.046580490018159781
0.021565412106629104	0.046560417229470345
0.021426396430149878	0.046278756182140307
0.021264658821129771	0.04633215415022493
0.021158204240399322	0.045901754339107134
0.020982769419188422	0.045621814855647286
0.020878001274043947	0.045326736133181306
0.020713992868383227	0.044698579702806635
0.020492733683096509	0.044667309010047576
0.020413878924672845	0.043437715372097285
0.020269845930129621	0.044322390598118697
0.02028871763248374	0.043267894296760215
0.020107182075338095	0.043336372487109871
0.020087415652577739	0.042637082333659496
0.019766334769780982	0.042070195298739524
0.019899049182750442	0.041763927624289467
0.019609002994705201	0.042528469656088211
0.019436286112195566	0.041726734707062452
0.019341958308879647	0.041177167148101136
0.019472697732342312	0.04097238993165879
0.0190996717106609	0.040876150799728832
0.019294193493033879	0.040074403734203623
0.019031957237899192	0.041474069360871009
0.018913574982831919	0.040297405577953589
0.018743996554354304	0.040621538256042172
0.018560816040891725	0.040095834146055595
0.018586032885525391	0.039104551091011915
0.018538642787285356	0.038631815555293172
0.018375344402416616	0.0388847880578575
0.018322751167926667	0.040302603874237883
0.018305237770654237	0.038559698256344824
0.018046949406221344	0.039341529076108932
0.018106991032052776	0.037504557850434481
0.018036538122668345	0.038570546940114331
0.017726604392719742	0.038300347239275452
0.017791004332924892	0.037084613110424526
0.017739173706080812	0.037956911710298351
0.017846948324374161	0.037317471403149394
0.017637961805472026	0.037220738160580587
0.017471959617170647	0.03680110442186494
0.01744399894458246	0.035565929788307159
0.017448711097514939	0.036559216393377468
0.017156227221317055	0.034555466374145007
0.017209009777850212	0.036089875403492372
0.016801368457111301	0.034732188530298677
0.016870833864528378	0.034904892056868357
0.016794436133345216	0.034404618336189324
0.016810799601173623	0.034472302571762578
0.016765033708473921	0.034685616830213532
0.016785016640906092	0.033479847223482649
0.01648090575696308	0.033574306929306359
0.016671722148989123	0.03449523774950336
0.016294667093494357	0.034306192006295019
0.016359033553445167	0.035007464918563394
0.016425634324639636	0.035176784782222754
0.016142122623458034	0.032655820750614455
0.016271626978651754	0.032755896371660494
0.016203122424842765	0.032635395790492266
0.015880101645321526	0.0303916366069855
0.015921867355423367	0.033109506506622643
0.015946152466994101	0.031716603810435978
0.015677272085426876	0.034067331162607843
0.015738405217610704	0.033739254081523902
0.015797022289423663	0.032848733085982532
0.015500466360315716	0.029496529394636303
0.015395479974078476	0.033781986554717557
0.015219356208123329	0.030024270061886644
0.015324383292124323	0.031151330723861503
0.015306410001090167	0.028245032432635687
0.015301925210756717	0.033566670604269225
0.015028718879735234	0.031450574904145094
0.015220624009545667	0.032038684876222086
0.015126506649553171	0.032085362941796994
0.015043992621509288	0.031200641745716313
0.015019734659166922	0.030890847948042831
0.014920335177653168	0.028214112473805286
0.014874589108509622	0.031450937871859007
1.0009576980401313	0.10197975493519827
0.71056531752782803	0.10206647525452442
0.55066396640559678	0.10220763754858952
0.44943061174234267	0.10240238628843855
0.37958056704296256	0.10264386949428855
0.32848740992334774	0.10284095080971868
0.28951783758102362	0.10271755979063855
0.25881038728676714	0.10242349073302791
0.23398999441447166	0.10207049209028908
0.21352631308110556	0.10165895800772393
0.1963896983931343	0.10111438734755236
0.18183770167869687	0.10045105360586255
0.16934418524450559	0.09957242376607299
0.15849025553228729	0.098609039080865171
0.14896845252670407	0.09762412932411281
0.14055239369417535	0.096604791624858688
0.13306299210071174	0.095588035578748787
0.12635428066211107	0.094567179744216315
0.12030658019048959	0.093554868693409593
0.11483073011380562	0.092545310581274853
0.10984543033851167	0.091548079584012759
0.1052902101548444	0.090525951553373132
0.10110883247129501	0.089535808079826973
0.097260899081925908	0.088574223998701518
0.093703490589373328	0.087619130412229601
0.090408536250371596	0.086681137078286091
0.08734817336313043	0.085770178881991829
0.084496221669813867	0.084882906011020234
0.081832415826750521	0.084025982139949384
0.079335576795594068	0.083176815399947548
0.076991421413219768	0.082344283095940413
0.074789942042298829	0.08153463517323839
0.072720286763982137	0.080753475780980952
0.070770996238160327	0.079995374778157435
0.068928317658074736	0.079250581146132232
0.067183537542431795	0.078535001054037393
0.065530804583764771	0.077844991213936177
0.063963191824981155	0.077173535101446103
0.062471081153375282	0.076520419948893845
0.061047826940186421	0.075881613657875699
0.059688205907583856	0.075255163719884929
0.058390902191330786	0.074646487686993612
0.057151990845204878	0.074053875875641481
0.055966654390204262	0.073475272428819724
0.054829041781215677	0.072908928729596881
0.053736989126652	0.072363354356934126
0.052690199085091538	0.071823710412068142
0.051685053639407869	0.07128931547225191
0.050718409391366959	0.070772385807265248
0.049789494097998363	0.070265159924185736
0.04889484212042812	0.069771534168354285
0.048034160472945273	0.069281384097963694
0.047204144806418324	0.06879907120342961
0.04640269410667746	0.068321230727409976
0.045628007323078437	0.067855508318291166
0.044878810228633853	0.067395760803691224
0.044153745115324612	0.066944090629214886
0.043451817801021621	0.066505306651660795
0.0427724858680915	0.066073322048670433
0.042115677339549649	0.065652357023620947
0.041478737436144379	0.065243090738038356
0.040859527515560025	0.064839574682536733
0.040259964462800162	0.064438320612134392
0.039677570350302435	0.064042731795352983
0.039111720937631871	0.063661622369829307
0.038562378206081251	0.063287198745226661
0.03802923458241729	0.062914762472946889
0.037512096350628493	0.062553072243204916
0.037009319602888426	0.062203912843037661
0.036520547608477012	0.061865967042074158
0.036045669826031808	0.061534371746438929
0.035585419725087289	0.061208197758149202
0.035139668799236648	0.060882971365209801
0.034706711606101184	0.060559501644205309
0.034285139295963149	0.060245243606456493
0.033874157097208951	0.059937513654714739
0.033472636873944042	0.059633851271086669
0.033079983282139576	0.05933453182913366
0.032697325328050357	0.059043326711297327
0.032323709850255983	0.058754158187563861
0.031959922905803816	0.058480555897815617
0.031606455325652531	0.058214862204245092
0.031261716674517229	0.057961072196550306
0.030923900719762625	0.057710915101898852
0.030593561989273644	0.057470238274785222
0.030270596487826786	0.057238087889171174
0.029955470260901004	0.057020298507862326
0.029647828871314751	0.056815438613210978
0.029348540220807989	0.056643105261267847
0.029056271785000306	0.05649120739929276
0.028770127557778486	0.056335749062022704
0.028488903490552352	0.05618028008131095
0.028216010645341499	0.056043448857173155
0.027949907429584177	0.05591925398604651
0.027691621622208798	0.0557998134409501
0.027446394036901346	0.055691354360643971
0.027207772950061278	0.05555806782403877
0.026974392402147329	0.055425472052541877
0.026738089831526229	0.055265195297525084
0.026502095213848744	0.055083521978063647
0.026270845306113615	0.054908664535096387
0.02604329735628292	0.054748182840294805
0.025818782722413783	0.054596178627878661
0.025597895558898472	0.054452622782740712
0.025381968151482994	0.054319092350304556
0.025171229575690259	0.054193064928868911
0.024966849274088064	0.054076975934959699
0.024766538481212949	0.053972749548466245
0.024570966663300393	0.053883262136147594
0.024378889050007835	0.053809382412423036
0.024191506642101245	0.053749054532385154
0.024009599212767775	0.05370436737792366
0.023830878659366242	0.053664889699375301
0.023654352470471828	0.053626670285474298
0.02348136672817391	0.053582425222611529
0.023312001578610624	0.053540251062468708
0.023146733814062688	0.053499409829040591
0.022984513541294133	0.053463735304217219
0.02282435496385404	0.053429307305214148
0.022666219831141549	0.053402603087908521
0.022509683822967141	0.053377793360179712
0.022355203223374191	0.053358115236064665
0.022202962418378221	0.053343730164048545
0.0220517810127242	0.053325059940578928
0.02190186381128199	0.053299984510855214
0.021753362450851705	0.053266623090589001
0.021606576668691417	0.053224679590984987
0.0214615062397078	0.053174751384072856
0.021318670408751388	0.053122078448825674
0.021178015022167106	0.05306483561478615
0.021039358512348217	0.053003610150963332
0.020903252460513087	0.052939120596891209
0.020769756554598218	0.052873906962835386
0.020638072011995148	0.052807729379271168
0.020508440044780394	0.052732517131218778
0.020380137456486255	0.052642381922415604
0.020253215994136667	0.052548730503101874
0.020127625195240178	0.052453350121633512
0.020003437000809449	0.052352974839053878
0.019880805972063386	0.052248256539095254
0.019759332453571598	0.052136777027922368
0.019639545077723617	0.052023541387640954
0.019520591098682382	0.051901786058813362
0.019402822613690293	0.051774894300586329
0.019286453911140044	0.051644613723244664
0.019171274416986867	0.051513312702680301
0.019057513608865199	0.051384403793228298
0.018945304045307074	0.051254958072584629
0.018835413989846145	0.051118544170490714
0.018727889247404848	0.050993508705958
0.018622843107826859	0.050868200531687419
0.018519311141370849	0.05069151424841721
0.018428501787231603	0.050460992906758706
0.018292842129314302	0.049992389114969255
0.018174593995136584	0.048998832464162097
0.018063480832643815	0.046044738930340876
0.017968709386107593	0.046300494190790041
0.017844928308516531	0.0452467584916997
0.017756773192297012	0.044676610444603207
0.017680616905210066	0.045361088570219858
0.017550469017688215	0.045569857645902809
0.017423924458599558	0.044418422314166851
0.017391977509204237	0.045768238702493962
0.017332797369320939	0.045456685607322363
0.017185863600060931	0.044997437055612301
0.017160157216060554	0.04537777683481662
0.017128413223089872	0.046266630894511829
0.016962561050724401	0.045311674504420529
0.016902091316182446	0.045319688647084272
0.016813291171307945	0.04478631074165209
0.016717835465926784	0.044767712423460816
0.0166500826508621	0.04479558518205936
0.016622705813595522	0.047223790367926483
0.016460961050397384	0.044331283893957969
0.01646254588215533	0.045889847166212284
0.016387503002240244	0.045806520169644309
0.016324955186488757	0.04499212753997061
0.016162637167120002	0.044839195710765001
0.016223332176016101	0.046146226154193885
0.016019132222989466	0.042612223818309702
0.016075226707668276	0.044960974877791576
0.015972149232579981	0.045088209112867095
0.015847255422117373	0.044426335798075152
0.015802642757674245	0.043275400858973932
0.015779122490182512	0.044434158237601676
0.015629720104730835	0.043775034816593346
0.015548148841744923	0.044735833783636075
0.015461174785905054	0.043294584900373176
0.015494350629698605	0.043753676769952218
0.015446503896131992	0.045698397007065551
0.015274042101757989	0.043339882928796113
0.015254362559435481	0.043434879196189553
0.015173413987664079	0.042259841909384512
0.015053541831274227	0.04143650422338864
0.01500698558955171	0.043471044205768944
0.014954563890666409	0.043342901363323111
0.014887221584812503	0.041868980749294668
0.014860209059985916	0.040702468949916415
0.014741880746242036	0.042421077381515501
0.014754106617218283	0.043490114862866872
0.014616696929301582	0.040156207298400783
0.99980111232130875	0.099541910465708233
0.70969167053972337	0.099614868154142805
0.54993751571820304	0.099715310565095722
0.44879112292523748	0.099842947037431184
0.3789970473639438	0.099982322597935977
0.32794191421886965	0.10001147367122695
0.2889727310955964	0.09993507248988584
0.25825213111706186	0.09976119347374944
0.23343124927932588	0.099391945245722715
0.21297401058645596	0.098847685323261561
0.19583241877430657	0.098189435641028402
0.18126086584543341	0.097457293283421759
0.1687303199901436	0.096599140447485007
0.15784235884723255	0.095664438452312137
0.14828558122518889	0.094691174539931727
0.13983726365624383	0.09369962595594418
0.13231423526556749	0.092714395609546751
0.1255748180941951	0.091715016012366812
0.11950126977229024	0.090698791648751331
0.11399919292441667	0.089687403701329285
0.10898647557932681	0.088715844457228826
0.10440837054001034	0.0877670778079086
0.10021077639598985	0.086830532051253642
0.096347263126591823	0.085911982828626013
0.092775776014654671	0.08503068199212506
0.089471469118142813	0.084166159049159348
0.086404978421905296	0.083332871400523784
0.083549319962661905	0.08252433291107128
0.080884685380403887	0.081731707875336262
0.078395006707751166	0.080959012124931326
0.076060464841777947	0.080196293192025328
0.073866290535048285	0.079462220983278542
0.071799729206734664	0.078744476308758152
0.069853795932202062	0.078044981951536363
0.068017540261930923	0.077353773542788107
0.066281822057344217	0.076672679981275221
0.064636991046489872	0.076012241587605889
0.063075775195717845	0.075367534863674396
0.061592125113151139	0.074744651390795974
0.0601795229457735	0.07414056044216856
0.058833490096605642	0.073554537058453703
0.05754833810329197	0.072987281647125771
0.056320430756400017	0.07243531692760237
0.055145998460092896	0.071896882672583179
0.054021479856077137	0.071367829308258288
0.052946781070004285	0.070855609572037764
0.051919524586212872	0.070344967498985236
0.050932065787632624	0.069837511299679397
0.049983525070579078	0.069349021001465491
0.049072316993928639	0.06887999035393548
0.048195259674587078	0.068428209030026499
0.047352449414892521	0.067983652664833263
0.046542806548147214	0.067527862635630681
0.045762345755685156	0.067071456560935827
0.0450094579573381	0.066623117606573676
0.044281916083529452	0.066180756583594499
0.043577448642647267	0.065745538610589252
0.042895026944543148	0.065321483183874082
0.042234720733549697	0.064900085658014361
0.041595127184405112	0.06447293099577657
0.040976968838229849	0.064058195181920144
0.040376499854988777	0.063652862688844625
0.039793839468641505	0.063264961594199198
0.039229525555188424	0.06288824490260099
0.038683783692833131	0.062520999411153189
0.038154102644372488	0.062169606455695504
0.037639330777090703	0.061826204685457443
0.037140960874582019	0.061489206956589298
0.036656126422237742	0.061159977633334812
0.036185244553730837	0.060840084381328069
0.035725823393481987	0.060535586443863143
0.035278422367231742	0.060249812567176646
0.03484350552192083	0.059983036763892487
0.034419367393306671	0.059717948637209424
0.03400572703765492	0.05945110326239593
0.033602025886333563	0.059186046143626693
0.033209129473567925	0.058928726595580218
0.032826482503407008	0.058682154444032582
0.032451621244077911	0.058437741556135236
0.032085500637695032	0.058193030511695672
0.031728077021675419	0.057946583431793902
0.031379596410410944	0.057712443677479311
0.031038578307576201	0.05747544044692985
0.030703681465402123	0.057232397887230294
0.030375983908723946	0.056996054778763759
0.030055560398197848	0.056760691550081649
0.029742386987275125	0.056525522668275881
0.029436103239580264	0.05629638196725948
0.029136045247922647	0.056073978288593618
0.0288424632973775	0.055859513760659688
0.028555389022763406	0.055647496240613228
0.0282736906683668	0.05544126056818395
0.027997071791248978	0.055248021024811772
0.027725146816496484	0.055066660881576551
0.027457654646159839	0.054889899756948621
0.027194443364350385	0.054720429224016209
0.026936944441102079	0.054554974129190852
0.026684755006718641	0.054387717838775482
0.026437596172995959	0.05422205958306188
0.026195559599290406	0.054059113291716338
0.025958527731735095	0.053900689009404951
0.025726989726306378	0.053743357340893368
0.025500438019255549	0.053594643103902107
0.025279140374356631	0.053452874326968984
0.025063166040661725	0.053309777157195856
0.02485071797773351	0.053167761227409925
0.024642618471740294	0.05302356353877765
0.024438012989886987	0.052880042422794669
0.024237043263409801	0.052733820732177389
0.024039829917416905	0.052586009964487847
0.02384575025034593	0.052434653037828363
0.023654495969868777	0.052279215712005722
0.023465769061829719	0.052116525304254403
0.023279988938185409	0.051948089222328263
0.023097832493741928	0.051786904919738148
0.02291922774016706	0.051628132240973033
0.022744554591265929	0.051470836059247509
0.022573047558355382	0.05131554438008689
0.022404050463422542	0.051162580675822855
0.022237876835368126	0.051003992585156255
0.022074551397607983	0.050842909760471539
0.021914880643377359	0.050680833314313348
0.021758614725690961	0.050522536352094395
0.021605254603005292	0.050366618720158469
0.021454433102916129	0.050216767136870365
0.021306597986931818	0.050074483423020684
0.021160918253116785	0.04994668675020237
0.021016811945861514	0.049850068841910108
0.020880572948172509	0.049729216508441351
0.020741861308289738	0.049651131036046139
0.02061269200575112	0.049528490921631099
0.020486796078722776	0.049417807991646509
0.020362951094218044	0.049322251369224766
0.020242061605177171	0.049229353273070479
0.020122725172612134	0.049127276242998431
0.020003773884629213	0.049011398028912759
0.019884960636420992	0.048887635696951183
0.019766373274042997	0.048757608793770946
0.019647885949638996	0.048616700658098456
0.019530892082843365	0.048451021634811291
0.0194153929659431	0.048273928950923639
0.019302391022504285	0.048096394317386951
0.0191911035858678	0.047922003830517437
0.019078136959118187	0.047732529102757403
0.018965310681175188	0.047536101530251278
0.018855676204552717	0.047354272052174844
0.01874917074865879	0.047195209439703296
0.018645054551851472	0.047038279570306346
0.018543351623180597	0.046889196432989486
0.018439212669958835	0.046714149753585732
0.018334787528383002	0.046513320493073163
0.018236300110935071	0.046343977532451834
0.018137900803570261	0.04616357839584765
0.018040468918048849	0.045979128411997229
0.017945171730763241	0.045781221726660319
0.017853278861556274	0.045588197928195018
0.017762553298792491	0.045381848350764489
0.017675836804098316	0.044932800756942518
0.017584442792922407	0.044676580806742076
0.017499974688747956	0.044227387737088834
0.017413162871511866	0.044029856871938181
0.017329119951553267	0.043904506410688805
0.017238387142263528	0.043724860946870996
0.017148500193327244	0.043496547576493808
0.01705280771541158	0.043529493058844446
0.016980664228453072	0.043744141698126869
0.016867139433056677	0.043229464381143126
0.01677995093890677	0.043063794759214499
0.016699620503510818	0.043067209258757462
0.016608105626537664	0.04288100772675385
0.016539372380096028	0.042608755595144758
0.016474748055557438	0.042607499732069135
0.016421916771467999	0.042360921423504179
0.016355128811777021	0.042209036932936504
0.016255375956679977	0.042027852139168362
0.016184511162186135	0.041777827047945186
0.016127683594824249	0.041677454986419671
0.01605044847514641	0.041508326355236061
0.01598792224012939	0.041456710991822195
0.015926725260293578	0.041401585019061049
0.015816051122969452	0.040976906999278313
0.015748686596964219	0.040523624409489867
0.015676698080998631	0.040926198066703341
0.015638804528513083	0.040737529835310468
0.015592356481263312	0.040621370574574614
0.015485466436513381	0.040468884872608843
0.015442598493942942	0.040411844677378163
0.015362720534318829	0.040357347611316333
0.015248084023194764	0.040181645692508407
0.015168976702650015	0.039790410198196915
0.015112144812675482	0.0400833149370841
0.015009946471959797	0.040260394249541191
0.014959397217644823	0.040478298957880708
0.014942067321976456	0.042098667528064931
0.0148817056812049	0.040611528204988014
0.014799758047707915	0.041792982028902297
0.01475842627590772	0.041042147775587956
0.014728555205903156	0.042278792928085139
0.014689080805961964	0.042615017389516077
0.014572525411695814	0.041302944946280826
0.01449023680359701	0.040868582696876994
1.0008088763569758	0.10136774877266758
0.71095635054598094	0.1013134985701761
0.55135118847359355	0.10129144255232155
0.45030558817501598	0.10130046431566891
0.38058536398386955	0.10133888753313082
0.32957861425046692	0.10138406276424551
0.29064619379741768	0.10132040439208563
0.25996137431813188	0.10112095418718986
0.23516770010762095	0.10075137029894772
0.21474464458009754	0.10010004676735126
0.19762521992946597	0.099296477206635397
0.18306248983489165	0.098461541359173288
0.17053332420708928	0.097532409164195963
0.15964467218157671	0.096498731206045268
0.15009246285136826	0.095369872376099701
0.14164341351035017	0.094231334511958836
0.13412134809329582	0.093049815745632897
0.12737807332805179	0.091909569267248137
0.12130017585920078	0.090809134254966409
0.11578939847177028	0.089722273735088634
0.11077567954509319	0.088646720018703273
0.10619293137864372	0.08760284461349728
0.10198800893359206	0.086586489804994268
0.098119032409637624	0.085593520818880636
0.094545033394941164	0.084622263557781782
0.091234305697912452	0.08368199556767919
0.088157639497679921	0.082755866091917818
0.085294301581014281	0.081861055628366874
0.082620562432109662	0.080992033049258672
0.080116295279521799	0.080140879713977181
0.07776685897737258	0.079309795808951977
0.075558368574642362	0.078503870388877933
0.07347836823172188	0.077726417132767303
0.071512534256375201	0.076974009785800518
0.069655374422040811	0.076260036904174849
0.067898403136020899	0.075570044504360626
0.066233327847280948	0.074895209742914817
0.064648396685642276	0.074224792570363241
0.063138056219790517	0.07357890635042201
0.061696808284167876	0.072941465967947303
0.060324334000360011	0.072319095211403103
0.05901494656020391	0.07171415540993685
0.057763170359972707	0.07113321254916409
0.056564326254023106	0.070569198370392786
0.055414906639939046	0.070019592816252293
0.054313010641329283	0.069481851058742009
0.053254542558248498	0.068957879305298064
0.052239037208266767	0.068447570769777727
0.051263340692293012	0.067947185035989538
0.050324534555704563	0.067452877936014372
0.049420269326026132	0.066959567295630365
0.048549275416633238	0.066471216160623042
0.04770945096773839	0.06599422072698892
0.046898278666723858	0.065526012222992688
0.046113554605020403	0.065069172488907701
0.045354847730564869	0.064627013612685122
0.04462169956002654	0.064194081488147911
0.043912745962026344	0.06376556207029184
0.043226962901333564	0.063348607873854518
0.042562917565338199	0.062941993723286682
0.041919237401064048	0.062547553771055073
0.04129451124277117	0.06216759831276375
0.040688734269905331	0.06180449587263092
0.04010112976928315	0.061459198472596621
0.039531842995292221	0.061121284121842305
0.038977985762316224	0.060796924902538484
0.038443632999836851	0.060490196762815161
0.037926568496359649	0.060198163988951052
0.037424181556910338	0.059917261042228907
0.03693716788170686	0.059653309060686867
0.036466971384254691	0.059413080351719424
0.036012895811155389	0.059189521437417819
0.035572750251290627	0.058990802409780115
0.035145863263476476	0.058811455958985112
0.034728640044880882	0.058641743660975541
0.034321610519652795	0.058488119064228683
0.033922796517578832	0.058346868466079643
0.033538140987211147	0.058220757403529659
0.033161113019111975	0.058082543756297046
0.03279149745759135	0.057924157354480602
0.032431499222394834	0.0577650949682725
0.032079199427573417	0.057606236969720108
0.03173401802493174	0.057447566960662604
0.031401521889208257	0.057301189876460976
0.03108503438895506	0.057182569685799309
0.030773536275126835	0.057036339672520781
0.030470979726424745	0.056902508036366893
0.030178466400140189	0.056810617051983724
0.029894839429821483	0.056728524032093636
0.029615976066192738	0.056650961930513305
0.029341614295319816	0.056556749437455825
0.029073528778986505	0.056466764943295923
0.028810643869039948	0.05637669908796885
0.028553569241673345	0.056295739929961779
0.028299821771355291	0.056216347881533853
0.028052314780455979	0.056145136135876017
0.027811312258091667	0.056076764538163279
0.027575889572397445	0.056006798809894322
0.027345054829397704	0.055924323151873706
0.027114626110668311	0.055783510225349608
0.026888533008315216	0.055671869954789295
0.026670652826932519	0.055641343796683972
0.026458988879804971	0.055654307688132731
0.026247721715266153	0.0556217697475078
0.026041066927046986	0.055603711647468926
0.025842863054651177	0.055680978652966451
0.025646921403410645	0.055764352663419628
0.025452183929848368	0.055789745239898304
0.025261006283726958	0.055783614951632303
0.025074169163999287	0.055766449175459636
0.02489216597557032	0.05574299426598877
0.024713819794955693	0.055709033234893436
0.024538650216742973	0.055681326557358739
0.024366059136525089	0.055656302502177804
0.024198002425357985	0.055623865527192576
0.024033661008916241	0.05557846356199915
0.023871684218102481	0.055542999028784783
0.023711018687189819	0.055504283762849708
0.023553785607149821	0.05546499607269062
0.023400269062745296	0.055436812299963049
0.0232496746614804	0.055404266643844041
0.023101586082299123	0.055355126916897153
0.022955698042761853	0.055305423866013309
0.022808092279335376	0.055248574060395295
0.022661878187926403	0.055178755961812501
0.022511116575500787	0.055036658138379692
0.022373488171129444	0.054980585863614699
0.022224638124868756	0.054765634539460539
0.022096386626424214	0.054456475536470803
0.02194034613851855	0.053936473799299833
0.021815630092315064	0.053810553107040866
0.02169818766928067	0.053884850829647606
0.021556532202357984	0.053549528427483943
0.021423669647167465	0.05322906841126606
0.021303339393785543	0.053203231601679495
0.021175587219631132	0.052960143256448274
0.021037912075698498	0.052766453655223658
0.020905716060266363	0.052615499074076096
0.02077785159033016	0.052363563969790007
0.020682658014770587	0.052233608936852777
0.020564987118843192	0.051711492107745199
0.020454635013180095	0.05152812063102663
0.020346926512323994	0.05145634688124226
0.020260161361522925	0.05138150009985562
0.020133864533417204	0.050927580192295693
0.020004889032127847	0.05058361470209282
0.019883081395204977	0.05026516176391025
0.019791107353942728	0.05041735814928007
0.019682585227641256	0.050151959281992009
0.019600842118750995	0.050729330714524297
0.019482290393086216	0.050374905202325446
0.019368786189378335	0.050413583849694146
0.019305827665448839	0.050345690818491266
0.019164322606047755	0.049839414572727919
0.019049158901109614	0.049494673004630139
0.018968628343216273	0.049853979341981068
0.018860245286072781	0.049362958056719107
0.018800192801676125	0.049338717583292925
0.018768911671748042	0.050316658853817114
0.018616810931956274	0.04900198837587956
0.018533621804218626	0.048991959985215536
0.018501126479938713	0.048915427510761125
0.018402477087260279	0.049063213114274265
0.018302188880782274	0.04899188202184309
0.018186582386682613	0.048757414227259016
0.018075978293912293	0.047312111731507345
0.0179452421976454	0.045941235460282025
0.017938646440159165	0.047138076357618248
0.017871521958346511	0.047723730559605437
0.017724944960345403	0.045833337149759248
0.017685103534609441	0.045864259753849293
0.017228594936105252	0.040255211966159693
0.017611730327754992	0.047775695781951434
0.017348663762241284	0.044059202733833645
0.017344984586914313	0.0451349192673575
0.0173758839789371	0.047177653664303411
0.017242658830191267	0.046413379229715238
0.017212698194709747	0.046339874589587771
0.0170462673334143	0.045897155887506286
0.017007151149033378	0.045785020794308462
0.016697290962509336	0.042338269267906577
0.016930384943246696	0.046147248002571493
0.016705575006530041	0.043741072251486157
0.016500510854446912	0.041168689389406675
0.016633627880216349	0.045054326723816179
0.016477874326749409	0.044002143597095894
0.016528267737897631	0.044915663311806804
0.016217913603582879	0.04233636892898443
0.016255610666070432	0.042408442696224249
0.016158043258747239	0.040691820750421236
0.016285605945535096	0.045266453785560878
0.016048248370672542	0.043149454993209199
0.016049046352093675	0.042251613478805641
0.016125080399260916	0.046692759076033458
0.015791269871206243	0.039875773855834767
0.015712781464485556	0.041068400195529021
0.015726182584082822	0.04314634195377285
0.015603668533450158	0.040339738765242161
0.015246919430671593	0.036067874756458056
0.01554420892223235	0.042563435202621958
0.01510132399665589	0.034346372015864546
0.99886784431520603	0.098180864946434104
0.70910574662795645	0.09825378404918908
0.5495723460560904	0.098357279408082296
0.44858993417321641	0.098491785251857131
0.37892823894535799	0.098656746693889186
0.32797886930841819	0.098825534364323606
0.28911512801480821	0.098836194138718747
0.25850124970295435	0.098718591073479384
0.23378283434661395	0.098369557466168128
0.21341199490927426	0.097779940698576873
0.19634561817389101	0.097048823574363841
0.18184863294815129	0.096099936609873038
0.16938146214250602	0.095074433595266614
0.15854706648367556	0.094008963311956309
0.14904305926489536	0.092922212346798067
0.14064109170660419	0.091832850821442075
0.13315911530332483	0.090735220607616296
0.12645881886335861	0.089653307953872594
0.12042221152087529	0.088574593961849829
0.11494922234331048	0.087496231676642888
0.10996477282910126	0.086463775768517506
0.10540567352463237	0.085486324887165732
0.10122123587079918	0.08454507610501992
0.097368913777122895	0.083608277242256418
0.093807089573557212	0.08270172090996783
0.090504849297784892	0.081815677660788552
0.087439448246329418	0.080961662456544084
0.0845862760320127	0.08015048044852123
0.081920630529203925	0.079376283443400933
0.079425752701521149	0.078645614356770518
0.077085685514158592	0.077952003529897396
0.07488637193671499	0.077272215933648206
0.072816057576662707	0.07661501457103978
0.070862198372317817	0.075979823145194858
0.069017583057725596	0.075353017706089556
0.067274501751437413	0.074743853152171316
0.06562217570969324	0.074145847397688133
0.064050370694123671	0.073558027420468755
0.062555889855375649	0.072983635805332708
0.061134089182952114	0.072431879946769931
0.059778332485604831	0.071890653407999397
0.058485934362136838	0.071356395915634141
0.057250904256843371	0.070838362679365094
0.056069649887885674	0.070335180690481031
0.054938674488627617	0.069842825425824359
0.053852432090314345	0.069367230869368524
0.052809649991074473	0.068905695408930212
0.051809608038606562	0.068455858344202716
0.050849418644647738	0.068024596661123649
0.049926979021433116	0.067603703916400956
0.049039782822899766	0.067184127450848619
0.048182610404497291	0.066764487728336194
0.047356951945617072	0.066355785168622131
0.046560795612589641	0.065962988653461646
0.045793543836369098	0.065572213095158274
0.045055150266293836	0.06518651886960225
0.044345417883891382	0.064810648213751085
0.043659074910349642	0.064433758322154464
0.042995526566572947	0.064055242985536942
0.042354402774332243	0.063677901657826677
0.041731986939691837	0.063308021280916685
0.041128859479943283	0.062951424229150121
0.040543979297085253	0.06260804607305602
0.039976340412731778	0.062273874097429467
0.039425895860139684	0.061948903002523113
0.038893500425077082	0.061632142277268334
0.038376691253915948	0.061324600628874855
0.037873323839756966	0.061024923799758019
0.037382875564622026	0.060719269325606923
0.036905310661829643	0.060420954575017082
0.036439387888333626	0.060121789589980247
0.035984738082363694	0.059826656088271167
0.035542347682589036	0.059539198490421316
0.035112272970439992	0.059257992609278151
0.034694715644660139	0.058984768112966587
0.034289036878201291	0.058708970269777429
0.033894533038437653	0.058440703126686901
0.033510479117368146	0.058179376809841248
0.033135064225636369	0.057910481710812568
0.032769515438518214	0.057639820765903391
0.032412970178846881	0.057360531639083889
0.032063662282189855	0.057077851136636076
0.03172183803656	0.056798703210835799
0.031388711497151361	0.05651930028730795
0.031063540895415027	0.056240194117310412
0.030746451554687061	0.05596497890306084
0.030437735181105461	0.055690849232181788
0.030135896794454765	0.055424692911339245
0.029839667008284998	0.055162300027203036
0.029547322119473009	0.05489309738007498
0.029260853536171191	0.054628004261927807
0.028981364466643015	0.054363500637145366
0.028707179988665579	0.054101105997223939
0.028437281263311302	0.053849202408947652
0.028171819283190319	0.053598673838221485
0.027911364489916102	0.053353653988154136
0.027653765868435536	0.053120169878729341
0.027399809333403261	0.05289468794758783
0.027149354908240241	0.052675343426490301
0.026902330553124278	0.052454184565906052
0.026659109742745293	0.052211813727904302
0.026420777324261357	0.052015834169401087
0.026177596037016894	0.051792954421979343
0.025949416285937162	0.051591638504272924
0.025732541648304824	0.051408595578879022
0.025529091929048328	0.051244103746486212
0.025325830712939187	0.051058856494538903
0.025123661546247782	0.050862745092700647
0.024929501540003736	0.050686457684227679
0.024739595548818584	0.050535421716325801
0.024551586789221147	0.050380711451525513
0.024363222426159042	0.050214378899616614
0.024175826301212299	0.050051384878817787
0.023989283031162358	0.049867736856169312
0.02380353199167079	0.049674121439545506
0.023622816026315621	0.049498478350301404
0.023447075730950197	0.0493415753260774
0.02327970734292507	0.049225139667625928
0.023110847148037621	0.049051287486988594
0.022938672146014787	0.048893312106524735
0.022770147109375059	0.048759369902556554
0.022612942690949801	0.048637447162522933
0.022460890963664271	0.048525864832664717
0.022310810949415099	0.048425407014408138
0.022162858950726692	0.048323293860647834
0.022013991269007917	0.048216665814768044
0.021867517275383167	0.048101036829615827
0.02172322478246283	0.047995118256347086
0.021584110412174454	0.047884256702522714
0.021458514721148347	0.047802055658370937
0.021324543288864226	0.047716836825448784
0.021186363545815112	0.047512115977718219
0.021051732853339111	0.047089884471725761
0.020914681050718305	0.046637230701091464
0.020778375154760369	0.046382855773837106
0.020650661455109173	0.046198563340697663
0.020527227622642866	0.046044377689162932
0.020412996373807935	0.045980666416484427
0.02029521156615632	0.04585777321201813
0.020174491511368492	0.045691308238836693
0.020054626027578272	0.045504869326189475
0.019937520375032193	0.045350442304208261
0.019824248195122317	0.045241552585711449
0.019706779948737225	0.045015167753145471
0.019577716078932789	0.044313907710646111
0.019454854277727911	0.043658251997277464
0.019334485625125582	0.043222764403994772
0.019223284142559166	0.043012752958778273
0.019115694448881476	0.042867908802547219
0.019004278031466777	0.042532929582787697
0.018889379309792412	0.042329534922559954
0.018782604003202055	0.042026540123794462
0.018682844977441101	0.041778147673390817
0.018633843527931085	0.042179670804669375
0.018509566653036998	0.042382297146270648
0.018419838105493566	0.042895595644951552
0.018329868796199068	0.042608922615927053
0.018215645892730302	0.041800026625125684
0.018121794299980131	0.040296009296469135
0.018029151450816565	0.041163226628088606
0.018030971487381527	0.042582997638018705
0.017824632347652844	0.040105074563208325
0.017662049465232997	0.038480007556468236
0.017643268405756019	0.039867473650653705
0.017450260283215072	0.037687110758725703
0.017496837569084506	0.038818707284345152
0.017430292289261552	0.039927783953128217
0.017423541244038547	0.039242886900159327
0.017239123408083108	0.038716399455657892
0.017091071008663535	0.037928195917948396
0.017133026822875104	0.03922822495309683
0.017032486222766784	0.038589561515935976
0.016971084056863307	0.038944789647556953
0.01681867664792978	0.038036446160147661
0.016716709130286538	0.036925009227584217
0.016747724630455239	0.038020424935900118
0.016388838706565288	0.033789637199300913
0.016608245029511713	0.039212129270951517
0.016377826789380334	0.032831533660405463
0.016347504919532633	0.03327384269867905
0.016153488522654094	0.032152987644113597
0.01603844136046223	0.034432667588726713
0.016218456236146195	0.037240488129899753
0.015861681404887796	0.031788662342490649
0.015883004179236625	0.034355205794630334
0.015840966588207151	0.033957064745123292
0.015644434957585392	0.030534861511094778
0.01599486777318234	0.036132217076865793
0.015695564258931496	0.032328767243825336
0.01560844802033424	0.031106174063952045
0.015508094010815999	0.030115908194886132
0.015266369319298305	0.028954086496284368
0.015269227606922736	0.029312221236045315
0.015323567243787348	0.032127456022981456
0.014915807982478905	0.02978459073620732
0.015252903464486021	0.033775759322388743
0.015102878695854133	0.030782928709321301
0.01521079806446292	0.033983917669403514
0.014966912070816107	0.028710747813697063
0.014850875023356394	0.030148873087663813
0.015018650816054396	0.032589312271708103
0.99914882292417706	0.10355220716653864
0.70965231615656288	0.10361198043995794
0.5502480782447785	0.10370975970683169
0.44933347410330049	0.10384603696441032
0.379706704210306	0.10402103911164658
0.32877407716991242	0.10420948455570948
0.28992523191802144	0.10426028779478383
0.2593399785203313	0.10409355062379674
0.23466065579904141	0.10367058381192422
0.2143127314673702	0.10312128272031829
0.19725284047659097	0.10243437294909399
0.18274856355544683	0.10157878570528238
0.17025701687492967	0.1006297739013436
0.15938943369958739	0.099658093589587576
0.14985290946804672	0.098621021331856171
0.14141963983422584	0.097503972310186912
0.13390981119302628	0.096344537047361345
0.12718101245200891	0.09514244246652824
0.12111339428627806	0.093944408887743858
0.11561550689216957	0.092796151798312576
0.11061190367983477	0.091698909554333255
0.10603485941897349	0.090646266569611444
0.10182911606445456	0.089643705290087944
0.09795973602162128	0.088657876925390885
0.094386418996350668	0.087704625637466671
0.091075930422978221	0.08677474097212684
0.087998983375915787	0.085887545973084192
0.085134467556709864	0.085026053424025527
0.082460567506911525	0.084193743219335926
0.079959212827596535	0.083387632670750084
0.077613491934233281	0.082600896217710523
0.075406543929340847	0.08183889981351998
0.073329855377903361	0.081099797045023805
0.071370692495375157	0.080378461364721404
0.069521165487118106	0.079668531334063111
0.067772762029684019	0.078962716445337505
0.066115061531046362	0.078282793790994537
0.064543054806055336	0.077623389387283678
0.063047557336249865	0.076982688263074958
0.061623705759668607	0.076360425238607005
0.060267863752441184	0.075751292966074774
0.05897148684568608	0.075137780021954356
0.057735719305747779	0.074537830197378599
0.056554375284304681	0.073950477821150093
0.055422559620317731	0.073375386586245414
0.054336258239407416	0.0728029562028676
0.053294151901805767	0.072245933394754283
0.052293476081763685	0.071708345967966144
0.05133148049234889	0.071186880911214723
0.050406164657381868	0.070680547400821511
0.049518504650284373	0.070188517279070495
0.048666416351431041	0.06971107240902058
0.047841408807167127	0.069230393958729569
0.047045469541230171	0.068749846465835152
0.046276935961656419	0.068279925117377654
0.045534009882905881	0.067817716277576642
0.044813671854565973	0.067361347944396785
0.044116187601482663	0.066910559754928475
0.04344121172660604	0.066474095099204045
0.042788865982697856	0.066049744563628679
0.042156422461847795	0.06563595141498979
0.04154043070232967	0.065223849542899434
0.040943034377583856	0.064824025789120221
0.040362875571471703	0.064430910786500109
0.03979774153118406	0.064042760862705272
0.039249950032009366	0.063661364800002562
0.038722282645480714	0.063289469215410829
0.03821047322558524	0.062929654887246153
0.037714072934256375	0.062578758826985409
0.037231568211363822	0.062234723815930065
0.036763572714530041	0.061896136201074196
0.036308586584337277	0.061567951199236935
0.03586453500138221	0.061243239953491228
0.035431780502559275	0.060923814429873484
0.035010250999354578	0.060611506822274695
0.034599149213997253	0.060307643604855472
0.034197202874592013	0.060003119168328088
0.033804774573747358	0.059699820611294308
0.033420385088912728	0.059389411245617946
0.033043667667878855	0.05907282244802721
0.032674452765662852	0.058754373683651787
0.032312495830485573	0.058435532011559654
0.031958149717339054	0.0581185687554698
0.031612119744516817	0.057803648383787785
0.031274566559728462	0.057490095373533251
0.030944083674546506	0.057179795260784164
0.030620455648341167	0.056872786229106582
0.030304180851267241	0.056568983548353123
0.029994507366439809	0.056268014253855511
0.029691051512522191	0.055965939811060329
0.02939367054321218	0.055667165625167124
0.029102333410638479	0.055373629798865669
0.028816948736228441	0.055083567016737112
0.028537164311828525	0.054796403247524578
0.028262322861428522	0.054512360005807718
0.02799251775761535	0.05422924838303228
0.027729246721686442	0.053953340905317636
0.027473393913997887	0.053678411331599042
0.027224590361387867	0.053394874621990863
0.026980941463728713	0.053083204503918874
0.026741059490715372	0.052733998875877146
0.026505167276875911	0.052424422845882855
0.0262790411385414	0.052181682738888638
0.026053015545519927	0.051919360333549769
0.025824159249772091	0.051571153594792342
0.025578561444849612	0.051457512773416439
0.025365961336851484	0.051449717327980919
0.02515772881472483	0.05139954091381474
0.024945203523775588	0.052957917402413991
0.024748759423527104	0.053034892036019264
0.024552907198546536	0.053084926955498275
0.024362373031368564	0.053106894407811543
0.024176164386116483	0.053115791763434943
0.023992972960555293	0.053115162414364002
0.023813296638656382	0.05310544349624774
0.02363808027261232	0.053102035439090187
0.023472816423199361	0.053108019490619759
0.023309136068133372	0.053075787161203015
0.023145041432684501	0.053029549309537891
0.02298270443968161	0.052984628630389947
0.022822643964861229	0.052945268029397065
0.022664354569632464	0.052907322966214129
0.022508023082891057	0.052872414602032618
0.022353523519772794	0.052826751347824386
0.022201922499810869	0.052772270195807831
0.02205381782306998	0.052716723385351771
0.021908594990588285	0.052660158322981557
0.021765638143154922	0.052598839850226606
0.021625266794464131	0.052535959223633022
0.021487317166637866	0.052477678570759925
0.021351625757857949	0.052421285172145983
0.02121887744323803	0.052378039931286743
0.021088979849088623	0.052324400101346695
0.020963563847327369	0.052264958268047175
0.020839349000232241	0.052182670867599069
0.020715166743108412	0.052096388858814575
0.020592779901787948	0.052040853552564263
0.020471739429567974	0.051997548027649131
0.020352415801243966	0.051954832799410655
0.020235268814826454	0.051924379173223713
0.020120194147654195	0.051895085591991297
0.020006001329362939	0.051837367868389418
0.01989398339042903	0.051829409407215692
0.019783406874115499	0.051798218465074243
0.019673809461220527	0.051745796434149026
0.019564770097120623	0.051683428457119922
0.019456509979492581	0.051606262049914121
0.019349459900904871	0.051526914240130062
0.019243798305214638	0.051450330315233141
0.019139653422440381	0.051378612651585658
0.019037205343304008	0.051323202270753737
0.0189356125161954	0.05126340315071113
0.018834306625212467	0.051189023566546366
0.018733190473733678	0.051102551248522768
0.01863265695512669	0.05100800270520725
0.018533093169202729	0.050906003018436639
0.018434221330266128	0.050789130966699715
0.018335130829585326	0.050662923313493896
0.018239799854515473	0.050331528110225184
0.01814452939668959	0.050206309164336028
0.018050613966150274	0.049997549132403001
0.01795849324321222	0.049765987450323686
0.017874170896474348	0.049340639446546181
0.017778826409587289	0.048869624228606225
0.017633197611311775	0.043251249629280036
0.01760217468389725	0.048213803188302887
0.017513294904210993	0.047016948213870965
0.017429816825056302	0.046973652063041937
0.017347886929303818	0.04728052749794865
0.01724767206456846	0.045195135634145858
0.017171219133893297	0.046045468406087517
0.017082007964728224	0.045625011379578022
0.01701791061467613	0.044398714389764102
0.016849608758607439	0.03954101905679186
0.016839772384805999	0.043899302721492436
0.016742686643723834	0.037645087493436966
0.016643089129008953	0.043648350872960789
0.016614032836889833	0.044149895428085721
0.016553443327779589	0.044665204566670641
0.016436870343506372	0.041434986104325854
0.016299000709073915	0.044862523282386185
0.016324633234357223	0.043242691270512411
0.016232816916233267	0.042108413276983725
0.016145180734862846	0.041900387156965382
0.016061646695192805	0.038719002402358718
0.016013921078826369	0.04254006088020993
0.015912059333744209	0.04275818636066013
0.015812349309159084	0.040156251748131214
0.015770651914009448	0.04070683424637745
0.015739785126307599	0.040985815570991964
0.01576908610157134	0.042694994832468053
0.015535614432201738	0.039259404387616673
0.015516958719497225	0.039296141958493042
0.015393953035340569	0.03927530915785743
0.015374320586491474	0.039339287947601692
0.015318802382407813	0.038427101020063907
0.015218518566150512	0.039630794756803575
0.015208795861827233	0.039180961411471177
0.015130632685273983	0.039368515587596721
0.015047782942645792	0.038215820876416881
0.015019670486904944	0.038644809167922227
1.0026833192339544	0.096076131002631626
0.71192481228977222	0.09611534510062443
0.55182868232262772	0.096187020947331031
0.45047858995905693	0.096291135492739377
0.38055348634130259	0.096427593656106619
0.32940132655136883	0.096586105740763595
0.29036535307643485	0.096703195201292544
0.25961615427199947	0.096650020046161897
0.23479188860693681	0.096362748105987273
0.2143277519395092	0.095920956146247197
0.1971702164818219	0.095319292323342464
0.18258396754065345	0.094537312236736157
0.17003481876388044	0.093710099091815463
0.15912362072626329	0.092800444730735454
0.14956202248869663	0.091774487785824227
0.14110449531667565	0.090756963364650792
0.13356991360354273	0.089733867748598595
0.12681574652580224	0.08871070135084505
0.12072308626788929	0.08769979929160486
0.11520428298376981	0.086659749147651163
0.11018079586285572	0.08562003427452769
0.10558847588040619	0.084595907164469436
0.10137271388995849	0.08360756648683304
0.097493458378174469	0.082622182293323201
0.093909381644907419	0.081659303837286062
0.090590600675722721	0.080708984164952619
0.087508211852731679	0.079774593308380951
0.084640482286750598	0.078863688443504915
0.081965271946205009	0.077986934393205906
0.079461700507866745	0.07713674368113306
0.077116153732502843	0.07631295876239419
0.074912197646272938	0.075506365673198073
0.072834055398090264	0.074735925326487859
0.070870978384732858	0.073994221852827405
0.069013711249870227	0.07328902834104728
0.067254321345805779	0.072610477502209461
0.065585654542502939	0.071948685623170652
0.063999430213968561	0.071307827791858444
0.062491272259383439	0.070691831264279428
0.061057494383675491	0.070103226345124434
0.059694283217675399	0.069532885174528283
0.058393220791790421	0.068984554080187582
0.057149495486181479	0.068455918246967812
0.055959156021449671	0.067940303325975282
0.054819564364006181	0.067439567387708024
0.05373012315100844	0.066954435729144765
0.052685251676807258	0.066489479728080544
0.05168430726928197	0.066035612435055943
0.050724810615082987	0.065597873614303609
0.049802844677155123	0.065179474806160723
0.048915725800231173	0.064775397794850628
0.048064762717416006	0.064389890979467845
0.04724609359946217	0.0640113852360433
0.046456397081126345	0.063641263234893289
0.045696473174020834	0.063280737014631216
0.044964563911617447	0.062920211438913354
0.044257907601261151	0.062566717018828544
0.043573143246599944	0.062219807536185355
0.042911861993913898	0.061876866602521841
0.042272388991995369	0.061526984219964692
0.041653978483729925	0.061172730345185777
0.041056173569582285	0.060823299897572798
0.040478583741110456	0.060473256277288751
0.039920034674300109	0.060121608528206513
0.039378664231408948	0.059771164508269858
0.038852739098094863	0.059427835807477528
0.038341541089858613	0.059090243051113399
0.037843905090671974	0.058761839369727023
0.037358901770944627	0.058439392375337573
0.036886689427434741	0.058122506985840261
0.036425753200025286	0.057808055059957841
0.035977190002079197	0.057497650014847204
0.035539972736853248	0.057194069877473164
0.035114756259321846	0.056889022345486165
0.034700597758314911	0.056587745342277028
0.034296259892375877	0.056291235127266977
0.033900865182107928	0.055991324053699422
0.033514962041131163	0.055689425009762268
0.033139637637088305	0.055391339163195656
0.032773949132711297	0.055101216351386317
0.032416556684649961	0.05481293467232249
0.032067524997339454	0.054528638102836424
0.0317270469440133	0.054250928377391767
0.03139377180511168	0.05397149107799433
0.031067586096165934	0.05368961449671724
0.03074776443401837	0.053406400033541752
0.030434635305898218	0.053124711883944548
0.030127950467065255	0.052842161410038134
0.029828422562543963	0.052566105195144895
0.029536385107590164	0.052300447378287936
0.029250030512905648	0.052040545483887264
0.028969369158582517	0.051790362276770127
0.028694485402829671	0.051545125157633154
0.028424908027129759	0.051299936857720552
0.028160423583599957	0.051056511115139452
0.027901087465395293	0.050815978474320976
0.027646956394867063	0.050580702869949409
0.027398109599254952	0.050352366808989017
0.027154454115795069	0.050129614149299721
0.026916210596725706	0.049910562716923262
0.026682671631765287	0.049691311753535861
0.026452523381820258	0.049464837702915411
0.026226991248471207	0.049237816563534341
0.026006000248811091	0.049024088138976053
0.025791814961901246	0.048809798988444099
0.025590736079220897	0.048543675007943335
0.025383045814351867	0.048071040334490535
0.025166507897772639	0.047672851731543162
0.02495971025137959	0.047377681948006296
0.02475846408747305	0.047147072066226758
0.024558354032085412	0.046838815411213812
0.024359230797335988	0.046502136708025429
0.024164264099300829	0.046235704123083539
0.02397351912188413	0.045996997242366833
0.023788282477707381	0.045747580396087159
0.023604391944418757	0.045645514470454951
0.023425571238978107	0.045359498829303013
0.02324282018541967	0.044898724083779325
0.023067437725860309	0.044499565041822203
0.022898593402443906	0.044257705800358781
0.022729071743352244	0.043974666806742509
0.022560694920680868	0.043713836368365837
0.022397941011566502	0.043475321548790351
0.022242979423732091	0.043218065311066658
0.02208991420558349	0.04295232391012975
0.0219415834065191	0.042662345652820684
0.021790753413278664	0.042293009876089013
0.021642481445640908	0.042055561389342924
0.021494304112617775	0.041722756252467644
0.021348045499875588	0.041549353747039747
0.021200926398973918	0.041333820947934634
0.021039330788901894	0.041072355431061885
0.020879788532170859	0.040526369814539942
0.020750497604581961	0.040540928271242734
0.020636208671701715	0.040291831725501923
0.020468266340755499	0.040311403993945866
0.020370704187878532	0.039681162556206649
0.020237656101895537	0.039187015456386295
0.020081930700942094	0.039300722178973298
0.019942138137232494	0.038728783656879213
0.019816839251180017	0.038766721636232924
0.01969966105521366	0.038525872526408489
0.019604623161094351	0.03808006034278813
0.0194334333584908	0.037935145826148861
0.01931459083075359	0.037375108019270756
0.019240799642327378	0.0378414970690958
0.019098311809978456	0.037293364737358441
0.018965381736078812	0.036374924324899943
0.01889062032822738	0.03604610030493282
0.018757766550833589	0.037148489770323229
0.018720001860467364	0.034810320216055582
0.018540548465007922	0.037235876577344999
0.018445990048239529	0.035373669698490415
0.018301855779635723	0.036629567519257895
0.018240582175780951	0.034577525286521762
0.018060351013841305	0.034329544660537142
0.017951595979615941	0.034424316513944307
0.01798587500676949	0.035973847842786608
0.017866264133087666	0.034035659554678001
0.01767676566455639	0.035827669556304627
0.017669888450879908	0.035977439721915701
0.017522762933984092	0.0366777334823844
0.017456995608820403	0.032716077556409769
0.017355126387345415	0.036191243489963665
0.017318161586277057	0.033613293572598173
0.017240258176206127	0.034772325895826114
0.017003175592094206	0.032001037537039298
0.017013685607852422	0.032737631010181546
0.016915934214995286	0.033489873356732834
0.016842117794300483	0.031423624259231953
0.016679162555257896	0.031958053510642279
0.016737199488110307	0.030695815302690575
0.016545908301519668	0.033063353075365398
0.016467723522298208	0.032760821536181033
0.016370781116637253	0.031541375532997254
0.016293931882162192	0.033747360320207434
0.016334532770817291	0.032560865396595522
0.016232831314150643	0.02966959271202824
0.016112867056419632	0.031299924636837166
0.016049953081816195	0.035757774668241274
0.015914545087204517	0.031156615492242631
0.015845548265643924	0.031510576284736906
0.01583607906780864	0.035769547665651436
0.015752718894456442	0.030259147791555505
0.015791547882216664	0.030031375647282487
0.01566662242665301	0.033694373829876306
0.01550971408836856	0.029014118492240913
0.015554827683653089	0.030078903148894661
0.015355072277756595	0.035245099466536249
0.015346597787390434	0.0293445873301472
0.015366116176921629	0.029891675866971942
0.015153606016088563	0.028859429610978621
0.01521320805410121	0.027746030820475123
0.015127205752088171	0.028027134511730119
0.015117906073350123	0.027770368510898497
0.014968756578609878	0.032595411477340894
0.014852624484317367	0.028076889950279904
0.014799898533407565	0.029575301815367223
0.01477007605899771	0.027133856906837728
0.014882525958745401	0.029148741026264042
0.014527192548543727	0.028023249566354106
0.99951575674291282	0.099817803574106204
0.70961312160042511	0.099807848041253283
0.54999382057673163	0.099827992840242422
0.44894983569392632	0.099877990262847799
0.37923926509999595	0.099957652760693877
0.32824648527530709	0.10006055443030154
0.28933196773837544	0.10014811677448197
0.25867632838964172	0.10010572360720278
0.23392698854329741	0.099822292307451793
0.21354515457174902	0.099320117075766115
0.19648182746996051	0.09861911581774932
0.18199062466817439	0.097773720998011238
0.16953512282540839	0.09680754206119932
0.15872150486946712	0.095727695396848889
0.14923456610136937	0.094614417348342736
0.14083525953692783	0.093493218251203117
0.13335213361450418	0.092390673260745321
0.12664664078338053	0.09130525199495941
0.12059847694154696	0.0902503609996608
0.1151133769955094	0.089231455914995386
0.11012007801094953	0.088207467779496576
0.10555244504415016	0.087209429183872395
0.10135818817264097	0.086244853277986117
0.097494136661534267	0.085289701922336536
0.093922604846242139	0.084364436199154097
0.09061267683275892	0.083468143514624213
0.087536739765457464	0.082596003520552824
0.084668923257460837	0.081745254315983645
0.081988792433589738	0.080930418099122228
0.079481137717245812	0.080113578447456396
0.077129334094708915	0.079316075994479679
0.074920316707670506	0.078507041794129998
0.072843268278719453	0.077715590466858317
0.070886805555819735	0.076937410869831718
0.069037780632453694	0.076179101361043028
0.067285371115507767	0.07543267142222923
0.06562445837161994	0.074697652695628614
0.064046399736829782	0.073984643637281661
0.062544941787610733	0.073290446771109755
0.061115460190927763	0.07260606982622278
0.059754094041664131	0.071933996723027124
0.058456692918078743	0.071271865310189281
0.057217086568362975	0.070621387491040938
0.056031378434463722	0.069978695909717267
0.054897726822935741	0.069353102823828741
0.053813566302163163	0.068745528152694885
0.052772913246450184	0.068151133301835962
0.051773207922635081	0.067573265088841691
0.050812722983510916	0.067011086894148336
0.049891174922119419	0.066460361097966228
0.049006924095680984	0.065923216686771147
0.048157333515251623	0.06540312214801533
0.047340638823209491	0.064902180104024917
0.046554554000442255	0.064418270607329076
0.045795731983373042	0.063946483737592263
0.045062345528046735	0.063486630731998839
0.04435568041332047	0.063036901141301463
0.04367393162458201	0.062600206083359089
0.043016399044206712	0.062171598993600627
0.042380838510370569	0.061759994645062689
0.041765689715097809	0.061361638725953405
0.041170484117475807	0.060979330402753149
0.040593975229654369	0.060617438107363163
0.040034550203302405	0.060272153435472361
0.039491599866025295	0.059924946510931651
0.038964382481068927	0.059578685685010901
0.038451934710828195	0.059242207359525512
0.037953299097550235	0.058912894085788842
0.037467635564082141	0.058586122361221543
0.036995874882295318	0.058265312745102542
0.03653703720490116	0.057950002849910032
0.036091070302341509	0.05763884771231706
0.035656374095033312	0.057323476321443093
0.035231806903747553	0.057004916926667239
0.034818247792082903	0.056694587551535301
0.034414348189892641	0.056389153028564093
0.034020413415554118	0.056090813631210046
0.033636069078386857	0.055802473509102987
0.033261485836484354	0.055519638281582184
0.032894969064392876	0.055232835982482659
0.032537553010487101	0.054947634350267616
0.032189087172041275	0.054667390080755246
0.031849829609246372	0.054398152808681786
0.031519180679248096	0.054149869477857618
0.031196684345867656	0.053915460245385245
0.030881959678591222	0.053688077386133452
0.030573768950067935	0.053464623467026462
0.03027214636139192	0.053249367667056478
0.029975932642933807	0.053033878142799563
0.029684847859097242	0.052823449502746929
0.029399293688167967	0.052619085415183758
0.029119845163125959	0.052417645348491318
0.028846296026241253	0.052211438470714695
0.02857896568669812	0.052002889952734353
0.028317285434580536	0.051792671524280388
0.02806060397112134	0.051573749496623265
0.027809362404376581	0.051349829170054824
0.027564206803616167	0.051123997498215265
0.027323000390229914	0.050898510589396741
0.02708463814257845	0.050665695848160455
0.026849924879717654	0.050427656577286609
0.026619054669313795	0.050186618204873183
0.026391743120823846	0.049952895968857033
0.026169477656883006	0.04973276741878882
0.025952172099455766	0.049523502318034811
0.025740111589134855	0.049324781137180494
0.025534110930695963	0.049138458143539537
0.02533307387219522	0.048963161781561071
0.025132795586571596	0.048769445987155574
0.024932730223250522	0.048554017383284381
0.02473456152622746	0.048328132986325156
0.024539914129770659	0.048105001007161426
0.024349561224123534	0.047888788785147213
0.024163933496177081	0.047674629075937246
0.023982060608294005	0.047460871624605522
0.023804053348703984	0.04724977420587851
0.023629388506459306	0.047027302671315052
0.023459687590582316	0.046817215249867185
0.02329139874506754	0.046610667858284265
0.023111382521531183	0.046304384575835619
0.022937026478123582	0.046054850788617971
0.022774196587875183	0.045873028796554333
0.022616807353858626	0.045716728496021548
0.022463751171804155	0.045571440788258359
0.022311879153218802	0.045404444535020037
0.022164768810757858	0.04526715946980063
0.022017144680796241	0.04512145090318425
0.02187207214234339	0.044975848255978224
0.021719243323818062	0.044734068947251425
0.021567232962900824	0.044457360393813997
0.0214316286513902	0.044349117688777834
0.021267616275270407	0.043947553891819487
0.021120928944534888	0.043623130411389974
0.020965845066096157	0.043310862944703848
0.020839526281218865	0.043218342356293467
0.020718476432498575	0.043195340771970209
0.020599556356560016	0.043019523880130535
0.020454353857304129	0.042732494118063763
0.020320510287781552	0.042429981568690732
0.020195007783957965	0.04225676210081375
0.020080007555036996	0.041999454672427501
0.019972470287603919	0.042141649739981857
0.019852359423765085	0.042143256244286623
0.019721977226460748	0.041912775871330979
0.019590132159703101	0.041513036660250767
0.019495414560329861	0.041533716356393656
0.019381518905451613	0.040955352777072067
0.019251500412893457	0.040742079322503129
0.01917786252882648	0.040743309527801946
0.019109294956272983	0.04118520658882923
0.018902177385285802	0.040032980586272721
0.01892717914712003	0.041153577943878666
0.018844110471267817	0.041517912859108795
0.018690398942588823	0.04046131414032577
0.018578830118327359	0.040291771666911828
0.018397606650580895	0.039601658766233928
0.018327233907342373	0.039316625626597587
0.018271442721492621	0.039337878227157848
0.018093767918162106	0.039267023026778244
0.017978750101279084	0.038006871711217798
0.018005609233686853	0.03925370644378922
0.017730509954232084	0.038132460108361778
0.017746194367536442	0.038122742056304088
0.017663230883047266	0.038273390237536065
0.017580031230040809	0.037955095729919522
0.017489811715249638	0.038026919033602558
0.017343644525162953	0.037699623881812333
0.017271685124365475	0.037127773853102009
0.017206506507991784	0.037684124575901132
0.017115414657094954	0.037556423595695533
0.017026913030301436	0.037155015569993483
0.016984237652682036	0.0378722499910423
0.016887073803442079	0.037114986513007507
0.016668361586895622	0.036083784665690011
0.016699395591238238	0.037063121956847536
0.016555569362434991	0.035376763463543924
0.016531895830368213	0.036896462271348802
0.016412589309327635	0.035601342089601105
0.016400524073739139	0.037189165521644751
0.016346946418873208	0.035884588142973739
0.016211170450506768	0.035023991887593441
0.016127115483085937	0.035681467572684776
0.016011256769381768	0.035216875448158547
0.015907997720364522	0.033428206350208066
0.015926068865122673	0.034480881354344281
0.015676680026241389	0.033920917088172735
0.015604648478696116	0.031607028994278988
0.015573237016338141	0.033099766968881984
0.015508215770791119	0.034331773992174623
0.015550705470067403	0.03480448697855705
0.01526327472206772	0.031051863143392606
0.015437742798801985	0.033820966759489826
0.015204332220409516	0.032571696376387203
0.015191867408183509	0.032158788977944372
0.015163833277979339	0.03211349200305641
0.015015940155080088	0.030802591479653221
0.014981542047563195	0.031558599397149598
0.015025332316043204	0.032962876682719307
0.014867764893355154	0.032195365265106052
0.01481256939584971	0.031381170917153894
0.014797830627620957	0.033802548432097776
0.99434772824524387	0.10325060697565751
0.70632536261861634	0.10330702017551094
0.54774125977404675	0.1034012372515303
0.44735278556408187	0.10353308683734549
0.37809598240884756	0.10368614653337835
0.32744317299617864	0.1037326374790825
0.28879206203001956	0.10371950389170448
0.25835021580890916	0.10348373478915171
0.23377341064998158	0.10300546096237322
0.21351729594800758	0.10237593237317602
0.19653695085595613	0.1015945562982128
0.18210005811497104	0.10065744654784939
0.16967670227240239	0.099652429595452341
0.15887913024405878	0.098529981950267354
0.14941491050145259	0.097335568679644824
0.14104675375161524	0.096113064744009741
0.13358127359466271	0.094857401658501414
0.12688477789164629	0.093600930406260413
0.12085056341966996	0.09236939513806991
0.11538841394546089	0.091162341007802808
0.11041663590176698	0.090013005693446377
0.10587771137906521	0.088907609595674522
0.10171050658048071	0.087868904593014871
0.097871402359742093	0.086863417986167146
0.094325676906444125	0.08589073724665694
0.091041062414319696	0.084954860196704438
0.087988724728390824	0.084061529302409621
0.085142075358461508	0.083204297789667758
0.082480007777524941	0.082361840396156197
0.079984019618390495	0.081539415547388125
0.077641836928199329	0.080753892223700871
0.0754393154127138	0.080004660902088118
0.073367436647265596	0.079272507450010521
0.071412227811516765	0.078557230390176397
0.069563443227387708	0.077865134782370407
0.067813711894969597	0.077191542161164362
0.06615059818537769	0.076528144477352358
0.064570573877618803	0.075872763255554407
0.063066557170034288	0.075249599301347836
0.061632923535576312	0.074642087769165658
0.060265868828032823	0.074059529209216601
0.058961835554662105	0.073498535149458769
0.057716783390605784	0.072953677230090094
0.05652529699314874	0.072425386328669822
0.055383495780539915	0.071898684911252522
0.054289809464839765	0.071383142119092274
0.053240647811645538	0.070879976066399619
0.05223091676628052	0.070374696187219796
0.05126245552018048	0.069873669308898045
0.050333543727587637	0.069382737861969537
0.049438224025245586	0.068901261927165294
0.048576075891752238	0.068431028054866533
0.047744775838728271	0.067962221526665645
0.046943269396176747	0.067502511888314354
0.046169902635217384	0.067055044875278899
0.04542320198564951	0.066622131446032198
0.044702045000888375	0.066197186521155776
0.044006929125041956	0.065790458708391078
0.043336108217154737	0.065396198891989457
0.042686504024802813	0.065006911689756655
0.042057129719612896	0.064629827410582832
0.041447434303166955	0.064259787732721771
0.040856919521291842	0.06389954998892905
0.040284775087595238	0.063551710479876816
0.039729801888360561	0.063210976017844894
0.039191150674285906	0.062872577446364972
0.038665835297456819	0.062531666836396049
0.038156188288833388	0.062196557266833201
0.037661259735866669	0.061864602169812676
0.037180226908080753	0.061534377910323117
0.036710874480654715	0.061211919651533872
0.03625347799891368	0.060888068813363339
0.035809172352311028	0.060570284265714126
0.035376202215206896	0.060253956270502777
0.034954591075594406	0.05994462398634845
0.034543766730213997	0.0596413998616434
0.034144191363378512	0.059343554253309012
0.033754553469588292	0.059051535300348755
0.03337490292696977	0.058768746185003162
0.033005024131320927	0.058486838090702292
0.032644377709857841	0.058200735979201258
0.032292078826175449	0.057917238553808363
0.031947777356384488	0.057636596855511778
0.031610788457121917	0.057361103845957405
0.031281577895964668	0.05709420286679584
0.030960252230412311	0.056829137270114481
0.030646670571229825	0.056568064074680076
0.030339641598036836	0.056308690482294046
0.030038216753547033	0.056049357910521069
0.029742319133484053	0.055789791226187845
0.029453734678933433	0.055533512739633861
0.029171514201252285	0.055282665219077418
0.028895518507749986	0.055038188844626669
0.028626407326764549	0.054799433280066166
0.028362219699798828	0.054560712652347867
0.028102716492043107	0.054325624981721624
0.027847597241699312	0.054094463240769386
0.027597087702270335	0.053866037448697564
0.027351455930094207	0.053641914406363032
0.027111239053810167	0.053422724869436153
0.02687602673956644	0.053209479419553285
0.026646009265138864	0.053001731445603516
0.026421718961900459	0.052798610142243615
0.026202639850549582	0.052598927924371534
0.025988108323030397	0.052402157429523283
0.025777748506259392	0.052208430717301656
0.025573336857283458	0.05202598996745747
0.025373777952273979	0.051850135580845932
0.025177529201278866	0.051674979190941779
0.024985221480687339	0.051515444204887108
0.024796572020547972	0.051354912266185576
0.02461000905029883	0.051187376964079101
0.024422691951945213	0.051013593022378498
0.024241873408989371	0.050852255284752311
0.024064710663281013	0.050690617324289686
0.023889491792294257	0.050523474901649358
0.023716295563563347	0.050353301800818866
0.023545410977096469	0.050182330451159073
0.023377881929658832	0.05001654215784427
0.023216465763469515	0.049864244185381275
0.023061322626450952	0.049688844907818927
0.022909817842170048	0.049504585950631064
0.02274521721490956	0.049267763397385755
0.022589874880545757	0.049087647081299167
0.022453100476953765	0.048777151253243355
0.022310199567480857	0.0483828776799008
0.022154396677092177	0.048421952516274534
0.022009251142411104	0.047949503939781611
0.021884716184960764	0.047849302444790479
0.021733717255041092	0.047565956190058684
0.021592958017550408	0.04732646171641057
0.021465706251637393	0.047162854759047051
0.021312247572550076	0.046912640459062523
0.021177421359995008	0.046687666599966648
0.021040284303090743	0.046369783281137611
0.020906113972945291	0.046235288053158782
0.020774730317233946	0.046208611645373786
0.020646711160132541	0.045902850703624744
0.020509785787554465	0.045472282307638209
0.020379722701199372	0.045221283383115943
0.020260634799213886	0.045191436431872893
0.020149369363222997	0.045028796146763653
0.020033821394853261	0.044986813230922393
0.019908425341276355	0.044856485989638373
0.019790993801062237	0.044476751024450978
0.019669168299181257	0.044411692475859951
0.019544496969370904	0.043542044683924253
0.01946042923199701	0.043679975495158584
0.019319166353709571	0.043531246234805976
0.019234318422477314	0.043355607452261108
0.0191121102799767	0.043329547346629388
0.01900107653984235	0.0429814442715915
0.018928588941156968	0.04306557841553748
0.018787830203860757	0.042748116597667127
0.018748241380113634	0.04296109292462278
0.018633805208339922	0.0427017251642689
0.018528497034459364	0.041708392684817977
0.018462697224618602	0.042185583290438221
0.018292398781880478	0.041629066308594642
0.018278067042765373	0.041748696067270559
0.018152883106460484	0.041429787977072585
0.018041807806908436	0.041416461536058609
0.018006933808613328	0.040502674975497609
0.017891895147107633	0.039852621194014948
0.017793254212706378	0.040067948201979509
0.017725357478913142	0.040522607268001797
0.017603519556913312	0.040311595208660199
0.017557569777578816	0.040243509734817079
0.017492301377028112	0.039495764770576015
0.017368410159710145	0.039518416594691005
0.017302443068697101	0.03952863116737889
0.017150020980394507	0.039245081949184156
0.017146964254422851	0.038809031579593034
0.017042159450376838	0.039001025060922685
0.017026199363117119	0.038947642211069715
0.016950923913039741	0.038517065898933778
0.016760719060842335	0.038361339486944278
0.016694328815470855	0.038265808065274062
0.016737123461093892	0.03816102658645458
0.016667828182094176	0.038856349368400246
0.016663841123107981	0.039094476461277179
0.016572259696187603	0.03790844473975092
0.01636611134160704	0.038227068920462064
0.016312550088499075	0.037510477934940431
0.016249434126112398	0.036809938234029081
0.016089934431573971	0.035474603357679588
0.016160687229258702	0.03796208056682919
0.016102874962305769	0.037442649893480007
0.015958494888281965	0.035753888382269901
0.016079095372355447	0.037799186681413743
0.015714094102938048	0.036040874699379562
0.015217003403322346	0.050387193002188149
0.015647934476166591	0.035988519796098559
0.015684802240425139	0.036807978741245598
0.015616204483394789	0.037129033057042862
0.015614828561667158	0.037270755657533426
0.014886149152563371	0.0483871555162943
0.015335660539596126	0.03469119149040064
0.015261555107353181	0.035048048345062303
0.015298272293359836	0.034146473177053736
0.015221176397238072	0.035321958626404013
0.99787759717049473	0.10054632084032082
0.70869624623496752	0.10064402654677872
0.54947488936803979	0.10077483676419935
0.44868349920075146	0.10093867973159207
0.37914783155858423	0.10113544190574536
0.32828522278553307	0.10134832744080698
0.28948159526146172	0.10147381828926909
0.25892830674128098	0.10136508699602992
0.23425236870942795	0.10108553568481993
0.21393054867189359	0.10049148290109647
0.19690886226942575	0.099718782443915382
0.1824466965758936	0.098883574227446494
0.1700039283488845	0.098013358279841215
0.15919232178201034	0.09707263361860316
0.14971243106696072	0.096075401942770339
0.14133693556839805	0.095003580473969271
0.13387941682539509	0.093931024810557998
0.1272019271623217	0.092830685134552796
0.1211814298027933	0.091741199692942449
0.11572227773004061	0.09071181233058484
0.11074972813891754	0.089732279464293685
0.1062018027069921	0.088768931716175906
0.1020265981242114	0.087832523040134697
0.098182332334813077	0.086911408714527516
0.094628325842711469	0.08600541662402876
0.091335563036836112	0.085125221485472954
0.088278228719797111	0.084270717724088853
0.085428984126878299	0.083449601410000282
0.082765398831511711	0.082653500069172117
0.080267377334047721	0.081879748391417345
0.077923538990370175	0.081130457048343069
0.075719001022131138	0.080407430712833489
0.073641919192129021	0.079701007534096563
0.071684419581891201	0.079001638309931982
0.06983231420279748	0.078324382491095842
0.068080266665081587	0.077653839069595429
0.066417683681394751	0.076998703874248592
0.064836752826407787	0.076359669615741962
0.063335007037318244	0.075737321198714555
0.061906464620871557	0.075128168265249803
0.060545544709265119	0.074532600361315149
0.059247257843616154	0.07394403965957165
0.058006657570752733	0.073378773041427828
0.056820884265262279	0.072838110071777609
0.055686933202157431	0.072321272749271109
0.054600835522045768	0.071823813415787113
0.053557621687655439	0.071344106061073928
0.052555167521056059	0.070880719064634057
0.051592994553282527	0.070421942771247997
0.05066857567400835	0.069974033128690855
0.049777491907823879	0.069537875254906928
0.048918255503697446	0.069104366517184712
0.048088945666617484	0.068682115888964348
0.047289309478384417	0.068269129970821463
0.046517952474835304	0.067861510102992559
0.045771432730944951	0.067453219014316557
0.045048595948627597	0.067051360192126
0.044348063162048264	0.066657781846790706
0.043669154589143354	0.066276576942261176
0.043013025458310511	0.065904225626348234
0.042377370868120066	0.065535765172911917
0.041761580475451893	0.065174892634930898
0.04116712336666551	0.064815456821339684
0.040590490315998352	0.064451362765274911
0.040029968755514803	0.064087646132219844
0.039485946721646001	0.063724806607757048
0.038957371600534092	0.063367715939653138
0.038443335777952614	0.063008728355517254
0.037943883380944815	0.062652401226918092
0.037457088420647419	0.062303591714431485
0.036982705408840341	0.061962224547819023
0.036520545905389966	0.061629357083304824
0.036070211314341176	0.061302757090178177
0.035633082164116689	0.060985257152317215
0.03520791440884178	0.060679722969803132
0.034792329182977061	0.060381646226257975
0.034386827164030354	0.060087682713939619
0.033991780971264415	0.059797635112004519
0.033605297162031124	0.059510967939095952
0.033226948489275265	0.059225934982383585
0.032857519862295605	0.058944379231675906
0.032498004391955271	0.058668454846906519
0.032146547915182594	0.058396335265110635
0.031802887243686663	0.058126540125932651
0.031467200736471836	0.057861201456873394
0.031140941308677051	0.057597932440448099
0.030821809300362459	0.05733073388753613
0.030509551333304453	0.057062128776468837
0.030204000360637154	0.05678884549108329
0.029905905838785277	0.056525782101187062
0.029614457798675668	0.05627141630264372
0.029328903258594764	0.056018971312842454
0.029048796132421742	0.055770111363343221
0.028794500253920427	0.057663939691804764
0.028523616578845851	0.057548192731459759
0.028257566452078768	0.057403575475945039
0.02799662891982347	0.057247646074699864
0.027740792499719519	0.057088204426623532
0.027489340515549878	0.056923520032626442
0.027243148235096853	0.056752917894286006
0.027003242300078917	0.056576430481242154
0.026768538019626305	0.056406175775427371
0.026536829974384564	0.05623421677192024
0.026311318808762731	0.056049235924449943
0.026089602654424608	0.055858295467006595
0.025871285282232995	0.055666519572115908
0.025656777759054762	0.055471460168512572
0.025444749742440168	0.05527350385433176
0.025236476363271265	0.05508169907065532
0.02503240835820621	0.054889023618931464
0.024832782611026255	0.054692808999288745
0.024636688154134164	0.054495803464532186
0.024444759390868997	0.054298135737308427
0.02425712036231795	0.054105014968764881
0.024073069184952146	0.053917123307448397
0.023892074934506374	0.053726415443523218
0.02371437298891111	0.053528153200662253
0.02354041845467925	0.053320510791698965
0.023369898589353545	0.053111101509233524
0.023201068375978341	0.052889544067909057
0.023035468756801038	0.052681158015204371
0.022872858087583221	0.052473801023349712
0.022712939647968951	0.052260944985167951
0.022554645322584003	0.052023180602473323
0.022398620054147715	0.051825967053067572
0.022244684349943995	0.051611202549102127
0.022095326760110709	0.051363437975642134
0.021943055865624599	0.051059603083125467
0.021847524062310227	0.048831591152545047
0.021718766639671969	0.048140171272096605
0.021686587097607138	0.048519542451263574
0.021547618563929862	0.048307618581285849
0.021396797971423232	0.047370793083583364
0.021300689361367555	0.047827269680492515
0.021145450301326585	0.047287239529197667
0.021015036427657612	0.047131747370470121
0.020875283385740913	0.046690529344555878
0.020770006410362824	0.046762077023584474
0.020642442536211041	0.046781313178229353
0.020486483486721888	0.046355905382469274
0.02038723407318549	0.045800298539872657
0.020254835623000664	0.045443703214933691
0.020093406361044029	0.044958484034604479
0.019979875181134213	0.044973285603876242
0.019815304265255049	0.04412636362899381
0.019775669617877838	0.044721675235856718
0.019603435918370965	0.044100142839915313
0.01943842142958296	0.042048246060833669
0.01931611805992018	0.042868616465793263
0.019312457419160673	0.043726842420200945
0.019101623314308525	0.042736587285888986
0.019093327940027414	0.042373327947115735
0.018945865470726225	0.041515451076600908
0.018769253393519109	0.040825817876381169
0.018582870278526106	0.040208979574965331
0.018587243651950032	0.040339644996403537
0.018450726698247405	0.037958060194867492
0.018256164577084712	0.040366112991188405
0.01823016583920687	0.040147080249113128
0.018188611234972625	0.040442474092301221
0.017977894681088	0.040293554542113079
0.017960759735104196	0.0394801580560835
0.017808105952814016	0.038846821429140171
0.017715836635001651	0.038214975981659266
0.017758148667711523	0.038915969702021665
0.017587874158959623	0.038137389214364693
0.01749250578622916	0.038101008936238287
0.017336189461226951	0.03868877204602985
0.017253012286369419	0.037663770721909746
0.017191655922056574	0.037870815409352408
0.017105399140362493	0.03804005892689561
0.016898754735734114	0.037163671485823987
0.016908722337217939	0.03716687611751298
0.017069628454874759	0.038580246652021408
0.016743552144283504	0.036194992509163589
0.016641150095985723	0.036313881406415519
0.01654785361940336	0.037544272959736717
0.016446598887475461	0.037733197309448067
0.016364131460075176	0.035334987110410478
0.016241310321494465	0.034488380313640148
0.016139136326800349	0.0387076536659922
0.01623488377277859	0.035685221207154671
0.016162520908507439	0.0370988100586871
0.01608062748603438	0.036112182412671577
0.015889354531177215	0.036358295642662602
0.015935588442543794	0.034360224280421688
0.015868560123695172	0.033809001564615235
0.01582101724282518	0.034491464465868045
0.015653378543547158	0.033809708066869885
0.015540898834663612	0.039136264496376985
0.015470827030278403	0.037100447900404898
0.015454278374727145	0.036006861030183177
0.015257542566030511	0.03562630209366488
0.01538370309368723	0.037581341808196625
0.015217040153362046	0.033589610382792123
0.015227345133642134	0.033971750956902504
0.015168575327092978	0.033518744046858305
0.014963577590881764	0.034763752181256706
0.014957856973792356	0.03790714322385632
0.01476085299715563	0.033574125092485245
0.01489722092456648	0.038937606051026724
