weight	lyapunov	err1	err2	err3	m1	m2	m3	std1	std2	std3	null1	null2	null3	f	stdf
0.0	nan	0.74581502043757386	0.11851807078128822	0.024048108951510268	17.10173545177452	18.526373760040624	12.291190619842382	21.612884519664455	24.062694815822542	13.388883313282392	99.600000000000009	99.600000000000009	99.600000000000009	nan	nan
0.02	-0.0022606698644133121	0.58871250809183251	0.039639103820677819	0.0052755550772960111	56.125548153827765	34.77394829259169	9.6508495671741503	0.0	0.0	0.0	99.899999999999991	99.899999999999991	99.899999999999991	nan	nan
0.040000000000000001	-0.017833663355444535	0.47368168023646173	0.016660808191465728	9.6898841752452974e-33	54.661938610134811	19.03216415668652	nan	0.0	0.0	nan	99.899999999999991	99.899999999999991	100.0	nan	nan
0.059999999999999998	-0.016282426259888107	0.39623856877432928	0.0083170708508453917	9.6898841752452974e-33	53.966806095862566	8.8630851138512252	nan	0.0	0.0	nan	99.899999999999991	99.899999999999991	100.0	nan	nan
0.080000000000000002	-0.029499191965668213	0.34608176250096845	0.0048802382351156434	9.6898841752452974e-33	54.021489855763363	1.903610447032656	nan	0.0	0.0	nan	99.899999999999991	99.899999999999991	100.0	nan	nan
0.10000000000000001	-0.024235609725685319	0.31232392043370216	1.8826194275010442e-30	9.6898841752452974e-33	54.538884917699136	nan	nan	0.0	nan	nan	99.899999999999991	100.0	100.0	nan	nan
0.12	-0.017168266161817256	0.28886048851268897	1.8826194275010442e-30	9.6898841752452974e-33	55.334264280853859	nan	nan	0.0	nan	nan	99.899999999999991	100.0	100.0	nan	nan
0.14000000000000001	0.00184854909276288	0.27426455822231854	1.8826194275010442e-30	9.6898841752452974e-33	56.207201917088426	nan	nan	0.0	nan	nan	99.899999999999991	100.0	100.0	nan	nan
0.16	0.01550806677692328	0.26200716075260716	1.8826194275010442e-30	9.6898841752452974e-33	57.006970629239007	nan	nan	0.0	nan	nan	99.899999999999991	100.0	100.0	nan	nan
0.17999999999999999	0.033974625081499829	0.2512050028426977	1.8826194275010442e-30	9.6898841752452974e-33	57.739256769660884	nan	nan	0.0	nan	nan	99.899999999999991	100.0	100.0	nan	nan
0.20000000000000001	0.071697246861489289	0.25036275715421891	1.8826194275010442e-30	9.6898841752452974e-33	58.407590195164758	nan	nan	0.0	nan	nan	99.899999999999991	100.0	100.0	nan	nan
0.22	0.13174447565503156	0.25189959512643051	1.8826194275010442e-30	9.6898841752452974e-33	59.931141296015639	nan	nan	0.0	nan	nan	99.899999999999991	100.0	100.0	nan	nan
0.23999999999999999	0.22019691252214213	0.25367964942749294	1.8826194275010442e-30	9.6898841752452974e-33	61.407560178426444	nan	nan	0.0	nan	nan	99.899999999999991	100.0	100.0	nan	nan
0.26000000000000001	0.19881691788183581	0.25518693670337622	1.8826194275010442e-30	9.6898841752452974e-33	62.782742175893887	nan	nan	0.0	nan	nan	99.899999999999991	100.0	100.0	nan	nan
0.28000000000000003	0.17639913704658269	0.25631228414657131	1.8826194275010442e-30	9.6898841752452974e-33	64.059969339714172	nan	nan	0.0	nan	nan	99.899999999999991	100.0	100.0	nan	nan
0.29999999999999999	0.18946998118882677	0.25655932212778249	1.8826194275010442e-30	9.6898841752452974e-33	65.19306850121599	nan	nan	0.0	nan	nan	99.899999999999991	100.0	100.0	nan	nan
0.32000000000000001	0.26978745021938194	0.25630914151331036	1.8826194275010442e-30	9.6898841752452974e-33	66.14658327920111	nan	nan	0.0	nan	nan	99.899999999999991	100.0	100.0	0.073428367168439035	0.082467159535847351
0.34000000000000002	0.27509158317682086	0.25430716284742733	1.8826194275010442e-30	9.6898841752452974e-33	66.897687919475814	nan	nan	0.0	nan	nan	99.899999999999991	100.0	100.0	0.069572288713631206	0.081054638263028708
0.35999999999999999	0.25951774180002118	0.25193243016987615	1.8826194275010442e-30	9.6898841752452974e-33	67.444994506254588	nan	nan	0.0	nan	nan	99.899999999999991	100.0	100.0	0.066117401764956812	0.079726368510496998
0.38	0.33628896185372326	0.24926234049128754	1.8826194275010442e-30	9.6898841752452974e-33	67.870720711774453	nan	nan	0.0	nan	nan	99.899999999999991	100.0	100.0	0.06300363401258452	0.078456483696658544
0.40000000000000002	0.30732883882656459	0.24656957186393194	1.8826194275010442e-30	9.6898841752452974e-33	68.257912723533877	nan	nan	0.0	nan	nan	99.899999999999991	100.0	100.0	0.060182625879715457	0.077216675742067142
0.41999999999999998	0.32591819987378701	0.24432561915339895	1.8826194275010442e-30	9.6898841752452974e-33	68.658534117678059	nan	nan	0.0	nan	nan	99.899999999999991	100.0	100.0	0.057615641766134755	0.076029325653550361
0.44	0.31689457178091707	0.24290328044269233	1.8826194275010442e-30	9.6898841752452974e-33	69.108054828373284	nan	nan	0.0	nan	nan	99.899999999999991	100.0	100.0	0.055267719052833314	0.074914410530025663
0.46000000000000002	0.34433373183220245	0.24252107877623613	1.8826194275010442e-30	9.6898841752452974e-33	69.64142893565905	nan	nan	0.0	nan	nan	99.899999999999991	100.0	100.0	0.053114374710619215	0.073838008680346734
0.47999999999999998	0.34472485316021106	0.24214128334995882	1.8826194275010442e-30	9.6898841752452974e-33	70.279236495555111	nan	nan	0.0	nan	nan	99.899999999999991	100.0	100.0	0.051131794570107317	0.072795445334507963
0.5	0.34662967740352479	0.24277891362471232	1.8826194275010442e-30	9.6898841752452974e-33	70.907989219671293	nan	nan	0.0	nan	nan	99.899999999999991	100.0	100.0	0.049298839927232677	0.071776595182098057
0.52000000000000002	0.35675156700888561	0.24349129050051038	1.8826194275010442e-30	9.6898841752452974e-33	71.495505431697083	nan	nan	0.0	nan	nan	99.899999999999991	100.0	100.0	0.047598677270391014	0.070797432774550709
0.54000000000000004	0.33413495097826862	0.24344411527299664	1.8826194275010442e-30	9.6898841752452974e-33	72.11119235655984	nan	nan	0.0	nan	nan	99.899999999999991	100.0	100.0	0.046017657849334086	0.069857189975508049
0.56000000000000005	0.31706951448563137	0.24345497617915829	1.8826194275010442e-30	9.6898841752452974e-33	72.790426184739076	nan	nan	0.0	nan	nan	99.899999999999991	100.0	100.0	0.044543209359795471	0.068965591229626061
0.57999999999999996	0.26700995309108755	0.24406210492278144	1.8826194275010442e-30	9.6898841752452974e-33	73.506630327956287	nan	nan	0.0	nan	nan	99.899999999999991	100.0	100.0	0.043164089808240207	0.06812663279200222
0.59999999999999998	0.23722146345889969	0.24509338715082535	0.008768511717166411	9.6898841752452974e-33	74.15503410068979	2.5990480930129753	nan	0.0	0.0	nan	99.899999999999991	99.899999999999991	100.0	0.041872496106703065	0.067321216104621787
0.62	0.15785403569959869	0.24696651513988216	0.0091962619599218615	9.6898841752452974e-33	74.726422992660886	4.5798268400836317	nan	0.0	0.0	nan	99.899999999999991	99.899999999999991	100.0	0.040661151608555858	0.066533364296311376
0.64000000000000001	0.10620990608357317	0.25023397815011877	0.0099970474187406049	9.6898841752452974e-33	75.415074392939431	4.9667565785699201	nan	0.0	0.0	nan	99.899999999999991	99.899999999999991	100.0	0.039521423044533661	0.06576268437133502
0.66000000000000003	0.094220168129677553	0.2533532171968606	0.010750181059035233	9.6898841752452974e-33	76.110554281260647	4.5161495957249675	nan	0.0	0.0	nan	99.899999999999991	99.899999999999991	100.0	0.03844676330560378	0.065026181588836662
0.68000000000000005	0.033923952017192317	0.25545894714148959	0.011150539755571133	9.6898841752452974e-33	76.702040213623619	4.0013519158553796	nan	0.0	0.0	nan	99.899999999999991	99.899999999999991	100.0	0.037431469703460722	0.064312374995087379
0.70000000000000007	0.048287563688188893	0.25648415147720577	0.011235503537351034	9.6898841752452974e-33	77.24196943821822	4.2739193833997584	nan	0.0	0.0	nan	99.899999999999991	99.899999999999991	100.0	0.036470778999476622	0.063626387123367351
0.71999999999999997	0.047287100169722533	0.25716651610918628	0.011346551551007191	9.6898841752452974e-33	77.708392422798497	4.2779226980536285	nan	0.0	0.0	nan	99.899999999999991	99.899999999999991	100.0	0.035560741620816433	0.062964821902522422
0.73999999999999999	0.02629936641818759	0.25741798785893627	0.011304557777641581	9.6898841752452974e-33	78.076953796845615	4.2973351919714284	nan	0.0	0.0	nan	99.899999999999991	99.899999999999991	100.0	0.034697462027703734	0.062328047916470182
0.76000000000000001	0.03520671214082223	0.25756751682856771	0.011242001237615358	9.6898841752452974e-33	78.345345286319926	4.1589346090702017	nan	0.0	0.0	nan	99.899999999999991	99.899999999999991	100.0	0.033878099890693958	0.061715707504389851
0.78000000000000003	0.031462868230680528	0.25784983183863597	0.011408574750451374	9.6898841752452974e-33	78.512248487549229	3.6078503015633627	nan	0.0	0.0	nan	99.899999999999991	99.899999999999991	100.0	0.03309949511824057	0.061120184697297061
0.80000000000000004	0.030974676748629894	0.25796272005504267	0.011390087237390772	9.6898841752452974e-33	78.794228844998685	4.2152468651680355	nan	0.0	0.0	nan	99.899999999999991	99.899999999999991	100.0	0.032359211443557641	0.060524273123742492
0.82000000000000006	0.033951374887967685	0.2581765702193306	0.011267189267031632	9.6898841752452974e-33	79.210281940399867	6.0086830157437987	nan	0.0	0.0	nan	99.899999999999991	99.899999999999991	100.0	0.031654314116265646	0.059941944824059575
0.83999999999999997	0.037570012986324501	0.25849481959693038	0.011053526079505183	9.6898841752452974e-33	79.701275388560774	8.6731113680346805	nan	0.0	0.0	nan	99.899999999999991	99.899999999999991	100.0	0.030982173524773178	0.059382662762830579
0.85999999999999999	0.039739783854956197	0.25974291849788905	0.01105397282679677	9.6898841752452974e-33	80.16249055330853	11.033863948711756	nan	0.0	0.0	nan	99.899999999999991	99.899999999999991	100.0	0.030339599817534604	0.058842408047341845
0.88	0.045478260231216788	0.2621728302685517	0.011338200288165092	9.6898841752452974e-33	80.614307180189954	12.341678126374289	nan	0.0	0.0	nan	99.899999999999991	99.899999999999991	100.0	0.029724484574200266	0.058315144125251399
0.90000000000000002	0.06223337150762856	0.26530718097447931	0.011942567036468609	9.6898841752452974e-33	81.043524740850557	11.632975000251317	nan	0.0	0.0	nan	99.899999999999991	99.899999999999991	100.0	0.02913566985465332	0.057791264228216982
0.92000000000000004	0.045032518707737286	0.26691146986262604	0.012041848503790352	9.6898841752452974e-33	81.332957146514772	10.747630169676771	nan	0.0	0.0	nan	99.899999999999991	99.899999999999991	100.0	0.028571295865915308	0.057289143250942962
0.94000000000000006	0.060480158340227658	0.26758187438054826	0.010513057106525198	9.6898841752452974e-33	81.378506862205441	11.667560477080601	nan	0.0	0.0	nan	99.899999999999991	99.899999999999991	100.0	0.028029990794635577	0.056805789875555984
0.95999999999999996	0.061913396472689425	0.26739188476016024	0.010939640321425876	9.6898841752452974e-33	81.361750150687627	14.452660263934698	nan	0.0	0.0	nan	99.899999999999991	99.899999999999991	100.0	0.027510744375260038	0.056327683854206716
0.97999999999999998	0.056931799265841396	0.26673863744490151	0.011639601059815373	9.6898841752452974e-33	81.411441788191453	16.188407921614321	nan	0.0	0.0	nan	99.899999999999991	99.899999999999991	100.0	0.027012476547697808	0.055868484308959888
1.0	0.050167569056351696	0.26603823929154441	0.012402210776888228	9.6898841752452974e-33	81.49366819876245	17.814562730255378	nan	0.0	0.0	nan	99.899999999999991	99.899999999999991	100.0	0.026534184974224578	0.055443272242224242
1.02	0.066617503140744577	0.26603265941393289	0.014141710429981257	9.6898841752452974e-33	82.053420686076024	15.363040511997301	nan	0.0	0.0	nan	99.899999999999991	99.899999999999991	100.0	0.026075354185995103	0.055040295830382988
1.04	0.071884198922410242	0.26638675645492199	0.0098928808789016925	9.6898841752452974e-33	82.692865582140925	13.943490054368315	nan	0.0	0.0	nan	99.899999999999991	99.899999999999991	100.0	0.025633732814503415	0.054646148634473667
1.0600000000000001	0.073049629522508513	0.26595341169501369	0.0096191824667739827	9.6898841752452974e-33	83.088184634161522	18.199501238698101	nan	0.0	0.0	nan	99.899999999999991	99.899999999999991	100.0	0.025207987607300933	0.054258112865712756
1.0800000000000001	0.087313254219412689	0.26512993769601806	0.0096716843333237764	9.6898841752452974e-33	83.305778179766534	21.612255831572668	nan	0.0	0.0	nan	99.899999999999991	99.899999999999991	100.0	0.024798501759283175	0.053863328262920396
1.1000000000000001	0.098664791211640152	0.26541650479374485	0.010193401414977436	9.6898841752452974e-33	83.740258185265958	22.276955521333523	nan	0.0	0.0	nan	99.899999999999991	99.899999999999991	100.0	0.024403559972590912	0.053484943412455001
1.1200000000000001	0.096393121029783035	0.26663842849635128	0.010991602049903211	9.6898841752452974e-33	42.360581113515487	21.513736407288881	nan	37.949207018999481	0.0	nan	99.799999999999983	99.899999999999991	100.0	0.024021968120627742	0.053110217133214489
1.1400000000000001	0.093955235282838945	0.27268282614290135	0.011518709090976848	9.6898841752452974e-33	44.323843394585673	19.748712032546504	nan	1.1196031807787818	0.0	nan	99.799999999999983	99.899999999999991	100.0	0.023652963056763929	0.052740016583030049
1.1599999999999999	0.10936694905473131	0.2803552009395362	0.01203575109591838	9.6898841752452974e-33	92.366788752367498	15.910896430442502	nan	0.0	0.0	nan	99.899999999999991	99.899999999999991	100.0	0.02329643700832074	0.052378821242658323
1.1799999999999999	0.10349260248763063	0.28239444965135302	0.011390845148270835	9.6898841752452974e-33	93.030975304942373	13.982066820038273	nan	0.0	0.0	nan	99.899999999999991	99.899999999999991	100.0	0.022953187851617308	0.052041871815078633
1.2	0.11490874156688349	0.28444326976823253	0.011043503807031037	9.6898841752452974e-33	93.684378839444875	9.6802693822164532	nan	0.0	0.0	nan	99.899999999999991	99.899999999999991	100.0	0.022622747373606405	0.051715242121711268
1.22	0.13718286566329499	0.28661647350601166	0.010118634470039993	0.0012235694123377615	94.008791570204593	10.666502928695536	26.055029849231268	0.0	0.0	0.0	99.899999999999991	99.899999999999991	99.899999999999991	0.022304619480323112	0.051439976302935064
1.24	0.14322715736569402	0.28849687299152021	0.010407071575292639	0.0012673487657098111	94.458538169272302	11.134091697829307	51.559286036021589	0.0	0.0	0.0	99.899999999999991	99.899999999999991	99.899999999999991	0.021996588403221218	0.051187680430803503
1.26	0.13466997035185072	0.28742020532644513	0.01011900360628501	0.0018591576811625818	94.629833686790462	15.848374164295816	53.615007282018453	0.0	0.0	0.0	99.899999999999991	99.899999999999991	99.899999999999991	0.021698516442583183	0.050948313415906187
1.28	0.15272473270950321	0.28507876210651567	0.010048267290439266	9.8692350582064704e-05	94.703490109565749	20.330842888828361	80.938257321971022	0.0	0.0	0.0	99.899999999999991	99.899999999999991	99.899999999999991	0.021408037586977118	0.050680362730523322
1.3	0.1472487233071634	0.28517030015273465	0.010410725649800721	8.5831387121074304e-05	95.15857013938033	22.225749621216668	92.703022309799309	0.0	0.0	0.0	99.899999999999991	99.899999999999991	99.899999999999991	0.021126381336117904	0.050423516462528954
1.3200000000000001	0.15680017593481249	0.28667225343981478	0.010614096006027449	0.00032342874856018964	95.692925775908591	23.598678677193099	76.023567177836853	0.0	0.0	0.0	99.899999999999991	99.899999999999991	99.899999999999991	0.020852258714244235	0.050165395552557591
1.3400000000000001	0.20280338767240425	0.29290728044697939	0.011527467930711537	0.00080398705091245539	96.394173592640854	22.785986905210969	68.572030214092607	0.0	0.0	0.0	99.899999999999991	99.899999999999991	99.899999999999991	0.020587204830567939	0.04993072069072732
1.3600000000000001	0.20546394491320466	0.23742420066923214	0.013185043389972517	0.017056673593511103	45.757548372297173	8.3179809230114028	64.889233221622121	23.46162750018841	1.7578581873523667	0.0	99.799999999999983	99.799999999999983	99.899999999999991	0.020326087025641811	0.049286885037621846
1.3800000000000001	0.20458312325734024	0.21697925262252565	0.0020489489355645664	0.0035835937406207734	21.632796436042408	25.296442540354565	57.962634487501518	19.419599923062581	0.0	52.467751108880762	99.600000000000009	99.899999999999991	99.600000000000009	0.020065143784415266	0.048311453485648498
1.4000000000000001	0.26747146072951933	0.20822930151061331	0.00014347640471870976	0.0019627708703571613	21.479481742106511	12.602378129864359	50.738957233737317	15.520750552401477	4.7085740809721637	40.580105337575787	99.600000000000009	99.700000000000017	99.5	0.019813459802212895	0.047671217421747812
1.4199999999999999	0.24927628179813471	0.19764256330361449	0.0018545153709984331	0.003647378181043763	17.252466821755437	14.742447008270023	27.388933177165391	9.378292650555009	8.0668457179587794	23.398194679075683	99.5	99.600000000000009	99.5	0.019565581150544624	0.047080244333805664
1.4399999999999999	0.27053556888251235	0.19815906458998819	0.0036541535126845262	0.0010846450841464122	17.904910620345127	12.624593123617686	272.13200016591048	15.834944128047471	5.9906689475937549	521.96008162154214	99.5	99.700000000000017	99.399999999999991	0.019322655694514489	0.046465196859210064
1.46	0.20019007251857787	0.19866835863456106	0.00033038756213907674	0.0015079123222464721	20.322585175587765	11.460772232408372	42.075963704115658	18.659377690001261	7.9763223512672159	13.995069377732225	99.600000000000009	99.700000000000017	99.600000000000009	0.019083931418704649	0.045833808305185048
1.48	0.31454560996357778	0.21294779251199952	0.0064035160312244394	0.0041941150526029402	19.891792710480868	13.509100704087874	314.67230552780615	21.819500816871876	7.9450371777876097	403.04927252286495	99.600000000000009	99.600000000000009	99.700000000000017	0.018852908464006741	0.045275169576323916
1.5	0.37500838132692693	0.20342234450544822	0.014540966269086835	0.0025936888481145884	10.308014271130061	33.73326008484667	75.07696950706007	17.117994515347306	28.90392904860709	91.342265248305026	99.299999999999983	99.600000000000009	99.5	0.018628201970139143	0.044674252532299341
1.52	0.36597123307596058	0.19207301095718102	0.0047926362885457848	0.017957332200412564	11.636029776785033	16.818345680604633	47.184686325366492	10.97350023935593	7.1121836159827421	46.767592102068214	99.399999999999991	99.700000000000017	99.100000000000009	0.018416691706604191	0.044208972527488954
1.54	0.3284881469075121	0.14004756077216871	0.047936477835384246	0.030121912019323922	13.935484507478233	66.786086889574094	213.40531761391122	10.572067206369452	67.21991943518934	488.24290397456326	99.5	99.5	98.899999999999991	0.018206914211579644	0.04365910124089431
1.5600000000000001	0.4253178204830419	0.14577603240544826	0.011287075446077445	0.012229682919919356	11.674539658334817	8.2425707233041532	180.73729849697014	9.1299103476431007	5.4538998405893144	303.88275131046794	99.399999999999991	99.5	99.399999999999991	0.017998343283632239	0.043155310556310125
1.5800000000000001	0.4997282425081081	0.18632057581785208	0.026830478617462995	0.0092902108941996086	8.1392121932449868	80.397482052641777	302.2422134016266	8.1535834684020774	108.80572078188422	442.23858804079816	99.0	99.399999999999991	99.299999999999983	0.017801597764953877	0.042875742473788857
1.6000000000000001	0.48118926604540002	0.15259137166995623	0.022705140919393154	2.0661682347370383e-05	14.084029753210284	21.565854026076178	75.358649225379395	8.6336346795175398	23.276585829505503	70.734057972406944	99.399999999999991	99.299999999999983	98.5	0.017608504611997255	0.042377692896934854
1.6200000000000001	0.66385121870519781	0.14489313691361858	0.12656914929797522	0.074623294715748995	8.4754552071271263	141.29424809481728	310.14757150872396	10.187278203348091	386.25519777900132	538.58705728632447	99.200000000000017	98.799999999999983	98.100000000000009	0.017400714843462915	0.041557637243583322
1.6400000000000001	0.72581228796788899	0.15114786110282677	0.020014695509978808	0.0099702611504603866	14.295287368799517	13.194332684918326	95.600748986210832	15.768721955248761	11.68169989809034	91.231512774409225	99.100000000000009	99.100000000000009	98.200000000000017	0.017230220347957223	0.041360314569623871
1.6600000000000001	0.60832568046257929	0.14395794594995939	0.0063665550365026666	0.0029845467721536169	8.785924877033521	89.681781869790129	242.46464838907053	9.7707947512100137	124.31567260204136	327.94426981905195	98.5	98.100000000000009	97.600000000000009	0.017046179086499167	0.040928664396384394
1.6799999999999999	0.74736711969548353	0.11033255507188586	0.0019222770265148437	0.005082207687475665	10.754518253347982	102.26209141664512	184.80481179213328	11.192140002027573	201.27234525382093	197.98876082185936	98.799999999999983	98.600000000000009	97.899999999999991	0.016894342017098437	0.04152706849641432
1.7	0.76887745217086989	0.13175737548331232	0.0010535408872541837	7.1715304499019237e-06	7.4283797187743232	28.146972957346343	82.492950355790313	8.0079154450701271	26.286116539713909	65.871199021346243	98.200000000000017	97.5	97.399999999999991	0.016672148645767663	0.039825096155083534
1.72	1.1582604377808259	0.073565389472123641	0.015907875700031115	0.023124696717523343	10.497613860759968	47.390686132069739	189.88321933351611	13.791778640313641	63.373870587478436	290.09017997427088	98.899999999999991	98.5	97.299999999999983	0.016536661830121809	0.040224745305019453
1.74	1.055700668543329	0.10581410920267123	0.0020298347786964215	0.00011706148556351923	5.582208915111937	105.59299329019851	194.93485083926717	6.9929407320193437	139.59772644740514	302.62839982652207	98.399999999999991	98.0	96.899999999999991	0.01641683794958991	0.043202874842605411
1.76	1.07944005838931	0.14267493640093168	0.013042265025896237	0.034090966139470533	10.28707195452859	62.826808120576253	135.32483747989295	13.928343392665795	71.818100314977613	123.71628283079788	98.399999999999991	97.899999999999991	96.600000000000009	0.016181941445160816	0.038663867863252904
1.78	1.0290979700525336	0.093948767054593291	0.0063232815427810563	0.0076283469562269252	9.9630377574211089	73.379667426819296	223.02807605614981	7.7942747694797649	86.267206576222634	245.87102630742237	98.5	97.700000000000017	97.299999999999983	0.016069747664026399	0.039623900369398279
1.8	1.1016839629921158	0.091268943362313545	0.046857876810282258	0.010112110276724056	12.006722600623691	71.897574092062072	143.42498483839449	25.581006232221203	87.5725746689982	173.74996249870017	98.399999999999991	98.200000000000017	96.899999999999991	0.015894568847860894	0.040430378260808357
1.8200000000000001	1.1521009570308682	0.098118998634433255	0.0038406581865542697	0.015463043560751299	6.1350891603648652	74.836213263038744	179.88482731715357	9.9491150405932522	189.48063240499121	281.34606887308382	96.700000000000017	96.200000000000017	95.600000000000009	0.015749792367091269	0.039528300308700734
1.8400000000000001	0.93590303770212968	0.1061529355854661	0.023281472920322701	0.05631548856576897	10.449847158302124	66.288710006020409	158.13308128863645	10.969965373602379	64.879860496293318	179.9907759453674	96.100000000000009	95.600000000000009	94.299999999999983	0.015619600572589241	0.040422544533136172
1.8600000000000001	1.339758696165531	0.024870428460702525	0.00080468132854659056	2.0092557723963191e-05	10.257725765094218	66.021541422122297	167.29693126138085	11.85628570092679	96.618288945334868	291.77223830503783	96.799999999999983	96.5	95.399999999999991	0.015418225262032209	0.037237335760698938
1.8800000000000001	1.1626071297032974	0.005321683953798978	0.026665237172628094	0.022846965418285063	7.9250036472974745	71.504231222026647	178.66863410901394	6.731438831444537	130.52092467408173	314.17783619133701	97.299999999999983	96.600000000000009	96.100000000000009	0.0152722080315862	0.035787016021641582
1.9000000000000001	1.0541564753159116	0.083794142027848059	0.022365848437341102	0.071550060841249929	9.3500848727336301	137.02169021001853	254.58697221292556	10.963488436136601	171.05392579127445	362.97050240020889	96.700000000000017	95.600000000000009	94.5	0.015166735578152029	0.03612167275713235
1.9199999999999999	1.0409463814253019	0.034422058064620127	0.029651274381638747	0.06785733389609909	11.651240112180927	67.365548192172	123.90245744131906	13.093827969317971	75.527051461626783	127.20051193141907	96.700000000000017	96.200000000000017	95.0	0.014995251971463539	0.035502756993835378
1.9399999999999999	1.6700668251990469	0.049849229094170659	0.022770349321316944	0.067560712322762825	9.321806575875895	45.656153834785172	98.258656054003396	17.698280459864574	62.761714168506032	114.96035976996652	95.299999999999983	95.399999999999991	93.600000000000009	0.01485102892552282	0.035836798112496321
1.96	1.233448397219671	0.029472752854300947	0.0080817991135619001	0.00053199740972663238	10.853098273567683	70.041022528209368	97.51214529648891	26.108348095500567	114.36946638762484	114.74512520038596	96.299999999999983	95.600000000000009	93.299999999999997	0.014727636907831526	0.034973329272594
1.98	1.563184867023351	0.022056055208701887	0.0094013182626021853	0.0054061724882707596	14.949174155641035	49.103894277374479	125.73193266645028	38.518973627612191	66.197400001016021	116.80592303034487	96.200000000000017	94.399999999999991	94.299999999999983	0.014600475551353043	0.034688713145809208
2.0	1.5186252440325272	0.018807378880483307	0.0089046357073582754	0.011134702654977886	9.0509444756279684	68.263945795343929	94.204279283902878	14.583607199404501	101.72555440652023	96.425314478206147	96.0	95.799999999999983	95.200000000000003	0.014506553514565909	0.034179760663288435
2.02	1.7663720140708077	0.0042996704276583109	0.044318814174168504	0.00024242311344015605	9.4396081764762254	59.666198284350017	132.4238662952869	17.064468021857955	62.455424009331168	201.44546877430975	95.799999999999983	95.600000000000009	94.799999999999983	0.014334028761334917	0.033110882119564436
2.04	1.7291151264370164	0.04682962094353036	0.0018619943597767614	0.014098640766423559	8.3099147008099568	43.48460966506412	83.59540270767107	13.448246517131867	37.522538794026374	97.535108281877086	95.5	95.399999999999991	94.0	0.014257817023624095	0.034637168163533225
2.0600000000000001	1.608568987231163	0.0070516839600493989	0.034439623139831295	0.015044942337905192	9.4855283772775572	59.761485013051427	110.03317108809009	16.132190314358244	92.476559729528987	165.75243301537873	95.100000000000009	94.899999999999991	93.600000000000009	0.014114199618751076	0.032524126392918566
2.0800000000000001	1.5746252078165455	0.026672714255469195	0.00064521532133221537	0.00097932222869747169	6.8705302068306633	41.115326641388322	111.36374941408721	11.187452048307268	44.888716637581517	259.69186517937652	95.799999999999983	94.600000000000009	93.200000000000017	0.013975851526231129	0.031750161085463108
2.1000000000000001	1.8685544906590892	0.016691551227799948	0.0039290609363135925	0.014399962904386287	8.7975753364753917	68.882438773566406	157.77384550485974	11.366810273591724	114.63537264604238	259.26855849843685	95.200000000000003	93.600000000000009	93.200000000000017	0.013901099479226357	0.032361151671967674
2.1200000000000001	1.6868987634936354	0.010460619205678411	0.013816158569427885	0.05151342789137868	6.6941234690341904	56.742780172362544	90.723613023064033	8.5139901747402877	63.51968548858531	86.228594424645038	94.700000000000003	94.399999999999991	93.0	0.013768674121543914	0.032696536003319947
2.1400000000000001	1.9079935349445589	0.00088067023413679747	0.053931855931641182	0.0092741155418203658	7.7177514218840697	60.360928619465959	127.16798127221114	13.456668000152721	81.747931619675242	131.49013148307264	95.200000000000003	93.899999999999991	92.600000000000009	0.013653473818379001	0.031503473252885411
2.1600000000000001	2.0578555293527003	0.0074847201322213817	0.017987576962696639	0.057953071307275672	7.8941194237242502	64.978598111392742	118.39352391042664	10.971427302871778	86.384404642675662	110.50293620254209	95.600000000000009	93.200000000000017	92.899999999999991	0.013529775438272029	0.030050994938169255
2.1800000000000002	2.1331113137660256	0.038498865689007303	0.00054740066442483717	0.044943577304528207	9.2281588894588591	46.774864401910868	67.016450683055069	12.283339968739067	54.957229102787792	66.930667458762528	94.700000000000003	93.799999999999983	92.600000000000009	0.013421872294170243	0.030702083341949682
2.2000000000000002	2.005166923417292	0.0073022564520386305	0.019538979290769195	0.0036870094544841905	7.219829069306158	49.988205665816388	84.56116838051264	11.204044534755351	73.327838900347842	95.195154844668991	94.100000000000009	94.399999999999991	92.399999999999991	0.01337028869201815	0.031721407048111036
2.2200000000000002	2.2482795483448328	0.016624495613137842	0.00012891491495968952	0.031365132350395848	7.65969649740825	50.72250652669355	93.432807648642566	9.5492371652039747	77.766230488952004	125.99680286694976	94.899999999999991	93.5	93.799999999999983	0.013254638716202994	0.028837038702907297
2.2400000000000002	2.5659323992842564	0.021294468231263953	0.012843629203177043	0.00028139981012838353	8.5553236017268279	58.581915971843571	117.00295752320601	15.894991563036715	100.10420425058376	146.70520105116881	94.600000000000009	92.600000000000009	91.5	0.013123332561616343	0.028870586002787444
2.2600000000000002	2.0382247268551428	0.063782697084002193	2.1562316329293795e-05	0.050083947800269937	5.7769314022398959	48.721871796262569	94.743893522074472	5.4148190552542443	70.427675861477113	121.0568448560075	93.100000000000009	92.700000000000017	91.799999999999983	0.013066528792179613	0.030007357595198163
2.2800000000000002	2.3870640582171627	0.00037559149369465833	0.0016845002143332714	0.021316461248086647	6.3730643310873081	45.612864744567517	124.280409153904	8.9338613116298742	54.396187249828941	179.78195063396385	93.299999999999997	92.0	90.5	0.012917361581121516	0.029323156794030688
2.3000000000000003	2.0184205136776359	0.013229773809622172	0.0012192698962505755	0.00021173373122377817	7.2047319883720515	47.296394448339477	110.29064658502662	6.2424790556677099	63.159580108820364	142.16681333765612	93.899999999999991	93.200000000000017	92.399999999999991	0.012853466235798458	0.029301510281688554
2.3199999999999998	2.4388049102505192	0.0015941060187300393	0.049559470334762427	0.029179694165391585	9.9617421535514676	62.626197438048166	109.87498786971159	16.395747182322488	108.51780159190207	181.03741847632003	93.299999999999997	92.399999999999991	91.299999999999983	0.012733774457819529	0.02958542548763991
2.3399999999999999	2.3807793747120396	0.0099669486788837892	0.0087813766419528733	0.00030099630174581582	5.56331278270489	36.873268825496389	90.202467886219225	6.1005444670900086	40.569863173572166	89.26076245746431	93.899999999999991	93.600000000000009	91.899999999999991	0.012670870256336507	0.029031686138879763
2.3599999999999999	2.7337027084739547	5.2519377432185823e-05	0.0010238813969844684	0.00066595260339288929	8.11959339565718	43.266920617091337	56.87131435355046	12.856793320534752	61.782926536105933	59.684879552138185	92.899999999999991	92.600000000000009	92.299999999999997	0.012593156337270893	0.026525543058418123
2.3799999999999999	2.3920867077059751	0.04438989279814743	0.0094238385884693691	0.014896983492944025	7.2336412735419149	41.790096530441424	82.259956046323154	7.1397120436552228	38.433491209543767	90.107149893168327	93.399999999999991	92.399999999999991	91.799999999999983	0.012486121959445545	0.028224603312122058
2.3999999999999999	2.6952305516673887	2.1612660814618424e-05	0.0098863334122605249	0.068206927317818036	6.2624279521492667	51.341326065968914	94.107817895928619	9.17523154783912	74.943387536217514	113.05816856770448	93.100000000000009	92.100000000000009	91.0	0.01239819084503819	0.026387731512919278
2.4199999999999999	2.9440442382035381	0.0012720099629956636	0.0050129183730578614	0.034701102585935131	9.2522441254234007	54.037283275724306	102.48480228793883	16.655227423050018	65.782818703603297	107.86463277945879	93.5	93.100000000000009	92.700000000000017	0.012312260207010603	0.027849769298064986
2.4399999999999999	2.6368113173433478	0.016668598791757423	0.0049340239502540873	0.026327627755061568	9.8495747216231013	57.703873612218182	88.992958233299305	11.895864537378911	81.528634918908907	105.5150098676734	92.899999999999991	91.600000000000009	90.899999999999991	0.012263798434248727	0.027011479054491663
2.46	3.1517693229963464	0.011258173465692649	0.00031355385518327998	0.032634271505411198	8.3446914762554343	53.86777585505466	84.093098671081307	11.294439524299859	95.342930046413713	83.910103633808845	92.700000000000017	92.100000000000009	92.0	0.01216594130922255	0.026090477120724626
2.48	2.8517836000161965	0.0014624490602998456	0.0030447065658572195	0.00054589642240218141	7.5232208381802064	45.688109832267003	83.525862634430013	9.678050948984076	47.692622389684004	96.69187048204175	92.600000000000009	91.700000000000017	91.100000000000009	0.012049163097248287	0.025458041311811525
2.5	2.9709196627417431	0.0046455346408867402	0.00021550401565014523	0.012678115539168464	9.2211171737578628	36.743437629685346	64.652825118413602	15.980516142557889	41.217518661035918	62.416962368809777	92.700000000000017	91.799999999999983	91.200000000000017	0.012006041475259232	0.025573988506271728
2.52	2.9988373886658461	4.5455589892680964e-05	0.040428192686835569	0.13904513599299209	7.8679893348571586	58.762839555470421	109.43435091929766	10.745481132931459	104.37015264935016	134.55335372009361	92.399999999999991	91.700000000000017	89.0	0.011950571632082201	0.025568732866465906
2.54	3.3189704029696356	0.0015076330288179005	0.073278144007459939	0.0033485672736662296	7.5822221484505707	39.356789792813245	73.462615319713251	12.469013629501926	75.180521437092139	91.450742668124704	93.100000000000009	92.200000000000017	91.100000000000009	0.011818230621171068	0.025473294136925607
2.5600000000000001	3.4404841536134336	0.0083528833035598597	0.0038177587357454386	0.044864895784821272	6.7749250835961039	31.570129449176513	95.96013999377432	8.8291905205013013	32.516049566999982	112.21923439676655	92.799999999999997	91.799999999999983	91.600000000000009	0.011752723610192415	0.025224979815073902
2.5800000000000001	3.8892953312287508	0.0087048647349655638	0.0020987051866294543	0.11769654480029093	7.3025862124394809	40.430499636902148	76.085131750200176	10.074489308302688	44.96269386511274	65.264031416003704	91.899999999999991	90.899999999999991	90.5	0.011666885888381049	0.02573555338708762
2.6000000000000001	3.9923516526291847	0.015964528168699831	0.00075549377571648777	0.073987963770193899	7.8331414913966579	38.733108239717005	74.437901620466732	13.304510114093915	79.502129592813162	115.43426666543743	92.0	91.200000000000017	90.0	0.011613814056457073	0.025302048898255585
2.6200000000000001	3.2500953785495468	0.00070447571651437158	0.11663229135472501	0.070698997196180655	10.426330909871464	46.586799869256318	78.353261999247806	12.699683459904323	65.939750242377528	84.95478672506907	92.200000000000017	91.299999999999983	90.299999999999983	0.011550422458966019	0.025020096411221437
2.6400000000000001	3.5234028135172419	9.7932591714432318e-05	0.018434602454676621	0.00036738925132782707	5.6252322736649081	41.845118790830405	70.675329841733202	8.3745504849367993	48.297278612190667	79.865518641435628	92.0	91.299999999999983	89.899999999999991	0.011497928315069522	0.025400949405562891
2.6600000000000001	3.8604084288314544	0.0070951787525485848	0.0011226070781594336	0.046884509226613594	10.047397326380617	51.333103558716161	89.73710380533872	19.7758628897455	57.864880526769255	103.55256561896729	92.0	90.600000000000009	90.399999999999991	0.011367917955503319	0.023319076078337907
2.6800000000000002	3.5719363416345606	0.0084598396531526572	0.0058072113495748609	0.023972220387747708	8.9517119534088589	38.003227435528018	72.111566369784569	19.84120466443326	46.602192648597004	88.59188568527486	91.299999999999983	90.5	88.799999999999983	0.01130904297044558	0.023323717290500715
2.7000000000000002	3.4674887999291815	0.00065962842256372435	0.00765323631594111	0.00022541717665068838	11.039111848740061	59.454976610269838	98.995743490915871	16.209471880182694	97.770399642307481	129.79656812253231	91.200000000000017	90.899999999999991	90.299999999999983	0.01123506438571956	0.024004957653897065
2.7200000000000002	3.3697669244029052	0.00035852148519021216	0.010808722010959252	0.032819121088137324	6.2206857636608692	39.79526806800525	85.619470469369958	8.8566615415398946	49.065863290215823	79.463681878557068	91.200000000000017	91.0	89.399999999999991	0.011137669235188073	0.024238213297158341
2.7400000000000002	3.6885944777267174	0.0023193145678942597	0.020630277317244435	0.012701191218634406	9.9077624715008561	70.303394999456671	91.868985838151815	18.103724107080961	250.94641865109162	203.72431208971051	91.799999999999983	91.5	90.200000000000017	0.011098607981465549	0.022999592973511708
2.7600000000000002	3.6910699572239807	0.004830045717952417	0.013362461230973535	0.0031175103342899156	10.696739378304384	46.41427247207293	79.931630371720487	17.616927430529699	69.171544500895052	110.65718948330922	90.799999999999983	90.200000000000017	90.299999999999983	0.011053493454280559	0.022861138736735013
2.7800000000000002	3.7295290700703796	0.0074062953306624473	0.021854034048143012	0.010500785453194491	9.1731394699353057	51.162217371079137	87.074802687238758	15.447057166737462	77.881755930375803	138.00443644828684	91.100000000000009	91.200000000000017	89.600000000000009	0.0109584201995529	0.022351986721225653
2.8000000000000003	3.6976689354873447	0.001966611942086333	0.01205762056994401	0.025240016174230946	8.3123773412193369	49.793989992183242	82.687739111976938	11.400981111909443	51.957751097788915	103.38565433005519	91.600000000000009	90.5	88.5	0.010888845899681563	0.022573258563917575
2.8199999999999998	3.8520153178394865	0.0004485235212204451	0.13332193804962639	0.037298237314857867	9.3152892601007995	54.820687371558805	73.140086934652217	13.552417911903131	74.279935188743409	84.499679661890951	90.700000000000017	90.200000000000017	88.600000000000009	0.010870755732004319	0.022400094447102833
2.8399999999999999	3.9104314218192413	0.0016781403322044565	0.0071516148088715762	0.045838576366700634	8.9808584971965644	46.740863050050109	86.711729590057743	12.395277532024135	85.973700716491052	164.70017368768168	89.899999999999991	89.799999999999983	89.200000000000017	0.010705532966446593	0.021556772666757019
2.8599999999999999	4.0876535882881697	0.0039424146586660982	0.00046719257854161501	0.047337117937422575	8.9367437277553439	46.896377616963704	87.758456420245963	13.374583814121522	82.228214749130743	100.20567914866253	90.5	90.0	89.0	0.010732646205002137	0.022679403428835239
2.8799999999999999	4.3820395590508836	0.0011805007482931051	0.01397267261636399	0.0044807920306393348	8.27862847875687	50.923735806406789	78.532614823880763	13.499601484565954	69.148918793047457	97.416813175386892	89.799999999999983	90.0	88.0	0.010657706248482956	0.022077114180415542
2.8999999999999999	4.3200821921205508	9.9971504387780236e-05	0.001415831370970124	0.0069618098005789636	8.3758873985082793	60.429063037445154	98.874188384785285	11.482338382186882	161.34896260424779	218.09167314875282	89.700000000000017	90.200000000000017	88.899999999999991	0.010574960341642211	0.021716419153381069
2.9199999999999999	4.5662857579338541	9.8783352988634896e-05	2.7269237992663912e-05	0.0031781491975139435	7.152327808362001	51.738608991379422	70.95058259476184	10.531976822737448	83.662224040256461	88.865509471802838	90.600000000000009	89.200000000000017	87.399999999999991	0.010515507888536845	0.021860875013935101
2.9399999999999999	4.4851635257523066	0.0011377738400798769	7.4251761905678269e-05	0.031026375015576407	9.5360635707421757	47.596265839642065	73.762181120863744	18.06972043903621	58.402549964478467	79.324872140603574	89.600000000000009	88.899999999999991	88.600000000000009	0.010509280925425897	0.021643678007010253
2.96	4.5610254134492001	0.0048163211001972317	0.023319813230367494	0.013708792285370846	6.5566826440431267	40.748795619368913	74.239255782739718	9.5822344814628195	66.044475305496377	109.24782745888453	91.0	89.299999999999983	88.299999999999983	0.010393000505416403	0.021962777705499613
2.98	4.8671203455198953	0.0024546316346249707	0.00086778779508343081	0.00049976988496090345	10.365979197701309	43.464139239185499	75.761425682788882	23.177048096505608	54.890968376665398	95.167807799271017	89.200000000000017	89.100000000000009	88.0	0.010388221892822812	0.020962587239433363
3.0	4.3400706027868781	0.0016263979250390613	0.027193002903908921	0.0061252582039099607	8.7765786758345694	47.473069895496629	72.833049986333464	17.043070184101619	61.260679898974146	88.738744111256665	91.299999999999983	89.600000000000009	88.299999999999983	0.010304972586142601	0.021226623010839933
3.02	4.1513427305659061	0.0010280382628246327	0.02528648272261657	0.012684821852212969	10.802248592108764	46.554427959296802	73.126333603541383	35.182056994586951	77.015522991009775	88.510310197202259	90.200000000000017	90.100000000000009	88.299999999999983	0.010241927940190663	0.02087348664450742
3.04	4.596170025098897	0.0021843669329235553	0.0073819204082992461	0.017162361174618192	8.9839639934535676	52.349304087784887	78.535873753531732	14.650434670944914	58.813380429439839	80.422677507239513	89.399999999999991	88.399999999999991	87.899999999999991	0.010176294951327989	0.021080589677949679
3.0600000000000001	4.4205911944880754	1.9129061635844001e-05	0.022071738220288298	0.002195250241849662	10.871571787001256	54.797549220793528	93.84091018702324	22.230457240751427	70.967824981130988	121.14914618328871	89.399999999999991	88.799999999999983	87.0	0.01010808838487243	0.020824009281699734
3.0800000000000001	4.8264810401976108	0.0014906712881542026	0.00016671205966911734	0.0043937327189564066	8.7792504981933899	47.544799833274503	80.76817382939916	11.826807877957451	59.621722057627764	122.66690051521638	90.299999999999983	89.600000000000009	87.5	0.010089151745133099	0.021487055958722578
3.1000000000000001	4.6546599934460993	0.0021189645509300721	0.00594056341637872	1.1893378684500431e-06	7.8793035694208111	42.674904968658204	71.896808830216386	13.24798898598355	43.546239439622632	81.234407640482317	89.100000000000009	89.899999999999991	88.100000000000009	0.010057486352843764	0.020721801266191209
3.1200000000000001	4.9517356614913508	4.5897242730072774e-05	0.001281477259808672	0.00031413850134382224	9.9008674293763601	43.144882545438705	72.943320416886181	13.63728559247588	56.04268105056201	87.182905852025087	89.200000000000017	88.899999999999991	88.799999999999983	0.0099394244285671042	0.01994420279253082
3.1400000000000001	5.4944290326426257	0.0021706191045907102	0.033698481580081284	0.031146269599483196	8.5271460987260976	50.008554720527862	79.548613621502597	14.080905506534545	51.616822965065637	88.466802749509952	89.100000000000009	90.100000000000009	87.700000000000017	0.009937517465962763	0.020644632675234503
3.1600000000000001	4.7534787826887177	0.011979532103558276	0.0060338023458108205	0.0035837361669606091	9.44138005237755	46.621791095000461	94.963780564316622	16.120070451804995	59.145538727404258	138.84571839593923	89.0	88.700000000000017	87.100000000000009	0.0098724103658368919	0.019203848803601289
3.1800000000000002	5.1157417260835327	0.0017331568827261483	0.0036565156368309629	0.0066463018815801789	8.5658105875778059	33.342282832271287	54.555445557913472	23.4862032184935	37.300970046238653	55.851497730868331	89.200000000000017	88.600000000000009	87.5	0.0098616670699028155	0.019804443869346593
3.2000000000000002	5.6506638329588883	0.0022512611336320538	8.6490915471715301e-05	0.001796058717517604	9.5740594209928105	35.709314646726355	77.927420705977752	13.234901937356174	57.510891278794716	116.28583786119154	88.200000000000017	87.700000000000017	87.200000000000017	0.0097608933060742524	0.019838441286171855
3.2200000000000002	5.0206375013469602	0.0033198397408585774	0.022449497767827089	0.019921177002612509	10.906766000604907	38.301273541645408	64.077941887070324	28.129600469513207	44.596455999641648	72.768975303151635	89.799999999999983	88.700000000000017	88.299999999999983	0.0097473665952625306	0.018797740012247419
3.2400000000000002	5.0035822706400799	0.0002062308120189039	0.019116565909850777	0.0071937743372717331	8.9009655547580877	48.074830389607079	75.70597208653227	14.62011645942135	75.500628439346471	132.16845773511707	88.899999999999991	88.299999999999983	86.799999999999983	0.0096688978147668938	0.020167869027282841
3.2600000000000002	4.8391842506508276	0.00056007744371118322	0.0017891169801752299	0.015380458884733781	8.7265885498570395	48.606566832295648	83.594294938859534	17.529024240186995	68.011680011814448	98.282465627552241	88.600000000000009	88.700000000000017	87.700000000000017	0.0095873445455602821	0.019172789779635244
3.2800000000000002	5.2270115790354454	0.002282470982831773	0.0036821919801891733	0.0036483075539487124	13.160788272103193	51.426681223991338	81.755211319994842	34.243183465450372	94.292466491468076	106.10878407589442	89.799999999999983	88.600000000000009	87.399999999999991	0.0095642205028377593	0.019069078284926794
3.3000000000000003	5.6752972930268815	0.0033623640268150316	0.003885256559870022	0.0074583429364508524	10.820305524549939	32.760173045784072	64.006202477022597	36.433692578365083	45.502051964762693	73.151675695775324	89.299999999999983	88.5	88.700000000000017	0.0095782998373955455	0.018483577848280315
3.3200000000000003	4.8918061191138857	0.0022460177962746958	0.0072761702535486649	0.02778454840630195	12.347656651281314	57.543418260127098	76.049158615396451	23.829278857269653	89.053817966621978	102.74317073837776	88.100000000000009	87.299999999999983	85.200000000000017	0.0094431289686042214	0.018537310903201491
3.3399999999999999	5.449552280746488	0.0039080225130803115	0.054122780463053757	0.0061255364085259414	12.038374535232579	48.204816743210237	69.922833023623284	23.406688839166723	58.182717683035449	72.553841794112387	88.799999999999983	87.399999999999991	86.600000000000009	0.0094395807417332767	0.01816183094803674
3.3599999999999999	5.1762453529165819	0.00040436711688262466	0.00056446197804596392	0.012705538904179827	9.1610300032797802	42.159848620352804	79.226672796473665	11.905951370944605	54.561049175997809	93.547211159376772	88.100000000000009	87.200000000000017	85.899999999999991	0.0094095683602785918	0.018493139761927364
3.3799999999999999	6.0062237041564384	0.0051506567275823598	0.00091478387072869288	0.0040946602220443889	8.3774594801854061	48.87932338292984	78.978033486994946	12.826686149623495	66.811268236478796	112.96867240442091	88.600000000000009	87.799999999999983	86.100000000000009	0.0093555226314070549	0.018533484736730971
3.3999999999999999	5.5449584330908559	0.032006782343524269	0.01834663086094562	0.0082653017119117978	11.755798475783717	45.045778140158298	64.279322552211042	19.717084229986	96.157437993168088	93.709352288757373	88.100000000000009	87.600000000000009	86.899999999999991	0.009295299043532896	0.017248640057280121
3.4199999999999999	5.4665477886351912	0.0061347120055361476	0.057046201711579106	0.092604089191258732	10.506286629744194	41.069236384127969	69.064166571285796	17.782117468282028	58.339157000563446	88.64867246869791	88.0	87.700000000000017	87.100000000000009	0.0092697416274038717	0.017893598346149578
3.4399999999999999	5.1330889884766524	5.2894114781768527e-07	0.012736900598310424	0.054188355123079276	8.9959550066737144	45.713306185255945	80.234259537042476	12.065153785524171	54.14138333336048	101.23694998417466	87.5	86.600000000000009	84.700000000000017	0.0091900453063947906	0.018302100529975478
3.46	5.754505222855486	0.0026011563185770114	0.0028138583795484745	0.0021382580882962077	7.7563425895093641	38.416238780554423	85.856308887419573	13.152521627709493	55.539875797053426	137.60642499057508	87.399999999999991	87.5	85.200000000000017	0.0091446973086237813	0.018163936074050969
3.48	5.8292744365222875	1.2902186223447877e-06	0.019412534504356638	0.012415794109134098	7.5304618129876655	38.876345971244014	68.401420654973194	14.28242300814242	68.628260490310041	71.74474046372508	88.200000000000017	87.399999999999991	86.799999999999983	0.0090871623916475418	0.017595210565963179
3.5	6.2979882340365609	0.00011626893423127764	0.0083489640326598075	0.0092599059975104151	10.067160212597853	44.563254368890306	75.400131627938634	16.63032788920351	86.53054971902192	102.46005392876819	88.100000000000009	87.600000000000009	86.399999999999991	0.0090307927779543096	0.017713336476042067
3.52	5.7653893788479147	3.7576568400143312e-05	0.008266515863644814	0.00215339866485191	7.5928949874819498	40.845511361366285	72.520388350748462	10.273019725926691	50.36891282825507	88.094922642142947	89.0	88.100000000000009	86.0	0.0090416732977990719	0.01729372458751487
3.54	5.9552942108016707	0.00012962398754025675	0.029639191242097844	0.054429374067809719	7.2532126769103389	35.286773065129026	64.804492131326711	11.769134311785324	44.685305015324204	70.650037470589041	87.200000000000017	87.899999999999991	85.600000000000009	0.0089475343053055083	0.018533159891091049
3.5600000000000001	5.9043499147153353	0.0080522502829826915	0.013598611792881913	0.0047900761508057749	8.3749937586498238	39.849561854948305	71.288341262873345	14.966558588680922	62.441277015314384	79.316599715235483	87.600000000000009	86.399999999999991	85.399999999999991	0.0089725175459570029	0.017669912918471368
3.5800000000000001	5.4608499227253811	0.0026004939092792718	0.0024864723528235763	0.037114975280531023	9.8925514676999491	48.061927212949556	81.877424928240799	14.244071264842535	71.391047767966469	110.51494200733319	88.700000000000017	85.799999999999983	85.799999999999983	0.0089616853801928673	0.017247765212987171
3.6000000000000001	6.5107180397685855	0.012048673316216774	0.0074054960733026687	0.0035910415877821824	9.9744348068836626	40.698812250757285	59.168870435065301	13.444949410303497	52.472816554168887	68.762567825619968	87.5	87.299999999999983	86.5	0.0088853777940093893	0.017331671188325466
3.6200000000000001	5.899243366315714	1.3122140478625772e-05	0.00059755900267402767	0.10423878864868938	8.0614232889684967	47.668327917665643	78.525867869015528	13.810101314801859	76.822314816441562	119.87670133637513	88.0	88.0	85.200000000000017	0.0088457328271544858	0.016661392878688029
3.6400000000000001	6.6109734280155941	0.00027128832177525554	0.071675204393422537	0.069833544819910429	9.0657740142923284	46.77024158423081	80.174791513115139	14.30956848203618	78.215788127771575	112.33214580109947	87.700000000000017	86.299999999999983	86.200000000000017	0.008777412726958542	0.017161195049570293
3.6600000000000001	6.3940114021576067	0.00046227448966267004	0.024842081796587045	0.0022921950886482874	8.8756024960873265	46.506417009855952	74.254003816107897	11.141546562084402	87.572249212991977	118.33710653111231	87.200000000000017	86.5	86.0	0.0087996669016021534	0.016292242103440376
3.6800000000000002	6.2057905278539742	0.00011148784596324302	0.0038737962957676201	0.0022291630593686343	8.2530654368238441	42.560949779760165	65.841498230343319	13.396629514145719	55.993914663180234	83.139111945616136	87.100000000000009	87.200000000000017	86.299999999999983	0.008717677428404914	0.016739486925843181
3.7000000000000002	6.4715562454863633	0.0022359555338020325	0.0075187280599184354	0.005625850414740419	8.459606340027408	37.881437460095988	68.047817539095817	12.48217903537137	54.287476257533726	90.511445779067216	87.700000000000017	86.299999999999983	85.100000000000009	0.0086653945631134967	0.016720193175014324
3.7200000000000002	6.6042575581413443	8.0417707735858267e-08	0.00093180841193532689	0.00010960373316900648	10.639859699421802	45.654033410294161	76.798549704890462	14.376228325488793	60.411297487705419	94.766898190762419	86.399999999999991	85.299999999999983	84.0	0.0086373839968437779	0.016792130193314266
3.7400000000000002	5.592581521095771	0.00059492696415352608	0.033794773927175052	0.0059842243433153933	9.5581335077151	44.803030080522895	70.186871850403449	16.866091365664261	56.653743423390722	88.426966324117714	87.399999999999991	86.100000000000009	84.700000000000017	0.0085744873106474474	0.016688002898042301
3.7600000000000002	6.3112507675787954	0.0012595674672088053	0.0034409224304232031	0.015238467073770818	10.141965735914811	40.599758737335939	67.529384957001056	16.993744029295851	47.294014530165512	69.307095021098903	86.299999999999983	85.899999999999991	84.600000000000009	0.0085805493575090673	0.017244801399994805
3.7800000000000002	6.1716107639514126	0.0010184309347624988	0.013946370355901596	0.0051337113281326088	8.7362357519390788	39.094990751409469	66.77989255129259	15.343549466624697	65.993199028353033	87.0585376646317	87.600000000000009	86.0	85.799999999999983	0.0085309472530462234	0.016408825729162052
3.8000000000000003	6.5067364651576378	0.0027316470592029232	0.0012622066922279812	0.0073529870993007135	8.5283465283468001	33.51481847108564	61.682519632089125	9.4604421851725764	37.358968635680128	65.761961750971096	86.299999999999983	85.600000000000009	86.299999999999983	0.0084542262673581014	0.016274970619678041
3.8200000000000003	6.6883482368463163	0.0040165988649966131	0.014502253227250513	0.00026901664151744671	8.8594535620433543	45.137361384721601	70.206141162960222	21.031537751905152	58.264125870786373	78.633846564718596	86.600000000000009	86.399999999999991	85.399999999999991	0.0084229654385291394	0.015597703166987175
3.8399999999999999	6.724124580772239	0.014556659495544013	0.036490375337078898	0.0082169608927011323	10.336463157785399	41.201186344118511	67.495327471271835	13.762518766487446	47.449145694037206	71.885053545074953	86.299999999999983	85.299999999999983	84.5	0.0084426193642655103	0.01591906402201267
3.8599999999999999	6.8525925116811104	0.00016887838567457937	0.00080380472117215994	0.0090334556940168641	9.8330555312446695	37.989567579531261	65.675575353452587	12.932994421078558	43.057501101108024	80.334194389178748	86.700000000000017	85.200000000000017	84.799999999999983	0.0084048812618423788	0.01568046777266751
3.8799999999999999	6.7159297331134757	0.0035172532416742697	0.019944764312808391	0.032594688620480324	8.1581632122857055	40.314917625882472	70.755471991774243	11.83474263369656	60.88457959868002	96.889078178490522	87.200000000000017	85.299999999999983	84.100000000000009	0.0083605411795799646	0.015033361276951528
3.8999999999999999	6.9926074647126946	0.0037358452728989593	0.01151417035601268	0.011520470710980791	13.956137532975607	53.62464312313331	75.443359825923608	33.017663793312572	86.195583350872553	103.53354833456333	86.0	85.5	84.5	0.008326864549387275	0.015396607351068896
3.9199999999999999	7.2956336287280648	1.3870156700360316e-07	0.0016322765152608034	0.050799480737031708	8.8234568715940167	39.713186976206437	78.726063107070075	12.048510963712404	56.157358849536436	87.107577796085522	86.100000000000009	84.799999999999983	84.299999999999983	0.0082718552214035394	0.016127221189466037
3.9399999999999999	7.0887771078318602	0.0001296367974584149	0.0040044171156009807	0.010106906543245326	11.278656568685188	39.064603678318328	69.008763026206879	22.464745173256013	49.187563156909285	71.751834906608806	86.0	85.200000000000017	85.0	0.0082432977810598697	0.015883001152384259
3.96	7.1453005948611708	0.00046433862205287558	0.00020274091217677002	0.0056130486274482486	9.6173427200839541	44.622865875963392	66.225248870473905	12.057126292261913	76.199357118074872	88.847538534945244	86.5	85.5	84.200000000000017	0.0082272450106055592	0.014749932587731539
3.98	6.9724681153487529	0.0075022705501144159	0.016010720435181005	0.00030957738378291176	8.074513195591722	37.07662115111556	52.184274860975208	9.5031832851188245	44.353422141171386	61.038023132992848	86.5	85.600000000000009	83.899999999999991	0.0081606109067073919	0.015089597562249835
4.0	7.1391472807901888	0.0013920237159154875	0.042626262194405858	0.01055759605610937	9.6630085104562529	32.616560656157382	61.687133370654365	14.438650342152581	33.132163656814733	72.742801665947795	86.100000000000009	87.0	86.200000000000017	0.0082115861748030348	0.015309640280766149
