weight	lyapunov	err1	err2	err3	m1	m2	m3	std1	std2	std3	null1	null2	null3	f	stdf
0.0	nan	0.74078896041983233	0.12391124338170897	0.02091419889914187	12.052894294076429	18.036381482781362	16.075395350044445	20.284741233988058	33.547685850236761	29.22984654641321	99.36999999999999	99.36999999999999	99.36999999999999	0.99884701132357456	0.1014820053973888
0.02	-1.3679966660659417	0.94109518593319519	0.89092715812482748	0.54982424427602872	17.74180821821076	173.36584354576408	331.98162340073719	16.817933257189274	144.83672260037773	271.35601873724966	87.97999999999999	24.370000000000001	14.9	0.9727241189705913	0.10149551157031825
0.040000000000000001	-0.24704392743498438	0.95215274964860497	0.98446995173838481	0.57329507712271144	15.344278254894984	143.98240481925333	255.92012798948554	13.79763203240131	123.97927482170205	220.25047259354943	91.030000000000001	27.130000000000003	14.529999999999998	0.94793346556899816	0.10158303752153704
0.059999999999999998	-0.13729899133701753	0.96228564878957157	0.98839933882637221	0.57706024422908619	14.731683216826648	106.56427171419621	179.09240082256787	12.920775204653083	93.709655459352263	160.1056088208671	91.280000000000001	34.690000000000005	17.670000000000002	0.92437561329291074	0.10173365595348197
0.080000000000000002	-0.12977562140043417	0.96984316412317406	0.98936141927215326	0.58415610815001107	14.127386343428551	85.782044305108556	142.77340986343239	12.952501670150014	76.407913283142705	130.06904015461691	91.110000000000014	40.960000000000001	19.07	0.9019607827801831	0.10193791725331938
0.10000000000000001	-0.11884194683225159	0.97558165607408998	0.99003091050774228	0.59785985273038056	13.890867569976256	72.910366652069101	131.77597959012195	13.004804357631736	65.952358382662538	119.52743933285622	91.039999999999992	45.830000000000005	18.830000000000002	0.88060770374106967	0.10218765252306597
0.12	-0.093212356320532846	0.9806094487961271	0.99064782944014274	0.61969863383578461	14.170213541360107	64.80378766814728	137.59717564663364	13.25370059440348	58.876539940094673	122.78817566851498	91.250000000000014	50.279999999999994	17.689999999999998	0.86024263384200006	0.10247580230405344
0.14000000000000001	-0.086220155862083508	0.98487989023506672	0.99126266000752283	0.64930433101822349	14.758967970955137	58.506830053115792	152.33030515086224	13.808025001834835	53.775695389714699	134.76953959939019	91.640000000000015	53.519999999999996	15.930000000000001	0.84079850545418344	0.10279626768879997
0.16	-0.075682409323661451	0.98769329419353935	0.99192998582480418	0.68517448997314168	14.754776564910411	54.109954661524583	171.79389385657737	13.854043797319679	49.849960747421179	150.66532432849758	92.0	56.450000000000003	14.869999999999999	0.82221418782755618	0.10314378085891225
0.17999999999999999	-0.079668784299620099	0.98933772831342404	0.99266206324394801	0.72301559526983272	14.600652296925119	50.648611875981281	191.36333019639832	13.764391861436138	46.82373959864983	166.07995305681817	92.490000000000009	58.809999999999988	14.220000000000002	0.80443384049831546	0.10351379137015153
0.20000000000000001	-0.069814373438497543	0.99029333512178153	0.99347250874383131	0.75654471369960663	14.526932031795226	47.423526393736417	206.03400982399575	13.56317592657571	44.494296994844625	177.76811172381733	93.070000000000007	60.36999999999999	13.879999999999999	0.78740635493665834	0.10390236951669776
0.22	-0.070604789328537088	0.99090002387087739	0.99435716814910047	0.78150084453320312	14.318716051038999	45.009945969160583	212.31254833981285	13.353928877662133	42.607049369291573	183.39044595367216	93.590000000000003	61.769999999999996	13.780000000000001	0.77108486756466643	0.10430612399962488
0.23999999999999999	-0.050518861957004071	0.99128883345069896	0.99523703993020407	0.79794563362315907	14.038245219683366	43.521063989477433	209.93930882506487	13.215481246555239	40.960232382098923	182.46532038170997	94.039999999999992	63.350000000000001	13.85	0.75542632380971297	0.10472213009390755
0.26000000000000001	-0.051908237243928207	0.99157144213088755	0.99603754480347795	0.80866124981725096	13.617082822029804	41.905796506246283	200.07042967271803	13.1110190278656	39.540567355171483	176.5513449262275	94.379999999999995	64.47999999999999	13.569999999999999	0.74039110532052033	0.10514786650485268
0.28000000000000003	-0.061227847075217307	0.99179667993809628	0.99670760757661669	0.81639184559747413	13.117647373486637	40.688932445755896	187.54244866071789	12.980873656873547	38.303313583635898	168.02567681910392	94.609999999999985	65.740000000000009	13.449999999999999	0.72594268692960529	0.10558116043811443
0.29999999999999999	-0.066056438304972293	0.99201648066793113	0.99721278764813004	0.8228692911757024	12.932024561227106	39.602378429275362	176.6937999725435	12.770409044214418	37.173881418721436	158.97737513014076	94.919999999999987	67.000000000000014	14.029999999999998	0.71204733475532112	0.10602014079980757
0.32000000000000001	-0.051640744847963785	0.99223980003964218	0.99758450555951028	0.82894667724733251	12.521390164172299	38.138646891434433	167.34549187436772	12.51716341157098	36.185208077928301	151.22136564511877	95.070000000000007	67.839999999999989	14.490000000000004	0.69867385475320964	0.10646319834664608
0.34000000000000002	-0.07074256134943642	0.99250653049738258	0.99784739974244796	0.83512742184486655	12.325250664771904	37.097842997270689	159.80487274473654	12.435309088862805	35.263819669630472	145.38461923522109	95.260000000000005	68.969999999999999	14.719999999999999	0.68579334967223693	0.10690894821386669
0.35999999999999999	-0.055458344057013317	0.99284331200241449	0.99803913668349264	0.84176124794071083	11.976156944988235	35.989069265488901	154.35246776107459	12.380291153723483	34.418869619716979	141.44270638549654	95.319999999999993	69.950000000000003	14.699999999999999	0.67337903126228871	0.10735620531080281
0.38	-0.050088972959574686	0.99322717918475223	0.99816837246264867	0.84893815784020066	11.758655612227059	34.948472351197701	152.20957198830931	12.298396219237869	33.646266092521458	139.23991460687685	95.400000000000006	70.890000000000001	15.229999999999999	0.6614060129989523	0.10780395350002332
0.40000000000000002	-0.04475367458366377	0.99362264594373872	0.99826112139305745	0.85653864245740396	11.963375340081988	34.035862478709092	151.77028827348499	12.186827179771253	32.929938621303059	138.60273302989239	95.63000000000001	71.829999999999998	15.6	0.64985113386620552	0.10825132171477006
0.41999999999999998	-0.028225994625104792	0.99400712225005405	0.99833202002005483	0.86431601009780257	11.692419569647059	33.082330240732624	152.10256699238124	12.079847959899395	32.244423554607984	139.12269539047932	95.660000000000011	72.63000000000001	15.560000000000002	0.638692831681684	0.10869757200770032
0.44	-0.046624720567824005	0.99437032914152612	0.99839780812422185	0.87194612895599588	11.623560490516336	32.296555110328839	153.33593961965261	12.019381024249693	31.594948019846271	140.24536964819529	95.749999999999986	73.439999999999998	15.680000000000001	0.6279109975457382	0.1091420733477442
0.46000000000000002	-0.037122055582931024	0.99471701149658076	0.99845113161495491	0.87904672449842347	11.211576841071217	31.643882421151783	154.30396574780926	11.832276007106994	30.982510976450818	141.31760211020162	95.719999999999999	74.260000000000005	15.819999999999999	0.61748686914221806	0.1095842952480485
0.47999999999999998	-0.039191653074742289	0.9950424742615821	0.99849454910656255	0.88569390021969507	10.967458222571153	30.733018984011164	154.78423611994074	11.56538051006806	30.431238942331213	141.92785607193005	95.72999999999999	74.789999999999992	16.109999999999999	0.60740291053270945	0.11002379259434696
0.5	-0.050547315262286369	0.99535366605881315	0.9985373159966352	0.89216124241685735	10.963908771152521	30.070956163991411	154.54981728243908	11.322523247983705	29.929628897711325	141.77836465560017	95.84999999999998	75.460000000000008	16.660000000000004	0.59764272275925912	0.1104601945492308
0.52000000000000002	-0.053000425084750759	0.99564564565649893	0.9985721280665949	0.89818552092884896	10.68908704220302	29.277614124901834	152.56530165253446	11.065534572146731	29.469623418677337	140.8038222943359	95.860000000000014	75.930000000000007	16.949999999999999	0.58819092758920266	0.11089318843911684
0.54000000000000004	-0.04837802631822774	0.99589690132619568	0.99860016081393466	0.90355018930259767	10.242784019327763	28.526963557591785	149.5972045863638	10.803478558365335	29.019005280969726	139.01678608172438	95.830000000000013	76.359999999999999	17.330000000000005	0.57903309923050728	0.11132252075065163
0.56000000000000005	-0.046878596298179961	0.99612061556336595	0.99862942790091436	0.90805368765370065	9.8713244517389818	27.923693168596202	145.7969217005691	10.538093793116294	28.573647889739629	136.48053834918369	95.799999999999997	76.810000000000002	17.700000000000003	0.57015569173891856	0.11174796512899501
0.57999999999999996	-0.070545547174976242	0.99632577372521924	0.99865262770329832	0.9116298722591395	9.6122465364805709	27.419481656386022	142.0898807406038	10.3128933602299	28.148620727107659	133.445886186108	95.829999999999984	77.310000000000016	18.32	0.56154598516020893	0.11216935563601257
0.59999999999999998	-0.049779556004100861	0.9965166164761996	0.99867263817836815	0.91460909632765597	9.5097420572569717	27.209412104675852	138.10544317811119	10.093571927636546	27.729926596339642	130.36011761227843	95.900000000000006	77.969999999999999	18.759999999999998	0.55319201518168659	0.11258656437054593
0.62	-0.049044137957978566	0.99669650664853582	0.99869152715006582	0.91732124051337272	9.2240546948182782	26.898474959905002	133.9905748570921	9.84951443487261	27.300764536383497	127.40581857260977	95.879999999999981	78.5	18.93	0.5450825239861864	0.11299945181537741
0.64000000000000001	-0.022594019248661633	0.99686553817441992	0.99871267614576276	0.91990836707844714	8.9139675295390255	26.562922139786629	130.63860277196039	9.5622095078670242	26.845189811292791	124.83614715582435	95.829999999999998	78.950000000000003	19.270000000000003	0.53720689165762026	0.11340794030627244
0.66000000000000003	-0.018716654236742937	0.99701783347484541	0.99873547999175494	0.92248628119317611	8.7682559145773702	26.010073440549483	128.45485883211273	9.3283100006498216	26.375671404379858	122.57290428696342	95.88000000000001	79.189999999999998	20.0	0.52955511616542583	0.1138119802590766
0.68000000000000005	-0.02877354710816013	0.99716261623543279	0.99876716426273116	0.92490076966276524	8.5186582067079648	25.594010465171117	126.28465850428802	9.0671261779811338	25.946332531559101	120.56774476989251	95.860000000000014	79.5	20.539999999999999	0.52211774894941543	0.11421151179517759
0.70000000000000007	-0.049837476202515663	0.99729965175819135	0.99880352650406934	0.9271352479960806	8.5551889209843601	24.950630676214409	123.80004026532349	8.8280260795204502	25.532389876861622	118.7720250330121	95.960000000000008	79.590000000000003	20.780000000000001	0.51488586570001771	0.11460650970623958
0.71999999999999997	-0.022234770498100541	0.99742250900535068	0.99882645618029875	0.92916078053559248	8.4375622129291976	24.341080124286943	121.93543042480114	8.6125252905795886	25.108152172191549	117.05744220157035	95.989999999999995	79.679999999999993	21.389999999999997	0.50785102823753703	0.1149969370773917
0.73999999999999999	-0.04592924073675058	0.99753799244766006	0.99882203409683501	0.93089548785990317	8.3589421451748045	23.896178785451745	119.58942028755223	8.4235209013831973	24.726046103790445	115.2846726887506	96.030000000000001	79.890000000000001	21.729999999999997	0.50100526095858222	0.11538279292411871
0.76000000000000001	-0.029996510418422856	0.99763750774997018	0.99883256739365112	0.93243961673069986	8.109321422219903	23.426775695161673	117.15228278307366	8.2626118533065256	24.340177258194142	113.29782981379924	96.010000000000005	80.050000000000011	22.07	0.49434103667879947	0.11576404766315047
0.78000000000000003	-0.02835268888341998	0.99771547076420997	0.99884350649029174	0.93370712550818813	7.850345403917558	22.881030591701489	114.24377744035658	8.0978713587247348	23.947137945823531	111.1481956104424	95.959999999999994	80.109999999999999	22.219999999999999	0.48785118278811401	0.11614069590304055
0.80000000000000004	-0.038686386221543113	0.99778004906952733	0.99885583050504145	0.93475190293556065	7.6971815997475774	22.673958621364182	111.18904496838351	7.916541978181634	23.606762068163878	108.82535283727739	95.969999999999999	80.429999999999993	22.160000000000004	0.48152889116150704	0.11651270641111414
0.82000000000000006	-0.029612471779792083	0.99783290547360548	0.99887566568766883	0.9356649389022611	7.2737004748825127	22.241291987803685	108.1355698978455	7.7384855809827799	23.276980302693012	106.58945784992446	95.840000000000003	80.539999999999992	22.02	0.47536771439442332	0.1168800585829872
0.83999999999999997	0.0012444362720762624	0.99788054999649101	0.9988933228466953	0.93641687015709485	7.1081607166488139	21.631513650432055	105.79931928930174	7.59452936863965	22.973390882760818	104.45868145360096	95.829999999999998	80.469999999999999	22.18	0.4693615196657473	0.1172427970115532
0.85999999999999999	-0.030060798603105753	0.99791822312788214	0.99891733242697334	0.93678395795047997	6.7604059616178755	21.382959500286525	103.34200375455262	7.4562597222141536	22.671465063021181	102.45930822713601	95.700000000000017	80.689999999999984	22.099999999999998	0.46350461461971693	0.11760009747039649
0.88	-0.043108566915074961	0.99795770143976714	0.99892806043389726	0.93687912096998538	6.56105030085231	20.99920185125854	101.30100509784691	7.3318634922985568	22.375707423663876	100.53207187364021	95.669999999999987	80.75	22.130000000000003	0.45779143480433299	0.117952067074374
0.90000000000000002	-0.028061452764020469	0.99799406317053019	0.99892725763706791	0.93715899778582956	6.2405193956221572	20.6631850041937	99.858185113241518	7.1752415798471478	22.066933508515781	98.872529786774535	95.550000000000011	80.819999999999993	22.490000000000002	0.45221660403446301	0.11829958721458941
0.92000000000000004	-0.023555044731460344	0.998027978274315	0.998928731524243	0.9373174612115911	6.1432336444863163	20.201093394572261	98.457905933944431	7.0323078245842696	21.710885473299232	97.454821282980504	95.570000000000007	80.72999999999999	22.879999999999999	0.44677535855687928	0.11864178552931745
0.94000000000000006	0.018241500171742069	0.99805845906179447	0.99890855875731499	0.93729651592493468	6.186373888053474	19.968023087704712	96.772906308840959	6.8998839031178836	21.416250125959337	96.033837446076987	95.679999999999993	80.830000000000013	23.0	0.44146265392793549	0.1189787892045123
0.95999999999999996	0.015115055949678638	0.99809568795207448	0.99888856308251839	0.93687621939310972	6.0493444476198581	19.588385432793451	95.019331374528434	6.710624167447075	21.124732827589117	94.457951362904538	95.669999999999987	80.759999999999991	23.220000000000002	0.4362738624336413	0.11931101359770535
0.97999999999999998	-0.021890467712949842	0.99813031317101897	0.99886415267524387	0.9360847186165755	6.0365974250508199	19.321484226452768	93.239264875657341	6.5357578659496722	20.853992189398205	92.780915506281872	95.72999999999999	80.769999999999996	23.510000000000002	0.43120473665796233	0.11963870029988388
1.0	-0.033658903169901985	0.99815335355216439	0.99883076264484816	0.93517881790818236	5.7433925301267363	18.90030181856212	91.430902335289957	6.3552267080898028	20.550713014143064	91.282223750278291	95.579999999999998	80.590000000000003	23.760000000000002	0.42625111350662881	0.1199610357302348
1.02	0.0071542702881582784	0.998188440592082	0.99880279060283339	0.93425176462024684	5.4912544615952781	18.335248420893343	89.71909300843221	6.1607706656474672	20.249445566613957	89.875378454409372	95.449999999999989	80.240000000000009	23.990000000000002	0.42140906241411519	0.12027915484176328
1.04	0.016699101892822272	0.99821726499807917	0.9987716894404931	0.93293645332476061	5.3901836718174136	17.871913325868995	88.279142813494758	5.963466055454882	19.911450554971292	88.470578681214448	95.419999999999987	79.980000000000004	24.339999999999996	0.41667479379107653	0.12059296557211177
1.0600000000000001	0.023034668395981388	0.99823907963808201	0.99873416982964192	0.93150435588952352	5.0805891231580906	17.398962786620363	86.759886047347763	5.7269789479144908	19.496142534803422	86.902474966991335	95.189999999999998	79.640000000000001	24.539999999999999	0.41204467184352123	0.12090241028233717
1.0800000000000001	0.055525669103789289	0.99825329056916023	0.99866888680142263	0.92988792583741853	4.7536822980081279	17.051016798275221	85.226675018554076	5.5043618082789276	19.078712017257992	85.182073189685099	94.919999999999987	79.38000000000001	24.740000000000002	0.40751521840150867	0.12120742123215919
1.1000000000000001	0.041251520018807525	0.99827842224550734	0.99857809457906477	0.92768425165202084	4.7117646247518303	16.675234458639949	83.294894310913065	5.3283868462486366	18.658147181842914	83.348894009127378	94.919999999999987	79.059999999999988	24.619999999999997	0.40308313706571236	0.12150785329297475
1.1200000000000001	0.058272945659764167	0.99828949389571986	0.99846422676211932	0.92496642673400553	4.6343359653572254	16.342294747708401	81.329619029729116	5.1369940364253157	18.270285758181725	81.578709793446109	94.859999999999985	78.700000000000003	24.509999999999998	0.39874520991193962	0.1218035490701245
1.1400000000000001	0.071758704369769638	0.99828856067849014	0.99831050122956955	0.92207526124628747	4.533323346174094	16.043315633996126	79.673418189610189	4.9854396867766164	17.940570996288375	79.896599816365082	94.769999999999982	78.36999999999999	24.669999999999998	0.3944982912776806	0.12209389537217723
1.1599999999999999	0.024904030037011141	0.99827398321840111	0.99811632053310717	0.91896914385469852	4.288153914203618	15.712757220597595	77.867555010298119	4.8342361603528561	17.627845946690588	78.080812143991594	94.539999999999992	78.02000000000001	24.520000000000003	0.39033945484014076	0.12237826875902177
1.1799999999999999	0.10173589154356943	0.99823300699526807	0.99788448465683499	0.91663070121395496	4.2004713619147491	15.44651054257597	76.11500661140704	4.7084760723067536	17.295556466549336	76.262056062060381	94.47999999999999	77.750000000000014	24.07	0.38626623126929693	0.12265579901397342
1.2	0.085924001946735953	0.99816552883597665	0.99762612067188106	0.91296227763934801	3.992690585831089	14.943032811869069	74.392666439730164	4.5710006043453344	16.930856277912113	74.411383556122999	94.269999999999982	77.059999999999988	23.48	0.38227590751219576	0.12292664327202292
1.22	0.14192127283791448	0.9981076600856984	0.99734442484038488	0.90856664666805109	3.841502363224985	14.458599972209891	72.72740985120123	4.4245899967810844	16.545904453811808	72.584035967581201	94.079999999999984	76.300000000000011	23.049999999999997	0.37836549894417593	0.12319100808594274
1.24	0.10340289731425037	0.99804187284459878	0.99698876476550957	0.90384922482993413	3.6016196366715292	14.348820057706366	71.118948396498595	4.2600059027055286	16.183754704865354	70.489696829832241	93.75	76.13000000000001	22.530000000000001	0.37453209918489921	0.12344816094976327
1.26	0.23084199227170096	0.99793895305496716	0.99661209608426637	0.89991384836698773	3.4438583962435083	14.097770641564091	69.410494508026687	4.0906824484372777	15.800705049335747	68.464870046638367	93.490000000000009	75.629999999999995	22.0	0.37077328966352463	0.1236970234295726
1.28	0.21571199270319485	0.99780504332073983	0.99608178378570911	0.8955493857039617	3.2750214620923943	13.777730688467759	67.86528271105071	3.887324675564801	15.418332147800339	66.845016287240696	93.180000000000007	74.920000000000016	21.710000000000001	0.36708633468539348	0.12393622989513293
1.3	0.20290723968562219	0.99767339410303424	0.99506535162048981	0.88245792852018279	3.0733321111233223	13.203248958419849	66.424329432093572	3.6889063650124747	14.959721484857891	64.895233649094536	92.77000000000001	73.590000000000003	21.490000000000002	0.36346576700924277	0.12415583666205846
1.3200000000000001	0.27019608889741359	0.99750998382121092	0.99423029979862299	0.8782840633890977	2.8640938908446425	12.588205163517673	63.813693858616247	3.5338323076950693	14.407355367389105	62.743195154790989	92.210000000000008	71.77000000000001	21.069999999999997	0.35990891480258552	0.12434347146829332
1.3400000000000001	0.34969458597681874	0.99735557005661346	0.99305844148499334	0.87382203255527691	2.7061660126140894	12.020609994252116	59.737179772606851	3.3593057148753451	13.822641315430346	59.417324824174692	91.670000000000016	69.530000000000001	19.789999999999999	0.35641069607645937	0.12450079116658627
1.3600000000000001	0.42267217953805963	0.99715028692507968	0.99127955560190162	0.86403204633955544	2.4864125164249105	11.402539057760245	56.938342642010682	3.1112107049325792	13.205647864905405	56.292542855714409	90.88000000000001	66.739999999999995	18.600000000000001	0.35297366200474095	0.12462701863355034
1.3800000000000001	0.31110094484675771	0.99674360625433001	0.98745065254117215	0.84200856972642857	2.3032147570363088	10.976775620104799	54.307168337879531	2.8946597158460081	12.505127669980645	53.142036664642241	90.050000000000011	63.479999999999983	17.249999999999996	0.34952805152514549	0.1245608742846865
1.4000000000000001	0.54727548465733611	0.99627564735806495	0.98374484933519191	0.81230268915801962	2.1605064041375885	10.62819891597003	50.996949808813881	2.6785079050983436	11.880722105392351	50.061088902610315	89.189999999999998	60.320000000000007	15.73	0.34613173624690463	0.1245056207602953
1.4199999999999999	0.37920807079143326	0.99574485563269588	0.9766687327741268	0.7682187819570232	2.0242534581560134	10.155182942557779	48.561615672189454	2.474291520745461	11.399023228882688	47.923195079382175	88.38000000000001	56.970000000000006	14.690000000000001	0.3427898799834409	0.12446412911283086
1.4399999999999999	0.43126218352856466	0.9950062522112828	0.96600551500743248	0.72303777163972471	1.8442711506435086	9.8849601235934212	45.784481574800608	2.2909125151891292	10.887838654527291	45.786105245894937	87.320000000000007	54.179999999999993	13.690000000000001	0.33944521432376673	0.12430772281055677
1.46	0.53689974577220345	0.99382766149489421	0.95658316664573617	0.68363218731856046	1.6838997268542681	9.6538175137624602	43.564554053285448	2.1284241173302569	10.526101031650962	43.686031959604023	86.060000000000016	50.839999999999996	12.720000000000001	0.33605856266291673	0.12398295660191319
1.48	0.56078995187198077	0.99297640668619569	0.94700383599128446	0.64045263585638701	1.5618267067379323	9.5043771021802481	41.381666967122413	1.9249642987157027	10.29230986062748	41.57846718288237	84.889999999999986	47.609999999999999	11.489999999999998	0.3326841430566897	0.12352244825348684
1.5	0.71781836650809394	0.99189179130249661	0.93710787923810712	0.6102716525763181	1.4285220486465131	9.3255339885095943	39.228017888152415	1.8052234501172841	10.050804514266201	39.684600322811846	83.049999999999997	43.690000000000005	10.760000000000002	0.32943510761553368	0.12320385386330987
1.52	0.70997265253157182	0.99062655602874794	0.92048464813817898	0.56972339591159926	1.3617913423882455	9.0878008140688422	38.220878176625931	1.7375665173485699	9.7410454915417723	38.12312509759073	82.000000000000014	40.030000000000001	9.4100000000000001	0.32617384609528394	0.12277025023239845
1.54	0.67651889538771792	0.98914884590142493	0.89657659345511487	0.55749222448597835	1.3056363891127354	8.9127826665349161	37.491431215766873	1.6431208047235732	9.4516193737727772	36.727115719218055	81.239999999999995	36.859999999999999	8.3199999999999985	0.32289456516098552	0.12220462865997388
1.5600000000000001	0.71146590934537335	0.98791513859474556	0.87123697718950499	0.5132821312163206	1.2268222768602912	8.8555301150351653	35.281841780324882	1.5127572765412618	9.1686622774322082	34.157755447019355	79.570000000000007	34.429999999999993	7.1799999999999997	0.31963033221585457	0.1215621705497482
1.5800000000000001	0.62517335425509657	0.98687781056607471	0.86884879356535571	0.49993846716510282	1.1618625958787276	8.921767541316953	33.761488398436512	1.4601715337425165	9.2073963829703107	32.432589711252731	77.700000000000003	30.660000000000004	6.4899999999999993	0.31639254577510412	0.12095306654841745
1.6000000000000001	0.57457782945215552	0.98558056635157987	0.86208448918523639	0.43935927227650362	1.0885055817192995	8.7993746392094181	31.957557939252752	1.4249017255659973	9.1469960822597063	30.771186283067635	76.140000000000001	28.639999999999997	6.0199999999999996	0.31315209739221112	0.1203023701527746
1.6200000000000001	0.58729720859317414	0.98332797733700361	0.8207330563764117	0.41812823501077478	1.0631924689132735	8.7885107294463687	30.877976774730762	1.3230235754713306	8.9737374289187404	29.431416238450261	75.429999999999993	25.959999999999997	5.6299999999999999	0.30993949072204485	0.11961970020022288
1.6400000000000001	0.67714004862076116	0.98194133050843457	0.80046059772975653	0.41304800423558313	0.99668876048879618	8.8384741191800611	30.389409807937859	1.2556088825177234	8.7454708659738873	28.970426498857858	74.150000000000006	24.289999999999999	5.3499999999999996	0.30677882283069247	0.11897575138439756
1.6600000000000001	0.74968430437879419	0.97991066115585568	0.77529207676932221	0.37527610466150529	0.97414491966994954	8.7958910707819644	29.327568705447341	1.1961461295922986	8.7645490237338564	27.953092506726609	73.019999999999982	21.940000000000001	4.2200000000000006	0.30366613309344181	0.11836206624724969
1.6799999999999999	0.64450289595981936	0.97808354986397494	0.75931004906576183	0.3522207664709413	0.92669522973662732	8.5740216528597237	28.633851427533102	1.1396886650735445	8.4782990726140639	26.626418360281328	71.409999999999997	20.600000000000001	4.3300000000000001	0.30062631937120743	0.11767993543995958
1.7	0.62485812383809936	0.97514126013116731	0.72659417780831315	0.31841343173870562	0.92259275660075202	8.430664378437303	27.9235048167976	1.101025946802757	8.2867963304774133	25.952754803161774	71.530000000000001	19.100000000000001	4.0999999999999996	0.29761493190787675	0.11704850881495676
1.72	0.78448682061974973	0.97303352707272883	0.68789290703256123	0.26642952912554196	0.90378250210188038	8.6257464109909829	27.529139833731751	1.0574174732645201	8.3319255689967378	25.658686094976439	70.049999999999997	18.43	3.8199999999999994	0.2945469754556222	0.1161043106251427
1.74	0.97468716177962766	0.97158056349964039	0.68457854704413135	0.25178594027657814	0.87598701941019674	8.1999475078444952	27.071660166563856	1.0169047615119835	8.022151408299484	25.02675014101148	69.849999999999994	17.970000000000002	3.2500000000000009	0.29155817926310906	0.11542211503719808
1.76	1.097980462391335	0.97050802511264467	0.68563874584511331	0.23002453769859738	0.86289693503731812	8.2869791246384938	26.353490912081508	0.98052705836120091	8.0290562717886083	24.17563833218226	68.469999999999999	16.619999999999997	3.0500000000000003	0.28857883297097009	0.11464104929385552
1.78	0.97759838240693064	0.97033375321973203	0.64637943422736943	0.19409456691221122	0.83939436536296896	8.0931944120088311	25.034228063641713	0.92928981212634254	7.6850231523073784	23.171304916600207	67.569999999999993	16.760000000000002	3.1400000000000001	0.28579976788861522	0.11399922340189139
1.8	0.62246870695928769	0.96679617917875937	0.60257145011301072	0.20461677373339845	0.83965939890394847	8.3161402959098147	25.968022060718603	0.96915132883722066	8.0206165044831206	23.950739443469036	67.090000000000003	15.1	3.1400000000000001	0.28313537248093973	0.11353651008105484
1.8200000000000001	0.7752570719487899	0.96335275892406502	0.57284402990026195	0.1967052329285747	0.79705651241409592	7.9118893694992831	23.872902183427932	0.89777826160449037	7.4596793299741844	22.034272354315021	65.469999999999999	15.030000000000001	3.1499999999999995	0.28037042259452699	0.11266055936111155
1.8400000000000001	1.1397282203964769	0.96590143374514192	0.58068754269546397	0.22437235163633734	0.79673491006537367	7.712177623831316	23.114922151192069	0.88264398897949392	7.3355416264755178	21.267000777319691	64.629999999999995	14.4	2.7600000000000002	0.27763429520782051	0.11215535851609162
1.8600000000000001	0.91952304605928648	0.96361236700835851	0.55088926716624531	0.18056288158194836	0.78450855995439861	7.6801332181734567	23.080195102740468	0.86098636522524374	7.3488871783040182	21.148662591952117	63.960000000000001	14.15	2.8800000000000003	0.27509339081992146	0.11157496531345112
1.8800000000000001	1.3361608262209659	0.95842510747929732	0.50182372056125835	0.13910642056479181	0.77306720546100072	7.6150472039314678	22.056877666220689	0.84234702715490584	7.2680828611046238	19.851603742790196	63.189999999999984	13.050000000000001	2.9299999999999997	0.27256601863623009	0.11091626088057245
1.9000000000000001	0.978034027746846	0.95488619402565733	0.49688866200737014	0.14581038096722285	0.77461597443378538	7.3918752200773481	21.839097386496785	0.83683742207990763	6.9408045569043368	19.613094857701931	62.999999999999986	13.030000000000001	2.6800000000000006	0.27023010637601902	0.1105354907867783
1.9199999999999999	1.002849749852198	0.95946580060487585	0.54201044815764221	0.16023409933130536	0.75858749118605961	7.334077100318547	21.43467941026373	0.79958724792827451	6.8050377775258521	19.148383946603968	62.259999999999991	12.73	2.29	0.26735991540514564	0.10983804798803269
1.9399999999999999	0.98566758982270797	0.95110448052603613	0.48357598882138814	0.14985311151707964	0.75810116255570281	7.2316453915120702	21.242634709522981	0.83135829664849203	6.7588921380332776	19.335453644114729	61.890000000000001	12.800000000000002	2.4600000000000004	0.26488687208394801	0.10929190551734229
1.96	1.0396290934228107	0.94392047369623189	0.44820341924922441	0.15401119523307144	0.75743236778127132	7.1391086187845136	20.029583642095794	0.80135913841948447	6.6783348559607205	17.919517833828028	60.640000000000008	12.250000000000002	2.1499999999999999	0.26272695808887458	0.10862923058763332
1.98	1.0104011739025112	0.94987106870274185	0.41887627234347125	0.13174166838905305	0.72271317795363488	6.9273802834602431	20.000599267469589	0.76793430285666875	6.3980964845069161	17.957286485058212	60.100000000000001	12.85	2.5499999999999998	0.26059337030063273	0.10802480380155879
2.0	1.1349487281079069	0.94145900129613536	0.38971523789886675	0.13560036129103692	0.73182743904656788	6.9434934432800883	19.806221113026886	0.78076441730124957	6.4507892558964839	17.6250417379608	59.120000000000005	11.52	2.3799999999999999	0.25805337660314442	0.10726574285538307
2.02	1.277228883745996	0.94292943025952258	0.43487151620509651	0.16781362753691856	0.73382333202802319	6.8813939959210106	20.331812642908289	0.78152001269944638	6.4314325646744548	18.20193061285579	59.910000000000004	12.43	2.9100000000000006	0.25533869529842829	0.10671590195010901
2.04	1.3092027495711522	0.93233270818471914	0.38470125349407497	0.10750220769604182	0.72412104083575868	6.9723802874727427	19.585056234996941	0.7512341761854795	6.4483321478872995	17.528007514920596	58.450000000000003	11.18	2.2999999999999998	0.2536382238708364	0.10693374865121701
2.0600000000000001	1.2671758611658859	0.93452632162927907	0.38178193081161554	0.11771238638658496	0.71227856513135546	6.7507135421043092	19.429380569928835	0.76506288984275739	6.2577009914034258	16.837493805848151	57.410000000000004	11.440000000000001	2.3399999999999999	0.25179401616146241	0.10568293234863127
2.0800000000000001	1.2203041211947139	0.94149255189966252	0.41126844297134257	0.13477939242158885	0.71700311249364801	6.9611883056520174	20.455838690346994	0.75491389485754645	6.4529224102162415	18.208316147468221	56.700000000000003	10.510000000000002	2.2000000000000002	0.24912003291867943	0.10509050404598627
2.1000000000000001	0.98919811547564995	0.93871556132314227	0.38254792540391619	0.09613063399174783	0.71562687649164802	6.8504789003277837	20.016128856063911	0.75181714731606264	6.2369062467210297	17.44950150386677	56.420000000000002	10.520000000000001	2.2800000000000002	0.24767857135017221	0.10464851100190091
2.1200000000000001	1.0117296849342114	0.93296305034201832	0.35769756403355502	0.097790446686839227	0.72009287309922143	6.7857509999089611	19.543453550930764	0.74559244101931466	6.1948350436376671	17.226683366325837	56.730000000000004	10.52	2.3799999999999999	0.24496290090282136	0.10420703884297684
2.1400000000000001	1.1005256062396815	0.92850073223307139	0.33448594664785453	0.093280792487246036	0.69312441572548278	6.5867560869124135	19.479745835291478	0.72160721512670367	5.9286311210010174	17.025498483906112	55.319999999999993	10.460000000000001	2.1299999999999999	0.24309058888317553	0.10339548649349964
2.1600000000000001	1.5590237979312855	0.92286582428262987	0.3498033371778112	0.082694491365569292	0.7015174797836824	6.4559563978832273	19.068836390974418	0.72848403817451435	5.9730719416984055	16.70569467686202	54.129999999999995	10.27	1.9800000000000004	0.24133185259562123	0.10302266295691512
2.1800000000000002	1.480709692199575	0.91113815902877471	0.3374624960219369	0.12074761024381364	0.69128902072269449	6.5243905087935463	18.65374126818827	0.70698254097718338	5.8512110444372674	16.159213143172604	55.640000000000008	10.959999999999999	2.1200000000000001	0.2394123672002908	0.10200170038883849
2.2000000000000002	1.3586242499536549	0.92310555772795122	0.32891872729342014	0.10056322236564789	0.69813143715761905	6.4195608732136789	18.126995435378483	0.71592555124672774	5.7737692664764397	15.803067380173863	54.270000000000003	10.080000000000002	2.1399999999999997	0.23738613951226811	0.10180876960818319
2.2200000000000002	1.2816188760299643	0.91422554796556599	0.34323486894013533	0.13148413576567319	0.72607357303675624	6.2216537392393532	18.557965515080607	0.7658708849584227	5.7059431995151373	16.270898592537627	56.019999999999996	13.469999999999999	3.2600000000000002	0.23243857951784097	0.10162650326289133
2.2400000000000002	1.576831866221188	0.90597990601310108	0.30754568475800792	0.13737030656135182	0.73939123152905128	6.3680224308758948	19.11944754250144	0.75995037550215283	5.7637587595319371	16.707241506538814	54.520000000000003	13.040000000000001	2.6699999999999999	0.23010803348110137	0.10103327603879893
2.2600000000000002	1.9052206100513176	0.92290531537063691	0.32003900239551109	0.14018700324691941	0.71648389498613396	5.9970790474041342	18.113133298383616	0.75703701199424822	5.5025139632942519	15.914019366766215	54.929999999999993	13.26	3.1400000000000001	0.22800377847664963	0.10035674934340059
2.2800000000000002	1.6947182270819849	0.90993921889482388	0.25539863932238999	0.059633094994025769	0.64272509800097399	5.5315063599199989	14.737760362029471	0.6479435715374724	4.9966381504614352	13.093617465683232	52.720000000000006	10.41	2.4400000000000004	0.22958844146485036	0.099570898555514736
2.3000000000000003	1.7752578961203151	0.91358401626647634	0.28584710266961572	0.061031371823729218	0.64946048263900458	5.4866683346402443	14.585027352100752	0.65307885798852827	4.8908208818845926	12.624713449569693	51.640000000000001	10.41	2.2399999999999998	0.22792856536772091	0.099063982226670913
2.3199999999999998	1.4803309795759654	0.88505115330937245	0.19298385446358302	0.02903784112513582	0.63676386726315071	5.4675612080178748	13.846541737766731	0.65663446891833221	4.9418908019221801	11.948282464107274	50.939999999999998	9.8300000000000001	2.6499999999999995	0.22592106874748827	0.098820963914023743
2.3399999999999999	1.9378666368850002	0.89934261958905015	0.25342619067531319	0.071199524534184183	0.64111543798399362	5.4037472985885948	14.002741339813491	0.65039794550730679	4.8240085593185515	12.173337338681122	51.270000000000003	10.26	2.23	0.22455117279891113	0.098399799631999893
2.3599999999999999	1.9241604583904151	0.89997965663790025	0.24492276654266648	0.036825773963531837	0.63729315839044853	5.331090461564175	13.613808601294926	0.6487609178829159	4.7034150289799177	11.745295306424739	50.390000000000001	10.399999999999999	2.4300000000000002	0.22252319960511241	0.097686326535335599
2.3799999999999999	2.3817744676695325	0.8819549014883894	0.20505414991506993	0.045184609589583383	0.63205840575766548	5.4395185676629989	13.496409547755846	0.63990415568622017	4.9294265033262823	11.781330668833899	49.469999999999999	9.7099999999999991	2.4199999999999995	0.22104756360700389	0.097329105276559816
2.3999999999999999	1.9941873960816854	0.8878051347509277	0.17855612407542829	0.041615836302496073	0.64037057801266983	5.2415848358793511	13.170033736968856	0.64298035665574771	4.7504283209738203	11.689983689143212	51.120000000000005	10.43	2.7300000000000004	0.21940767180456833	0.096423455157966562
2.4199999999999999	2.0402132928168926	0.89580500764222715	0.22935879824932584	0.031237806580075893	0.63388696499484487	5.2529022058514911	13.268154931390086	0.62738854067983374	4.7115932382074703	11.44678684473566	47.899999999999991	9.5599999999999987	2.4300000000000002	0.21750750150224468	0.096231006861111343
2.4399999999999999	1.8430965274661317	0.87199246100607053	0.18650007807984106	0.03282109355903165	0.6324226634646537	4.9402044062280215	12.781314491003252	0.62060318840118744	4.4035908872990177	10.979067921193341	49.190000000000005	9.9399999999999995	2.5699999999999994	0.21621087387072541	0.095237168517771947
2.46	1.7082862561024308	0.87323796478361149	0.16376569663207161	0.024931870556965323	0.62886470967266639	5.10779520912447	13.018541097069406	0.60413015708686479	4.5350520316688057	11.128922818066652	48.159999999999997	9.4900000000000002	2.3399999999999999	0.21463517139470928	0.094597259716480447
2.48	1.9636852611715361	0.87618209876241637	0.15120028565375779	0.026721744565450241	0.6321614394033237	5.1477930366630593	13.157029324911369	0.60529956885183078	4.5059706587595478	11.205472605431652	46.829999999999998	9.0500000000000007	2.21	0.21303684284251853	0.094385608968247409
2.5	2.4281138391769805	0.86360506375060209	0.16726949699499283	0.027573570599195102	0.62600991490362001	4.5835831812111554	11.763137023467625	0.61359357907553913	4.0439957869093828	10.00771679250993	47.380000000000003	10.210000000000001	3.21	0.21132913536241849	0.094208126689569641
2.52	2.1618325565910053	0.85805736460438131	0.15822704516906749	0.040043579959721395	0.63089069736267378	4.7637897166532657	11.830461516282369	0.60818665675009265	4.2281412324939138	10.027666161756999	47.050000000000004	10.430000000000001	2.7299999999999995	0.20999378121144177	0.093217564503545444
2.54	2.3544182339861353	0.87081555565211521	0.16538508375608646	0.050164164147774234	0.6224452090258169	5.0593839192951462	12.481187243538496	0.60667087962344179	4.4496825068416346	10.516612459446428	46.079999999999998	9.2400000000000002	2.54	0.20804369041716292	0.092748416305684006
2.5600000000000001	2.5427262313064602	0.84588320419343721	0.16156472599116348	0.034255091129565707	0.62098578540155824	4.7055222411419342	12.143864586662877	0.59497464875769679	4.1941066705830989	10.510642690989224	46.239999999999995	10.18	2.46	0.2067346570067771	0.091810234909496385
2.5800000000000001	2.7082309353949316	0.85651256946292809	0.15474855041898936	0.012744526583422228	0.62183760700608148	4.679561199639318	11.627500004400975	0.61040902570187627	4.1291845643435359	9.8756905532173231	45.57	9.4700000000000006	2.79	0.20513953725198708	0.091875150981094389
2.6000000000000001	2.1729489541568952	0.87746185779096897	0.16252058751373963	0.031231226735361495	0.61373564399072067	4.516257334692706	10.747710108263334	0.59776108358335667	3.9813295631970704	9.1572002664722891	46.759999999999998	10.380000000000001	2.8899999999999997	0.20302859506277202	0.091525309221739903
2.6200000000000001	2.816272348089162	0.84615242247533051	0.096185387892983504	0.027406311190424564	0.6335670435034132	4.6895319435343277	11.17911041996358	0.58885067355908027	4.0618641930986659	9.3591546504311101	44.799999999999997	9.5700000000000003	2.5699999999999998	0.20240962721863881	0.090572819603074117
2.6400000000000001	2.5683296596535459	0.86554284904434309	0.13647176160306135	0.025650677149949685	0.6135081002865308	4.3593727929325468	10.775071914464297	0.5778559503742362	3.8469251324199973	9.1335568635578905	44.259999999999998	9.629999999999999	2.5799999999999996	0.2005789123071248	0.090624992079447783
2.6600000000000001	2.9135428181168752	0.85623427910758687	0.15107634357628472	0.033927450916797039	0.60815736069107174	4.4141119448308777	10.883545342275159	0.58047598631659292	3.9135337295330594	9.2316737496122716	45.820000000000007	9.6000000000000014	2.6700000000000008	0.19903341371865721	0.089951204993068926
2.6800000000000002	2.2209893207357054	0.86002618843213308	0.14579163788709215	0.024806318013986056	0.61437057749870838	4.6200948460218765	11.589346090984892	0.58097991064387333	4.0034026892710157	9.8040868987559797	44.869999999999997	9.2400000000000002	2.2099999999999995	0.197583042198402	0.089450603967799511
2.7000000000000002	2.6377992575541849	0.84550576256439525	0.14539898498493714	0.016759751119981993	0.61430500125214438	4.6622152621124897	11.59399050607691	0.59090045115868828	3.9886504859038241	9.6244638341581101	44.529999999999994	9.1699999999999982	2.2999999999999998	0.19623309570673303	0.088959831818234983
2.7200000000000002	2.5980592617448974	0.83981720772419699	0.13127785285265536	0.026493835708539849	0.61939919995606263	4.2147726843043687	10.221313595453783	0.58741633169149887	3.6841413104497298	8.6903831971411059	43.719999999999992	9.9299999999999997	2.8100000000000001	0.19522579323321346	0.088643430776264867
2.7400000000000002	2.7396534284878111	0.83617046881687251	0.12375344557550053	0.013521615113742011	0.61159971264748925	4.3293345590442369	10.293423302432085	0.57956110687333551	3.7847648906254081	8.6455658519197005	44.210000000000001	9.4699999999999989	3.1200000000000001	0.19375679638554036	0.08794564032741195
2.7600000000000002	3.0231917463185298	0.83646609352985968	0.12231581993306902	0.018398157830912625	0.6100168970302996	4.3735286554987507	10.906623181753414	0.57439951267849187	3.8013085003073903	9.1738044006180086	44.480000000000004	9.9600000000000009	2.5	0.1921126476367335	0.087690841720575813
2.7800000000000002	3.8647294702618598	0.82705371747495759	0.12819139263569354	0.018088887916654601	0.6213214817081022	4.1358622807200014	9.9684995299020933	0.58386375631521104	3.6039599023239992	8.2935630020052464	43.969999999999999	10.040000000000001	3.2300000000000004	0.19105007912824673	0.086940875355230512
2.8000000000000003	2.8211406643095049	0.83592146700957559	0.13187375847158295	0.019206254545032393	0.61261322238018978	4.3275943168094857	10.004325104670558	0.59272502761118651	3.7722039204395705	8.402772242497079	42.659999999999997	9.9400000000000013	2.8700000000000001	0.18973134329831171	0.086774705032333893
2.8199999999999998	3.0674673246777191	0.83103009103040359	0.13876881916707326	0.024544375670944845	0.61801837399262882	4.2121897787881215	10.564677191827965	0.58673970397220021	3.6794144096374461	8.9325386227520003	42.759999999999998	10.119999999999997	3.1200000000000001	0.18803957526271461	0.086088633851239271
2.8399999999999999	3.273778294143348	0.80261114902285713	0.07323982830328736	0.010311614706416453	0.62954942530741387	4.1815939699221811	10.141836806777812	0.57932213232017182	3.6539548044738561	8.5743354835438552	42.399999999999999	9.4400000000000013	2.6399999999999997	0.18753539446200862	0.085100469798216921
2.8599999999999999	3.0017725627647605	0.81653829218826368	0.089098660788891434	0.0084295312145059101	0.62503514112664815	4.1855204258564935	9.6913615648070977	0.5827532236181483	3.6497820936972603	8.1837863334184568	42.229999999999997	9.6500000000000021	3.1900000000000004	0.18626488593159915	0.085138811875551793
2.8799999999999999	3.2110794768631594	0.81800765433379818	0.10967332023987519	0.012267857202524235	0.60901420299722409	3.9282790132148087	9.4265496792239656	0.56564798559073126	3.4297817824535608	7.9268591193114046	42.409999999999989	10.199999999999999	2.9699999999999998	0.18432032066489981	0.084809426669817098
2.8999999999999999	2.934697310613692	0.80927951166937606	0.10494612613831236	0.02440278365783706	0.60591367585785239	3.8953340834917434	9.4441870727183392	0.55756693372512578	3.3762502808332493	7.8823401904206492	42.82	9.8399999999999999	3.1299999999999999	0.18341972400154027	0.084362072416774778
2.9199999999999999	3.2921832370318889	0.80310438819020802	0.077334030574853621	0.012291663633808644	0.62141710232820091	4.1054858219487453	10.001826558487229	0.56996911258312299	3.5605405104844876	8.3575605522119663	41.659999999999997	10.140000000000001	2.96	0.18239502982579331	0.083921487987376711
2.9399999999999999	3.3216076587094681	0.79918778118929923	0.090939440661879312	0.0094512870723544549	0.61596645769640601	4.0776005798839527	9.42544080674082	0.56533494283230989	3.555905086726515	7.8870240656901469	42.079999999999998	9.8899999999999988	2.96	0.18066363038207148	0.083239804481257063
2.96	3.5890068791556429	0.7955155058809098	0.10609731537800486	0.017564856585405585	0.61628740136729532	3.8158948731961475	8.8009185279556696	0.57250004207003169	3.3466047769624474	7.3471422057863602	41.890000000000001	10.559999999999999	3.4200000000000004	0.17976387158070484	0.083121401646247289
2.98	3.3551810185014244	0.79776750706497324	0.11067607667442374	0.011566403432844834	0.61615705410288091	3.799222783305892	8.851117684665013	0.5697993912538204	3.263192392086899	7.4227571642933325	41.940000000000012	10.57	3.3100000000000001	0.17889467907865922	0.08226951662079153
3.0	3.177423604469416	0.80571666636532357	0.073790373969732065	0.010630090838786055	0.60560670693741903	3.8379325393621868	8.8248625084401837	0.55630635043745702	3.3483703155157678	7.3814726184150405	42.140000000000001	9.9299999999999997	3.4899999999999998	0.1771897367731631	0.082275691655108771
3.02	3.4264198700598323	0.78728453464427151	0.082317130879539471	0.0090910305668984673	0.62114455825205228	3.7428810237993191	8.7270778071012991	0.57498528150888795	3.2894265908217042	7.4324954306351998	41.130000000000003	10.81	3.5600000000000001	0.17663493829172214	0.081778330375315011
3.04	3.4133772836317271	0.78458984951675481	0.097324765434923216	0.014927501042737892	0.63325574801468409	3.8136907596508309	8.7117952258630815	0.57896060497807311	3.3324749782539436	7.2915449311912282	41.060000000000002	10.550000000000001	3.21	0.17539268049047668	0.08130932958887932
3.0600000000000001	3.5426698911327215	0.7719087004208538	0.079268107934942766	0.015646275094837181	0.61487615495322145	3.6918910713888757	8.6739501479581698	0.55853156646163027	3.2123502633255816	7.3191601720733086	41.049999999999997	11.150000000000002	3.0499999999999998	0.17411677802950756	0.081188009962431543
3.0800000000000001	3.5559771499474619	0.80037166144121785	0.08692332358402928	0.020607946601352938	0.61683484598600358	3.625796214538112	8.5612148397793923	0.55857719908124603	3.1554378313613305	7.2442010423237235	40.359999999999999	10.06	3.3200000000000003	0.17283039908984832	0.08087980741434693
3.1000000000000001	3.1668271018174732	0.78638456854400474	0.10718682902985355	0.019860297895868552	0.6122372344241056	3.6795058819096882	8.6937717190754533	0.56057766212152871	3.1805454082995563	7.2615555694419696	40.32	10.81	3.46	0.17200149362343067	0.080487833906737888
3.1200000000000001	3.7491133472224276	0.74972561822227801	0.075247795224028496	0.010986001375241505	0.63307981059379903	3.7674371269414748	8.8750285944054319	0.57454567545884472	3.2263537083766409	7.368748160674957	40.269999999999996	10.289999999999999	3.1499999999999995	0.17097612755975944	0.079990985936840009
3.1400000000000001	3.7064526187025475	0.76680939694664441	0.069601372675959089	0.014359378640492349	0.61713739539063572	3.5051859712091491	8.1662299682610069	0.55864280476543982	3.0425190716543287	6.8255917238818622	41.160000000000004	11.279999999999998	3.6100000000000003	0.1698870087119026	0.079441962533210925
3.1600000000000001	3.6782082946709256	0.76742758259485211	0.085093702172905378	0.012041120164067597	0.61673694941237955	3.673236167821428	8.4828595817912262	0.55912623362854696	3.195516450307228	7.0125711409821019	40.879999999999995	10.170000000000002	3.5600000000000001	0.16902517084264101	0.078508467146771871
3.1800000000000002	3.9141007322440795	0.774360353160504	0.092932943392225548	0.030296108633599918	0.61448984968216835	3.5876669225708575	8.6127609248660466	0.56195379079480134	3.0975317606413539	7.2288437733133009	40.509999999999998	10.960000000000001	3.5400000000000005	0.16809542562814817	0.078715914855010269
3.2000000000000002	3.7025338984747482	0.75588914513581551	0.06504610062868324	0.01786304944645007	0.63065986806521868	3.5757342950639002	8.3531326298529525	0.56893744756659992	3.0959426585653729	7.0515808641874997	39.850000000000009	10.73	3.7000000000000002	0.16702326633795905	0.078670279934579784
3.2200000000000002	3.577261259125212	0.75055674443771858	0.082975396491640749	0.0085486159183629697	0.62320301199052242	3.5027971729386422	7.9971779104845524	0.56611131616693233	3.0112088527744154	6.6648955177936973	39.979999999999997	11.790000000000003	3.9399999999999999	0.16583638832028677	0.077874099800655794
3.2400000000000002	3.4613277347541658	0.76776830302165355	0.094830945662900332	0.015151881545099777	0.62055178013527446	3.5226709187704062	8.4693760944269645	0.57234409556610299	3.0717233280048917	7.2300170419278285	40.109999999999999	10.66	3.4799999999999995	0.16491126311745172	0.077497532948925113
3.2600000000000002	3.9555069391215381	0.75703356443460623	0.088273573291773919	0.018213197130513697	0.6209721888447296	3.4204860515239304	7.8583861196326605	0.56088605065674024	2.9430340260151011	6.5801966373974521	40.230000000000004	11.690000000000001	4.0999999999999996	0.16375181734576277	0.076996589166674748
3.2800000000000002	4.0369147324653936	0.75100616790435626	0.082567146612595482	0.016014790034026668	0.62371029712299286	3.4843310486961458	8.1020243738398001	0.57919820812401979	2.994762121906041	6.8663432712516395	40.0	10.920000000000002	3.4299999999999997	0.16267062577815816	0.076825856540371801
3.3000000000000003	3.8287649947166114	0.74674276456638622	0.06270413478342983	0.0062433554694018801	0.61716563736064933	3.5001396579046813	8.35015022888952	0.56534109091751461	3.0539802309495747	6.966759823019137	39.670000000000002	10.959999999999999	3.8100000000000001	0.16171564920236672	0.076569840149488491
3.3200000000000003	3.6524854737636256	0.75780649978044157	0.086686213973482723	0.012188140285297142	0.63154146203593753	3.4747248813098643	8.0607711781617208	0.56461740836258012	3.0126901768475354	6.7568000776021009	39.880000000000003	11.609999999999999	3.4799999999999995	0.16055256137315968	0.076230852491331297
3.3399999999999999	4.0621113212500513	0.73931981568112748	0.073469938094836346	0.020039157039111931	0.62837023143880999	3.4617903881553986	7.8978187183071551	0.5751596171158998	2.9661457679895711	6.660962919366173	38.93	10.91	3.5100000000000002	0.15962881213622132	0.075745449164460771
3.3599999999999999	4.0830642381251918	0.73461966819317048	0.075507349417439126	0.015430584103536257	0.62851901443345315	3.4373037928288581	7.780585829604183	0.56958945179451381	2.9817877916472773	6.5668844749051463	39.590000000000003	11.300000000000001	3.8600000000000003	0.15876306050999389	0.075177197129296283
3.3799999999999999	4.5413892568548091	0.74327444099690632	0.064359243293263688	0.013368868481646007	0.63958166673593853	3.3692721014690812	7.6371320751142475	0.57084621308787287	2.9170521816439132	6.4728188334776844	40.239999999999995	11.640000000000001	3.6800000000000006	0.15790769450522152	0.074906404214711481
3.3999999999999999	4.2236537558595781	0.71829984200174735	0.063008997890803817	0.0084260205249438551	0.6266075098906867	3.3691624699908602	7.5939410080767686	0.56195419225855225	2.9233641042357879	6.3366577773941	39.620000000000005	11.83	4.1500000000000004	0.15702625892447564	0.07434887509417791
3.4199999999999999	3.8546280524222958	0.72574917636557579	0.061345371315345433	0.015133256380744428	0.62429747736070107	3.3401997205879113	7.6174227989971204	0.56212937628277015	2.8702787501166349	6.3466101538126676	39.480000000000004	11.52	4.2400000000000002	0.15587809837620015	0.074458496513796518
3.4399999999999999	4.8219394605589594	0.71785686683570826	0.05717615496994459	0.0044681913636028473	0.6396489068531529	3.2410428342965871	7.4601226375198362	0.57452628051393795	2.7787861287905793	6.2277802323417255	38.730000000000004	11.699999999999999	4.0999999999999996	0.15518614436403627	0.073815907072534409
3.46	4.5649042888330316	0.74460132208045493	0.079663492274604647	0.008715819179730978	0.62758067266344997	3.2301630723744972	7.4920399739650296	0.55673313813586511	2.8109623614457697	6.3730971342308491	39.890000000000001	11.949999999999999	4.2999999999999998	0.15415222847683283	0.07396095749473526
3.48	4.5288633373782723	0.7244300896139193	0.057821876313786644	0.0058139717643456088	0.63789858917478104	3.3232530784935981	7.5931056008990625	0.56676795124739232	2.8782035313991963	6.3965389370275414	39.049999999999997	11.23	3.9799999999999995	0.1533764234401736	0.073183678858718293
3.5	5.0566968525317924	0.7437787309849283	0.086306858189708804	0.016735568934646106	0.63443201498984048	3.3355810317279619	7.4676425451409205	0.58002555075582607	2.8610851575151175	6.3123649586331645	39.150000000000006	11.82	4.0599999999999996	0.15229910910895503	0.073327061629650053
3.52	4.7358539324696141	0.72104013459117744	0.065100921349078175	0.01323083760987431	0.64643194231570933	3.4041963297145679	7.6532691105688482	0.57970152851928247	2.9259637925502924	6.336441702443758	38.609999999999999	11.08	4.1799999999999997	0.15169641553871871	0.072827271085564499
3.54	5.1658109596113118	0.71745043607135028	0.054952908402302825	0.0032875581867599689	0.63452736683607958	3.2552619419400592	7.4268571016406586	0.56223270828074789	2.8002800909267114	6.1911332292137553	39.339999999999989	11.730000000000002	4.1500000000000004	0.15084040424724293	0.072353063029210005
3.5600000000000001	5.2227955788439262	0.71940492714649484	0.065086730523591485	0.012770115263871323	0.63012958660075014	3.2398292338129751	7.4944076252689857	0.56555933993885987	2.7902645022373354	6.2629430143575053	38.75	11.91	4.5200000000000005	0.15001563852099833	0.071899206857958503
3.5800000000000001	4.5320015917674388	0.71051641430205192	0.07613848638473257	0.011761357356255553	0.64596945146804496	3.2820991598902181	7.1938203759973138	0.58613015703270244	2.8060137987780625	6.0561896964866246	38.419999999999995	12.0	4.1900000000000004	0.14898206489594251	0.071974645479876115
3.6000000000000001	4.4806834918396801	0.70959017348089048	0.081415079724985365	0.01326605527591625	0.64857874828199524	3.260867571469499	7.206882189346163	0.57837398101453164	2.8227296680990377	6.104536122740555	38.460000000000001	11.880000000000001	4.1400000000000006	0.14829063408526438	0.071539194108320728
3.6200000000000001	4.3923833151981375	0.71772271132319021	0.055315925980685354	0.013085808018785316	0.63672081420044457	3.3422972763021854	7.5975999939519197	0.57110381643467278	2.882585916283086	6.2580237841000379	38.049999999999997	11.580000000000002	4.1800000000000006	0.14761068434692273	0.071034003385671549
3.6400000000000001	4.8238826513810338	0.71194066491985541	0.072754444768781706	0.0074875614272920709	0.63513661942090904	3.2424931797448919	7.4966892408704995	0.56379994109432574	2.8333824852278622	6.3872343089758186	38.729999999999997	12.000000000000002	4.1900000000000004	0.14671813973754988	0.070721378164751728
3.6600000000000001	5.0365743576468018	0.68781007659180948	0.06537817874901386	0.014076162685606556	0.63212954117116427	3.2547810075506738	7.3469435856759997	0.57057621733321429	2.7929558514591237	6.0734952033086369	39.559999999999995	12.41	4.2000000000000002	0.14584355382292355	0.07041167433601557
3.6800000000000002	4.9194607614738102	0.69402985263648964	0.067125531688152121	0.0075793337084746016	0.62770181202550179	3.0699446664305503	6.7011806971570111	0.55530997030873874	2.6108392839605905	5.5868897233396826	39.140000000000001	12.729999999999999	4.6100000000000003	0.14517737455390059	0.070516846221524349
3.7000000000000002	5.5433240203402825	0.69521526066771178	0.047380250403332019	0.0044623441930302472	0.63729354795375026	3.2062300972661135	7.18910746868261	0.56828058070404142	2.7700324654477315	6.0032971397016635	38.579999999999998	11.850000000000001	4.7299999999999995	0.14394400155191039	0.069758067355429151
3.7200000000000002	5.384293089775313	0.68079553905990253	0.054464035699357573	0.010683542523153861	0.63835020789130104	3.0888307362201344	7.0454668910530263	0.57818245637533028	2.6686731942738984	5.927601038541801	37.960000000000001	12.790000000000001	4.2000000000000002	0.14342016844672739	0.069455286816062375
3.7400000000000002	4.3952755928979093	0.69663574270544848	0.071223771002077857	0.0090812288261005424	0.64434496518898032	3.1816172737638642	7.1396561768643156	0.58394542906410207	2.7304197192410058	5.9878050026565983	38.259999999999998	12.940000000000001	4.1699999999999999	0.14244073035855953	0.06922172894804271
3.7600000000000002	5.2318665634554433	0.68577150513512941	0.046235051909594108	0.010338296773946628	0.63654028641720606	3.2059756182235715	7.1066454927025404	0.57432668216900151	2.7599621730606776	5.936439332611303	38.020000000000003	12.330000000000002	4.1400000000000006	0.14200334959650648	0.069064336022299763
3.7800000000000002	4.8985949750732978	0.70201386628773366	0.072357197317938618	0.027364523981367093	0.64664670047690609	3.1161900317541802	7.1388010894833638	0.58146654007844867	2.6745218586491486	6.0071409406534055	38.670000000000002	12.48	4.3600000000000003	0.14105199161645479	0.068368967560677202
3.8000000000000003	5.3046798479359376	0.67582242775040269	0.054394816789045154	0.01787444312913734	0.65293702249994079	3.2412494349964049	7.3351431005381116	0.57623391206360353	2.8314938473661875	6.1160657672789025	38.510000000000005	11.669999999999998	4.3000000000000007	0.14033590944019567	0.068434423800042693
3.8200000000000003	4.8432047544411905	0.6883361515265809	0.046056180877413297	0.0044925972680480517	0.64230018077865714	3.1619879537145406	7.0661388168669248	0.57777404195055093	2.7208023825230447	5.915014128137674	38.140000000000001	12.669999999999998	4.5700000000000003	0.13988684134919271	0.068385635664550887
3.8399999999999999	5.3321659120331812	0.66800318848599782	0.057848356284416882	0.0061421249207595091	0.64774448338087653	3.1902786736171103	7.0973092917032874	0.58433140477957102	2.7481911399521826	5.9179026374013262	37.530000000000001	12.24	4.5600000000000005	0.13917478374616218	0.06783083024911303
3.8599999999999999	5.7986205043500769	0.66999379185358021	0.052273880023514553	0.0062931333305498421	0.65039334860875198	3.0773675477354514	6.6588966740324365	0.5704687764297538	2.6702876595098828	5.6067421532988844	37.250000000000014	12.309999999999999	4.7400000000000002	0.13814163586373115	0.0677162063240032
3.8799999999999999	5.1842565916792394	0.66705583900664567	0.050710196715572232	0.010921310532653914	0.64647960968946139	3.0932400854723063	6.8173721735133199	0.58317705502845318	2.6469043098290408	5.7404919949697142	37.280000000000001	12.510000000000002	4.5999999999999996	0.1371677964153043	0.067082384341440732
3.8999999999999999	5.5110369461186783	0.67058378379706984	0.048912993802610071	0.010478777184095189	0.6565860373070691	3.166623776043437	7.0358088943728188	0.58219996437893007	2.7039471821437315	5.8329338527867494	37.510000000000005	11.370000000000001	4.6199999999999992	0.13652136551972721	0.066838918712539858
3.9199999999999999	5.3858619207636274	0.67684093568627668	0.061762816604349367	0.01028499760316068	0.65589059116050275	3.217234970319216	7.0694148460720116	0.57013888019736891	2.7708484492821017	5.9669059949151455	37.639999999999993	12.449999999999999	4.4399999999999995	0.13587775501803195	0.066484979256164034
3.9399999999999999	5.2822852711528325	0.68067488599310033	0.06764784023245439	0.0086677908925223614	0.64826060686599773	3.1307541140075634	7.0994088691955017	0.58062855743938546	2.6799201611188361	5.9740937075226297	37.079999999999998	12.26	4.6999999999999993	0.13518150149374855	0.06642047167375302
3.96	5.5245551772617629	0.65432946722239271	0.051814908050832997	0.011023063172800074	0.65360083721100626	3.0887148624856726	7.0613861819827353	0.58518835615601628	2.6479006264756459	5.8868383346126389	37.619999999999997	12.630000000000001	4.6199999999999992	0.13454343887614312	0.066192737167063614
3.98	5.5899279950126122	0.66022974924862621	0.048186053923170546	0.0062544968557256388	0.66280797900175936	3.2518920130023581	7.1012829389593026	0.57379092674798848	2.7439953594682986	5.9007900513085563	37.489999999999995	12.550000000000001	4.8400000000000016	0.13370323598255637	0.065726594751883388
4.0	5.2794022626543953	0.66302253019049628	0.056205031685566141	0.0082669679650468689	0.64371640544434205	3.0828541268020611	6.8690276127696333	0.57580383199043095	2.6593364521721345	5.8275333389255248	37.160000000000011	12.940000000000001	4.7100000000000009	0.13321518244649294	0.065598955705505196
