f	stdf
1.0003462256955589	0.10039493684699302
0.55223272583708038	0.10111981246072256
0.38136770216100063	0.10235542162487876
0.29126668591313548	0.10313141990911673
0.23569508343929699	0.10295506843887564
0.1980484462516372	0.10202026215148757
0.17089521810863678	0.10049558970191062
0.15040349379228604	0.098609806013643775
0.13440267269041983	0.096471559656565495
0.12157144122142938	0.094114893023870411
0.11103678274447845	0.09184288760713355
0.10223162267707085	0.089680932882244435
0.094762021242271163	0.087609753852785743
0.088343451299443945	0.085648426675202116
0.0827672123151134	0.083820976797715871
0.077875850071208286	0.08212114378699692
0.073548131306751668	0.080542372788406286
0.069694442742266466	0.079064906598017515
0.066240851344488413	0.077677702351232961
0.063127213534693333	0.076360050596731885
0.060305293594745055	0.075086827924598198
0.057736595434816296	0.073875203161132316
0.055386359455199596	0.07274181008791461
0.053230224466917546	0.071653681850911727
0.051244614830433008	0.070606312488968467
0.049408689615171197	0.069588251444142574
0.047705768368138196	0.068611229225743239
0.04612226977007771	0.067672859765213325
0.044645577144739462	0.066779424135995982
0.043264413956573537	0.065933772986125211
0.041970821215605456	0.065120248008900927
0.040757469684849598	0.064325063497695317
0.039615860146647433	0.063546789517484006
0.038539466071102368	0.062801154242922735
0.037522633115601278	0.06207653860210384
0.036560541730382597	0.061377478042709502
0.035649158385258603	0.060700984182090932
0.034784482000005452	0.060048167535189954
0.033963540893291906	0.059418667351270348
0.033183096784623702	0.058806378059961743
0.032440651366800237	0.058197070141847447
0.031733312192471906	0.057601940705928327
0.031058546036307602	0.057029761352720018
0.030413302754087827	0.056475297286834085
0.029795513415658104	0.055933042967008705
0.029204021997615497	0.055394377864904448
0.028636991164006791	0.054874000806111677
0.028093065091291992	0.054370375800327837
0.027571193916283255	0.053876942558458735
0.027070162844810893	0.053401398395355647
0.026588842547749854	0.052951501473454211
0.026126619278227053	0.052522224002945511
0.025681490366735144	0.05209713191907412
0.025252246978590385	0.051676696880055252
0.024839091061977205	0.051255007493268535
0.024440595361423522	0.050847912770648263
0.024055481934245823	0.050445696797665376
0.023683092893484029	0.050049877923620208
0.023323294467180355	0.049663218808584472
0.022976388263450657	0.049295996512374089
0.022641875258333881	0.048929046581836472
0.022318878538447849	0.048597034859111439
0.02200583011638824	0.048276142329502482
0.021702500934140424	0.047949014000826469
0.021406888239171692	0.047613425032867716
0.02112010944052738	0.047289858877596472
0.020841452755266398	0.046972407420694459
0.020571461706312518	0.046674509704537209
0.020308170927865538	0.046239120457066137
0.02004923221604964	0.045663355872620721
0.019796299686392339	0.045200940294588661
0.019550916860453772	0.044794562474852091
0.019311451106611636	0.04438110837338359
0.019077516362315913	0.043965356973862744
0.018847036697597609	0.043510283744935631
0.018626660149025184	0.043091668739155271
0.018410691504649569	0.04268283186540478
0.018201999799159652	0.042303402087500976
0.018001124774044783	0.041991825995003187
0.017803191099666826	0.041670020661764923
0.017606362578054723	0.041307437878091588
0.017414534107761035	0.040940450810177831
0.017228152086636476	0.040510906548899293
0.017053435840217453	0.040269307302825179
0.016873783804109494	0.040035223446620707
0.016702391242954719	0.039779460002008209
0.016536647774876789	0.039674777360544193
0.016404501086488523	0.040694410111560567
0.016223158714006945	0.040007231645134714
0.016061042362728352	0.039921474524131785
0.015899068315515075	0.03841749774131293
0.015718181592106931	0.036905755951725204
0.015583115468362422	0.036935096082716633
0.015429392123850071	0.03674850256317802
0.015296239721049262	0.036592668222911254
0.015156184156687832	0.036374756001949032
0.015009145113972359	0.035850934212071264
0.01487489199818802	0.03579250888802752
0.01472625132401475	0.035115185078782245
0.014621104824874205	0.034610805874442263
0.014473047321744642	0.033580788223361781
0.014322324901021829	0.032925249940789415
0.014255211613599076	0.033447555874879381
0.014083000222109378	0.032621097111144678
0.013994139899936203	0.031727020697005372
0.013879121447169769	0.032125342235610449
0.013768627856145521	0.032284230487276244
0.013627726737427076	0.031327976401128659
0.013563014726728448	0.031831061307945656
0.013410370425556348	0.030476668865592811
0.013361007331483285	0.030798758622967118
0.013221915751575355	0.029469682815805129
0.013161587536324484	0.029959190774665984
0.013038770286340066	0.029571298940190345
0.012917649364809627	0.029159451810377015
0.012822795094843282	0.028227003657265198
0.012805994989369201	0.02940688645563054
0.01262874155893092	0.028083670264424297
0.012557004420509761	0.026957057361919431
0.012477713766581992	0.027321128950772624
0.012374152266624264	0.027735115808310694
0.012279779086933559	0.027423866779560328
0.012186697222784123	0.026288483668199851
0.012126683421208678	0.026957291948144085
0.012097742296734928	0.027105416930332044
0.011980774847457304	0.026161243914961736
0.0119454833404473	0.025788625333222178
0.011782815939554298	0.026229671575710878
0.01173847532542286	0.026423996533062717
0.011679101384233838	0.026538464935719323
0.011634405261561533	0.024908929549233075
0.011492057774321676	0.024435450600434522
0.011438068591850894	0.024877583924607764
0.011431204676527201	0.024146467444302881
0.011325098001432547	0.023693303029970952
0.01122090395235128	0.023594507507800934
0.01115140871654749	0.024107004698133393
0.011069674421835738	0.022887356217373526
0.011040791718903421	0.023673451626700943
0.01100690620745844	0.023088849824533866
0.010882709920320532	0.023663606338277129
0.010794153077201864	0.02238536042474296
0.010782179673866184	0.021745670287032344
0.010706887095655681	0.022914566920541231
0.010669522222721302	0.022084654382854025
0.010582308725720687	0.021822832584519756
0.010546297242209353	0.022552780105270714
0.01049485438537459	0.021105239894403331
0.01041747235102594	0.02189075740626573
0.010323245192480197	0.021688047083805433
0.010357692550662932	0.021123620366051071
0.010196971852743104	0.0210022029532476
0.01012570271410123	0.021258070273677373
0.010152591972919598	0.02106862160393112
0.010034871489245006	0.021401845872353532
0.0099677169693131694	0.0208248187440341
0.0099278780699085124	0.02032598079054377
0.0099586396415133546	0.019757193583623083
0.009890315918867066	0.020431912777534172
0.0098298304836701902	0.018825383610153883
0.0098069834266566579	0.019360161293759486
0.0096686315878854682	0.019522545198064133
0.0096332974157608189	0.019849740828037161
0.0095662942327814204	0.019316755281318411
0.0095650683305288989	0.019657164521210881
0.0095338887546914629	0.019859287526951663
0.0095065384134557212	0.019632031397848842
0.0093966650683723965	0.019399334864975051
0.0093772198756998226	0.017588391212572035
0.00927410283206807	0.018610208015648045
0.0093384886376985301	0.018413227191346162
0.0092827219181462872	0.019591193608575232
0.0092054823492443531	0.018055727751887948
0.0091486176354771617	0.018610005465374953
0.0091077952602727549	0.018323386611950539
0.0090330551184619693	0.018287293875131401
0.0090275488308532211	0.017845964291091431
0.0090357606533193781	0.018933003277272903
0.0089354724991509028	0.018101634873865437
0.0089189034271413802	0.016821969827948383
0.008864842655470561	0.016745628272528703
0.0087843263200276158	0.017003179862128775
0.0087646345223080339	0.016978234183751915
0.0088090642077561163	0.017717175161488893
0.0087250783422296724	0.016695090608516296
0.00862883132992881	0.016675755895102014
0.0086124136470761923	0.016420147453020249
0.0085688398337216143	0.016676926383897814
0.0085375649127621325	0.016930776306116738
0.0085388541877360318	0.016011150600172178
0.0084832858598334511	0.016299932447911059
0.0084778500406834136	0.016484047610815546
0.0083935441532930165	0.015779857097667393
0.0083589116868103153	0.016362453800674175
0.0084116101504557363	0.016628769313585787
0.0083161312852396193	0.016170049099387809
0.0082617860721523068	0.015302077481961003
0.0082010811481134632	0.015375652428894776
0.0081883490610989967	0.015545792857392045
0.0082086038944170058	0.015638951736975038
0.0082154942766026213	0.015430646711925315
0.99929479488757056	0.10032501294824271
0.55277434770570189	0.10181010631497207
0.38209125095081742	0.10332373379181241
0.29200214787926676	0.10414755764923114
0.23640265021862461	0.10399139357401813
0.19875033036207468	0.10273854372896433
0.17157795059548003	0.10098120612438843
0.15105412531749177	0.099001922447528617
0.13500099689133169	0.097031033535386252
0.12211352757806385	0.094977096303759737
0.1115353170561536	0.09292599516975486
0.10268708276132787	0.091004152523672319
0.095182697128037411	0.089133008594135726
0.088735737438998694	0.087354962078171755
0.083138039946135417	0.085632650720632669
0.078229096223947983	0.083988879715405945
0.073887635316277733	0.082448573506629902
0.070018521837258221	0.081010186766891396
0.066549938986178628	0.079666848604140861
0.063424103822551564	0.078387361907934563
0.060591762474779542	0.077167569050299284
0.058011319354090686	0.076030530205726629
0.055652878762404615	0.074952614068796664
0.053490923717063765	0.073898452910781315
0.051499794526435085	0.072884290557853476
0.049658751725955623	0.071914865474240128
0.04795316950461366	0.070979345162965474
0.046367753223452254	0.070079828053009566
0.044890227319348164	0.0692143427090431
0.043509053129393863	0.068381389691879749
0.042214236366578645	0.067576539685717599
0.0409989662831549	0.066797698745468689
0.039856899590201701	0.066042539376358969
0.038780401906759368	0.065326498411022837
0.037765131164628034	0.064644276812742846
0.036806503103545767	0.063969639575580842
0.035899050661201332	0.063307621660615682
0.035039435453874578	0.062669925971502213
0.03422306307670963	0.0620572405952
0.033446345985181196	0.061454034708742424
0.032705791901515138	0.060861244250637367
0.031999363834900714	0.060294413521018768
0.031325481893060031	0.059737353663548251
0.030681446224571255	0.059188758345611756
0.030064956997584786	0.058655946717068037
0.029475857178061133	0.058146312769351852
0.028911303255769183	0.057660271620298222
0.028369597167586854	0.057187960507888908
0.027849877173163968	0.056735851073920845
0.027350735802386752	0.056309561649305971
0.026871024105562503	0.055902547102569193
0.026410179593284417	0.055506906053840253
0.025966979869872099	0.055133038560247892
0.025539519624360671	0.054752031361494181
0.025126607297763448	0.054387866701640739
0.024728790122026882	0.054041028765340234
0.024345236212218489	0.05372141634357621
0.023974178282035772	0.053407647813126846
0.023612614052110188	0.053070898270803794
0.023262686715203203	0.052732613655472362
0.022924774663263328	0.05241648775151464
0.022595952338717085	0.05209852949733839
0.022274775463418266	0.051753828024509167
0.021963705633265492	0.05141943191785632
0.021660889085187925	0.051087556049948676
0.021366956446126569	0.050750063901636604
0.021081214329140806	0.050402524659161098
0.020802588369470555	0.050059601841969267
0.020532116952813047	0.049720919040240889
0.020270280994967891	0.049387309745434066
0.020016116865150705	0.049059264038365254
0.019771799803026676	0.048774674134475095
0.019534258636478081	0.048477713852040839
0.019299715751313978	0.048157481711858449
0.01906993288497701	0.047836771211803242
0.018847138879040264	0.047532498045608572
0.018630235016685048	0.047147571318900482
0.01841796387864697	0.046571236195729983
0.018216042478307402	0.046148045147124825
0.018013031540272974	0.045827849279467085
0.017819800399757522	0.045459738573112606
0.017628962948484442	0.045141169417340567
0.01744131983836749	0.044897446007755963
0.017257178331596134	0.044700931241585196
0.017068620349512408	0.044245954764106123
0.016885417121547876	0.043809044724400469
0.016718600681202681	0.043567397249332805
0.016546271362944957	0.043054612751930982
0.016383778550509116	0.042736505021217251
0.016219646573469759	0.042280150663400309
0.016067414342221534	0.042086733747552396
0.015913561277802597	0.041826368200944333
0.015768032791649084	0.041222347043617616
0.015618113322783725	0.040733612078266826
0.01546272555171556	0.040894965091866423
0.015339028171449338	0.040744972539561865
0.01518896237205361	0.039809042538400223
0.015049713315299258	0.039605328312330129
0.014913787536784108	0.038992069320659038
0.014799774073887356	0.039015497710737569
0.014661625899826199	0.0383362422223733
0.014520156681458408	0.037785884039136006
0.014409140086213731	0.037671406200885223
0.014285349033923204	0.037045606625827315
0.014171592143840516	0.036761510916304745
0.014035200961515918	0.036745601303160846
0.013940759640220641	0.036573053457807585
0.013826034525731347	0.03482785955650014
0.013703797364946908	0.035535558816514184
0.013594188781085634	0.034967048945804172
0.013471455199481515	0.034453598425057262
0.01341054030567123	0.034210528543252315
0.013254185047953683	0.034289851196727693
0.013152520754056199	0.03419120156265576
0.013109895095127364	0.033141541929218393
0.012987365730908142	0.031948941278310647
0.012890169021617852	0.031708019017723126
0.012815992131924749	0.032598914118970465
0.012703870281423241	0.030542345954073347
0.012622026070961389	0.03131375255574697
0.012530927386711627	0.031646770178742074
0.012424505053698834	0.03049764432061074
0.012342766164798045	0.030605039172364498
0.01228989567769116	0.029788592783409722
0.012188222711679053	0.029460728154827469
0.012080098633455976	0.030555946982570938
0.012012443468996856	0.028240849175870521
0.011933531853210923	0.029078555480603566
0.011851649764188775	0.030151934079463802
0.011771632575047767	0.028513960611782827
0.011689745041560279	0.028589447969642221
0.011615766646775287	0.027340008017828103
0.011573801288928163	0.02683452106885597
0.011508771691258378	0.027682474912444077
0.011386811690023873	0.028304774047456037
0.011327979138004811	0.027444224262071274
0.011251116920505762	0.026898306861792128
0.011199137789221599	0.027894640399029912
0.011124921980670815	0.02579476146142836
0.011078601587003434	0.027522439696887949
0.011021730764006858	0.025826776559091817
0.010961664598184755	0.026611129062186677
0.010872187004351217	0.025790734931540681
0.010789925600946347	0.024793957391609677
0.010771846082047913	0.025570176503845431
0.010675265881303278	0.024828249152883886
0.010606487916920844	0.024415429526628354
0.010567585748811371	0.024667066061629758
0.010488673553340069	0.024348907412179339
0.0104603374515737	0.025945855357913827
0.010358600669843341	0.023852221020076707
0.010300199764960848	0.023682929146455013
0.010312822679051405	0.026095200446269725
0.010237752831325296	0.023610024125366735
0.010163270828275483	0.02331164085284745
0.010110895719177882	0.023716902516058964
0.010049868581249495	0.022413401786455033
0.010012971755606167	0.02323377756406023
0.0098974241939406068	0.022492628728350231
0.0098891128553138617	0.022189846520298928
0.0097819098336014848	0.021657211844727752
0.0097904509163239065	0.022368744262334914
0.0097553473691424242	0.02292482362195904
0.0096925847850267716	0.022362238948763668
0.0096474717936694716	0.022477665211571542
0.0096298314081591733	0.022305503382058556
0.0095587182278623947	0.021848008148743363
0.0095371885674003214	0.021875184129993428
0.0094502055044796453	0.021172641373795969
0.0094263184037278909	0.021904382382697422
0.0093262798435409036	0.021443082836953009
0.0092795843162811337	0.021307095987798393
0.0093215805483169868	0.020753954824729345
0.0092349332171667055	0.020398414629928845
0.0091852567014030877	0.019997613366994366
0.0091896608123796606	0.021636960261829794
0.0091288428745181591	0.020842767400694937
0.0090881329697205977	0.02046997105544824
0.0090454552254608175	0.019557723726265991
0.0089843891419685087	0.020679720769350041
0.0089029979449678828	0.019447339905438309
0.0088480690007760425	0.019997826652214421
0.0088491901585228804	0.020279971205042199
0.0087949415151910362	0.019216472347684452
0.0087672247650204503	0.018915026059520279
0.0087017339835760831	0.018141738832299754
0.0087095881577281247	0.020189318747830434
0.0086378890264785339	0.01918283953699931
0.008605149741742547	0.018137034128696834
0.0086004974852500332	0.018887769048552029
0.0085601754299167998	0.01844192395431778
0.008497445864015251	0.017933312982077221
0.0084685328402298657	0.018186882748377115
0.0084904113485428888	0.019020574889458724
0.0084285708244021835	0.018946656931737388
0.0083365497448811363	0.017423937775712196
0.0083132306052032881	0.01726750671737886
0.008318026958521468	0.018043088667429846
0.008268135411055361	0.017120363749495545
0.0082435353707989018	0.017520056582616426
0.0082085987633183106	0.016936298797258196
1.0001472103519458	0.10041132588323855
0.55313237533639215	0.10234945285736534
0.38233013026743068	0.10394535164937557
0.29218155420647496	0.10489503479808561
0.23654778920868719	0.10484865181382011
0.19885519861561296	0.10389784668482525
0.17166187289923796	0.1023018801666989
0.15113066683307855	0.10036542510410151
0.13508947743499353	0.098214582373239045
0.12221200217575587	0.095959476434402266
0.11164206131631699	0.093722389502037776
0.10281386949609519	0.091454680394436827
0.095320476759273645	0.089290497716046802
0.088877572930493323	0.087240832274219832
0.083277264892802974	0.085316672252998119
0.078364866781682418	0.083488293132285465
0.074020533105324665	0.081756274009074495
0.070149473378720267	0.080121165191725865
0.066675530233405306	0.078615210894739898
0.063541994777311622	0.077214729793467593
0.060702719099571166	0.075897384822327163
0.058118513491232981	0.074634209272606486
0.055754953319283186	0.073430674472516735
0.053584160077961074	0.072306567168234206
0.05158332986706738	0.071244858181292961
0.049733427049875517	0.070246730973203539
0.048018716498496615	0.069296651668681361
0.046423985083574863	0.068390193571119737
0.044937555253446164	0.067518189451872324
0.043548935262648768	0.066695834471508716
0.042248465843382599	0.065929730861596744
0.041027590521122502	0.065219454711389416
0.039879239527608364	0.064566710954473111
0.038797290528419279	0.063960107162725668
0.037777456920579579	0.06336655617942559
0.036813391722243703	0.062787067884626457
0.035900658606697451	0.062239127736250781
0.035035797475389853	0.061719938119154438
0.03421526004064987	0.061240215647196547
0.033435019950471261	0.060774238190982974
0.032692619888095284	0.060317977205444448
0.031985034808929343	0.059883371342664839
0.031310551231501255	0.059450548075588999
0.03066637099159604	0.059012505780226709
0.030050519788170263	0.058572606786678846
0.029461498896779091	0.058142815425558089
0.028897617366072562	0.057734143818195922
0.028356607558775605	0.057348788545035681
0.027838078147549603	0.056972907142378112
0.027341251798927161	0.056615868214128333
0.026864330009918697	0.056293782892815107
0.026405267685715328	0.055998920224761703
0.025961929924322367	0.055680744621359309
0.02553420857225714	0.055359555432514619
0.02512229700815204	0.055049488588424594
0.02472506615314235	0.054741487442166996
0.024342176862989597	0.054448519566173706
0.023972068953598807	0.05415313047387834
0.023614541947186967	0.053862798442500602
0.023267736044923288	0.053563350876080877
0.022932416245153575	0.053280020071815148
0.022609749838243886	0.053027322505726185
0.022298117255839373	0.052789165487587587
0.021997046574696762	0.052573762874852374
0.021704652993266783	0.052357835831493775
0.021418350897644857	0.052116424013036504
0.021140944983580261	0.051865834695114105
0.020870496354896205	0.051622010821972854
0.020607271682967394	0.051375549690152324
0.020351906803190722	0.05113964247281453
0.02010551716284165	0.050924394026963554
0.019865754515811483	0.05070595493808594
0.01963045286974836	0.050461455330279716
0.019400697322006367	0.05020445229454238
0.019176484107449633	0.049943411795901553
0.018957908840295495	0.049682281287500914
0.018744948934501054	0.049419869546227263
0.018537214121029912	0.049161159364837628
0.018334824726898267	0.04890677100436118
0.018138195697733266	0.048653086853974715
0.017946082283164258	0.048394795754538686
0.017757466914399812	0.048134975586322543
0.017572219417623922	0.047879020290867956
0.017390490027229439	0.047616756117252086
0.017213235060300626	0.047338658109190329
0.017039461421348798	0.047045601972260882
0.016869259837347751	0.046760944892293391
0.016703951402280221	0.046515506234120325
0.016540085568458256	0.04626733584915687
0.016381227263213834	0.04602012388955621
0.016226028290605071	0.045793510713579316
0.016074282370315291	0.045579493698088953
0.015925790559474282	0.045347000592930745
0.01577997421199881	0.045094901827817453
0.015638730373792178	0.044812314385499423
0.015504539066375226	0.044537409055645301
0.015371739036443181	0.044216968486892071
0.015238756661126091	0.04399683731916277
0.015105549597006164	0.043734824673945204
0.014972706136088832	0.043590449786649707
0.014846325527028643	0.0433669321684646
0.014724348884933007	0.042980875039029726
0.014600108470377031	0.04266343829866405
0.014485061447513376	0.042526941128101077
0.014368694640661102	0.042386473794281974
0.01425280087218544	0.042160775972153904
0.014139294647839184	0.042125895848272227
0.014028949266937431	0.041496611604436323
0.013924978492269424	0.041517590035068337
0.01382044183187232	0.041293960062021608
0.013720434217094063	0.0408580892803024
0.013620287941363661	0.040612396952251183
0.013521104293070742	0.040404541331471686
0.013425727019146671	0.040238404256442546
0.013313475460550261	0.040019307701190276
0.013218214423803627	0.040218150285625365
0.013128764508370314	0.039748009628526634
0.013053332576658956	0.039689956274284247
0.012940312986953192	0.038776517119097353
0.012843488161257362	0.038088149657639389
0.012787371288460808	0.038910700890505988
0.01270420105397879	0.038780535786378981
0.012616198001153271	0.038500240598932554
0.01252357584367767	0.037419093306654966
0.012441979639763357	0.037230239184330161
0.012344040646228653	0.03645473727319911
0.012303246523143194	0.03742104992208329
0.012177843231444972	0.035110375867464391
0.01210543334882005	0.035866322082913273
0.012025882064306083	0.035568894418716107
0.011956269577696048	0.034778978301101077
0.011881383460237196	0.035196660519402935
0.011843774425163591	0.034847335294274168
0.011726174448145478	0.03488330362038055
0.011710431433264515	0.035287803244589584
0.011562523411970012	0.03235596421921888
0.011565284916489418	0.036276179419026423
0.011454101561520094	0.034023843385668551
0.011371534880028247	0.03283788150723066
0.011340718428702365	0.033783869760539431
0.011244972614730146	0.032582406990018589
0.011164237352286527	0.030557958892094401
0.011071720006852593	0.030612554680872969
0.011049001904635763	0.031340515889809635
0.011005706403583003	0.033492199945329031
0.010942573771256157	0.032081150568929039
0.010854035819670158	0.0307794624411015
0.010826033261893209	0.0316871908434153
0.010753940764333472	0.030360246615205241
0.010694771824993151	0.030968562087072785
0.010637637295298191	0.029520604709340328
0.010560655750335489	0.029742549675414922
0.010572708097509606	0.030518364630427064
0.010489648663428162	0.028886254193740593
0.010407709330102481	0.029850847938212525
0.010354465386280896	0.02998125618084449
0.010327935980963428	0.031615637035220419
0.010268403752473908	0.028882928066343981
0.010226776781569545	0.029224055484312526
0.010186709068337782	0.029178744608380467
0.010058678836961743	0.02764889206320199
0.010038708281310989	0.028336058843644478
0.0099904881606529116	0.026063473520489645
0.0099252610890289642	0.027307361219808951
0.009894453600421382	0.027729503581259994
0.009864229299757556	0.02560942456911661
0.0097828715021745713	0.026731061852951144
0.0097628108905563962	0.02782192767939258
0.0096828185968103435	0.026567829132581187
0.0096540712791351006	0.027170237660432868
0.0096220757685732388	0.025809369530233117
0.009559839973026809	0.026128524891806743
0.0095460442653549672	0.024192761500801348
0.0094715865925926197	0.027634219437306887
0.0094462251073539547	0.026452801984782944
0.0093933934738338366	0.025458491547162017
0.0093412635933398398	0.026476103619064231
0.0093590375290471036	0.025715612572164443
0.0092628175420287097	0.024759487206732208
0.0092158835175863586	0.024795724999557976
0.0092311197390358268	0.02479818967243257
0.009130278909622468	0.02524107202834525
0.0090403432069812509	0.022825422662644243
0.0090792707918681895	0.02537758673984062
0.0090924413351185646	0.024385217816790771
0.0089568014559046581	0.023441879533421618
0.0090003524208582975	0.024550227404950928
0.0088790757070597599	0.022482899977763822
0.0088900717593701616	0.025431821805345096
0.0088269949338291177	0.023289622007341682
0.0087859956740927204	0.022334387760317421
0.0087376352829815155	0.021660844003734383
0.0086210623048708652	0.02013613815793323
0.0086391525051639426	0.021899928596076292
0.0085935348330478042	0.022005619955226589
0.0086205933989404269	0.022470510741127898
0.0085070969684901132	0.021896268358070577
0.0085497435602449202	0.022822843754419564
0.0085198788463812739	0.02055888988134565
0.0084404747046861964	0.020648507049104783
0.0083459626640279942	0.020126223549545259
0.99944758000309342	0.0981460042981709
0.55296159666594569	0.10059817943451159
0.38222937408845714	0.10234214040959236
0.29209189619754683	0.10326862269544496
0.2364875994742526	0.10282136424205846
0.1987890413645339	0.10171446199519685
0.17159221993379964	0.099951006008173124
0.1510603036007287	0.097763006896062279
0.13501905820438714	0.095344899129596719
0.12213353853169123	0.09285435673900283
0.11155361841746571	0.09041473782209998
0.10270760760860619	0.088083529048032988
0.095198750191565831	0.08587698736644557
0.088739656349207302	0.083855166752970334
0.083124862167281238	0.081987984792250251
0.078198467114062656	0.080274377201513966
0.073839538163575316	0.078708905205446184
0.069958443758956157	0.077195905381379229
0.066480288215555974	0.075744401947502746
0.063346439798847992	0.07434193696457872
0.060506596121635538	0.073012997046081496
0.057919694271975929	0.071782349304509982
0.055554004752157347	0.070626078340037771
0.053382313681053603	0.069543352304125325
0.051382349582988894	0.06850753521177845
0.049534521518326699	0.067514052135620145
0.047822116789520003	0.06655178966004005
0.046230800879231385	0.065628289648412164
0.044747335226077427	0.064760484884374289
0.043360463873159699	0.063944875646065352
0.042061976091824375	0.063173154227385758
0.040844504640079222	0.062450407470352895
0.039699824358728923	0.061779521107230034
0.038621399755743385	0.061151041782588185
0.037603085906585391	0.060561600999828762
0.036639843096587459	0.060009400022752769
0.035727812164176677	0.059475498086626236
0.034862689075437964	0.058973029979966653
0.034040884048990923	0.058489189765174629
0.033258743076244601	0.058012031492710996
0.032513534249357059	0.057520561224375544
0.031802646776402675	0.057047103644085009
0.031123845119096813	0.056606655882481552
0.030475086411837323	0.05618365860316591
0.029854481795222248	0.055766635029410497
0.029261190259161973	0.05536017241757886
0.02869265977705375	0.054981393327504915
0.028147319491205573	0.054605919308585542
0.027623451470664407	0.054225482196935341
0.027121763132570361	0.053858006251187147
0.026638454048369387	0.053480609730644404
0.026172340193781129	0.053118319977369592
0.025723418748600516	0.052774856818120559
0.025291300943707667	0.052451558315528869
0.024875180376961313	0.05216108043822118
0.024475001406120026	0.051864693559658621
0.024088165985078604	0.051552673079844478
0.023714205340308915	0.051239786444709223
0.023353064418634283	0.050929219636509433
0.023002922298910631	0.050614672555989872
0.022663835707570294	0.050306517262100094
0.022336086831436966	0.050015927253614853
0.022018737918963055	0.049735903718594807
0.02171072355073541	0.049456146524783542
0.021411416049865736	0.049174158476739983
0.021121159466188165	0.048904636674064569
0.020839281484204136	0.048619053540101514
0.02056730529126883	0.048311490899159211
0.020302856886036624	0.04799928505111048
0.020046564534718082	0.04768508404042366
0.019804417441797471	0.0473423886398864
0.01957487180108242	0.046931464598700283
0.019341809293244475	0.046563055072239533
0.019116870820049526	0.046189845433910477
0.018903568364444259	0.04578772070428045
0.018688598111198856	0.045427375436267931
0.018477622605755764	0.045144964809274074
0.018270846370525767	0.044901135921264955
0.018067938717053415	0.044645067850555512
0.017868002233479209	0.044338083016131694
0.017673375661686613	0.044139305345052865
0.017480019863312664	0.043883283970000464
0.017291919281611556	0.043611519252503755
0.017109359175409986	0.043352077205917161
0.016934315462941264	0.043098484096770855
0.016760484338155593	0.042847829569746997
0.016589316211306	0.042552046442159139
0.016411242001266018	0.042086108778641718
0.016264303881850694	0.042209789295802866
0.016096169550000171	0.041495101310691306
0.015947565742283839	0.041153740668814345
0.015812903599289493	0.041847779704156686
0.015668029609561825	0.041798632742806298
0.01552602682078061	0.041693082781870505
0.015383429205955619	0.041344482026780774
0.015242834617112242	0.04083896053041846
0.015089850765984	0.040025793401332957
0.014952687275479356	0.039497826526524289
0.014819368163258212	0.03899560720615157
0.014694065451623434	0.03944817461701125
0.014564952687482679	0.038715365613433431
0.014418143341134858	0.036914046287149331
0.014290784203163157	0.03710777095074836
0.014202260630709436	0.038095274312636741
0.014045902849293969	0.035014033701774652
0.013967902886467855	0.037158418563328167
0.013813331452637795	0.033984326515362165
0.013753452668366651	0.034848449977877533
0.013600166633578683	0.034173173607997188
0.013544866717924708	0.035690052887638754
0.013399231092176382	0.034115187377619288
0.013280827544629462	0.034756074047748498
0.013183183385006132	0.03323479710460335
0.013093388145907631	0.032788377828290853
0.013024472966153534	0.034842656519311635
0.012950186138454587	0.033328310535780045
0.012827277815338094	0.032540889427802103
0.01271502617143507	0.030154884140121112
0.012644929867854161	0.033375143301162542
0.01256270199035713	0.031497931212768858
0.012427744467569411	0.031046735039382399
0.012409108814626625	0.029969304565992842
0.012276131920719462	0.029463034850653942
0.012214225733619735	0.028878365299256342
0.012123627981009459	0.028813517840333855
0.012032424326073538	0.030528060335542333
0.012003919998549757	0.030482180906674657
0.01190615083995321	0.028462324798067432
0.011848586986475724	0.028998114558200599
0.011734996109760214	0.029825928801183954
0.011678843463763907	0.030794963316749031
0.011662350227565876	0.028221631706631677
0.011554510607573764	0.028603700570157951
0.011468786739717681	0.03010953554218241
0.0114079665515169	0.028106169914200702
0.011329182889546135	0.026494330085089991
0.011264049334553276	0.027715312141092564
0.011175319612314423	0.026408549707850663
0.011162330084274459	0.029755380709332417
0.011085529395736156	0.026032302019216396
0.011052058875192125	0.028767463471351805
0.010942870129489048	0.027504721896118616
0.010907205844928467	0.027515948086380953
0.010821168044862179	0.025011268913589617
0.010777347209885971	0.025101495427645025
0.010734833274024193	0.025566162141756568
0.010665936460200441	0.026450029997714519
0.010627043071108228	0.027645536912107381
0.010533625698979527	0.024725733856757644
0.010486939355744568	0.025517168840901189
0.010380404298483189	0.024148700756945665
0.010368783798342062	0.024441528220838539
0.010273156298851227	0.023843027946637053
0.010277853632465228	0.023467149338451426
0.010137458847180314	0.023922292500200362
0.01014983505056934	0.024916816619572634
0.0101241728555885	0.02289942539564524
0.010072623131048874	0.023110786650806951
0.0099743294644646062	0.022008860305022936
0.0098853657633373639	0.022516973226012028
0.0099527688768911542	0.022476675654608754
0.009800125433853623	0.022251393402660649
0.0097978907096997157	0.022456657823044669
0.0098287173335753902	0.02571066656949729
0.0096661676489900525	0.021505745501866531
0.0097706749402003586	0.023673015295792275
0.0096055496510555078	0.022404355271966915
0.0096851771936546961	0.022631546225646636
0.0094870950255079509	0.020150945336901534
0.0094619917323794274	0.022184858078289328
0.0094730269612922132	0.023002438274115418
0.009390264577006726	0.020234092782250031
0.0092717842574715804	0.01995152038904293
0.0093069203568622791	0.022071967975482082
0.0092717785993520034	0.019733450921031379
0.0092900621087067554	0.02210836173816428
0.0091860558032042013	0.019357173942826652
0.0091495439083985938	0.022419542520273446
0.0090953093160477741	0.020559784223117578
0.0089905357634602889	0.018520115980985939
0.0090119665716739787	0.019661170674512243
0.0090107670421995748	0.020070114307798606
0.008922496512964468	0.019839028556456927
0.0089334623051728172	0.018757497772304711
0.0088909727941143008	0.020941205290190161
0.0088155104523685284	0.019687093965345639
0.0087607096345165315	0.018584687904185607
0.008758783973326344	0.017704350278160755
0.0087249898111515147	0.019441310198585915
0.008685190758717749	0.018633390927589939
0.0086589511066559825	0.019074540388536187
0.0086350293170660113	0.019985016232719973
0.0085227601081581204	0.016629821771862056
0.0085126942289165692	0.019125903405491473
0.0085278023934782995	0.018470807792866108
0.0084085200555824233	0.018039498295061938
0.0084403220615589716	0.017228721002396724
0.008489275960476713	0.021135167727748878
0.0083695654413980143	0.016130408093208488
0.0083529015442511765	0.019126800382838285
0.0082114215827676779	0.016494247196996732
0.99902664732968538	0.10528560885057463
0.55222249467767337	0.10768166647214907
0.38152576654241332	0.10946360615712883
0.29143901280841611	0.11048992777047788
0.23588704323950596	0.11006121449793267
0.1982942738570552	0.10835608878335899
0.17119845361605085	0.10582148837491274
0.1507326732994676	0.10311768110008838
0.13473641782233819	0.10038810578379383
0.12187640491585146	0.097840688378703813
0.11131808264449813	0.095409387071064042
0.10249183761665005	0.0931265958579027
0.095003297749898408	0.090957092456838862
0.088570889176760606	0.088899118490656501
0.082982719132178237	0.08698267215564226
0.07808604918693049	0.085155883385928013
0.073759707864965468	0.08338569373121392
0.06990812309632613	0.081677409775837262
0.066454816244841966	0.080072708409071436
0.063339928018342553	0.078554718631974954
0.060517358137900275	0.077085657101710905
0.057948001625088209	0.075685260668332754
0.055597376264207042	0.074359245309785507
0.053437757035060485	0.073113837856044098
0.051447389641005842	0.071950265347089398
0.049607025555578603	0.070853478923216237
0.047899805694177691	0.069817462671728434
0.046312558558495087	0.068800613659521379
0.04483213272793702	0.067825505308297965
0.043447313803606821	0.066896046208459944
0.042148549133574999	0.066010315032036304
0.040928151948633251	0.065148813512732412
0.039780485332480374	0.064335273407330348
0.038698881188937537	0.063553197514720938
0.037677717805892838	0.062803629932787333
0.036711706997680907	0.062095885975038671
0.035797019215176695	0.061423746942728029
0.034928900436844754	0.060797526916189289
0.034104077507120405	0.060211799241300698
0.033319768028129304	0.059657362462318869
0.032573019020067748	0.059118651164525686
0.031860654619894749	0.058620191472071703
0.031181154405835385	0.058166813845673085
0.030532669612003963	0.057746962608150307
0.029912080520781637	0.057344554750023743
0.029317723858439122	0.05695496415571856
0.028748360007275636	0.056583958856962248
0.028203154073085684	0.056237770104167174
0.0276805268888284	0.055892711670208178
0.027179136113703265	0.055545092427508429
0.026697548564991576	0.055207424359517088
0.02623417477599891	0.054861649688476788
0.025787878312557872	0.05451866885041734
0.025358172224707355	0.054183089321770656
0.024943577132855822	0.053846037776693063
0.024543005249311526	0.053511709754220822
0.024155450923451661	0.053184639896884524
0.023779525904096759	0.052844422311393913
0.023415603713501414	0.052507324330025279
0.023063645763817406	0.052186843493200893
0.022722581152656757	0.051871017391951879
0.022392179678691258	0.05155749250353224
0.022070953924003999	0.051230590666050922
0.0217601116734117	0.050920432172317197
0.021457960807038681	0.050602593705244399
0.021164831661136072	0.050286753955022009
0.0208798024863476	0.049984239414032794
0.020603090793092499	0.049680024499118222
0.020335069338332019	0.049373755304639562
0.020076847343170088	0.04909960211974268
0.01983064843585048	0.048896995198227246
0.019595545651182329	0.048767619003378573
0.019364721612029737	0.048572401777078028
0.019139030893331535	0.048369637717419256
0.018916152071118082	0.048103372375783583
0.018701444452298301	0.047870790988253011
0.018491676876638379	0.047708522024627824
0.01828127958465774	0.047430832691253137
0.018077877706229782	0.047135755994537593
0.017886713631676064	0.046728512318311613
0.017691893376862295	0.046249859751060947
0.017500942912325266	0.045883298706346304
0.017314183228489939	0.045531939760058128
0.017132132626904429	0.045183885376019681
0.016954416125103143	0.044860531177570093
0.016781920728181389	0.044588380851782725
0.016612127037104282	0.044231422578166917
0.016445150274413081	0.043907434394050572
0.016281098097255125	0.043575857856095593
0.016117466012948219	0.043177831306355156
0.015958501843697927	0.042805233426661225
0.015798420610024344	0.042270328741951628
0.015644920947590246	0.04197439887418894
0.015497540029552368	0.041649852374792719
0.015352321002175292	0.041268034494503725
0.01521335185592217	0.041076477080090587
0.015075812332626837	0.040905694889337763
0.014940721475291865	0.040674384756266765
0.014805180740386942	0.040249032118781482
0.01467743240309119	0.040042865178692218
0.014553041162561633	0.039811741062340908
0.014432491423033281	0.035926492604681788
0.014318290203456947	0.039303127861637463
0.01420154120993194	0.039307391841801674
0.01407591175363644	0.038556634232215545
0.013933865437988018	0.037027036267786841
0.013865621730108984	0.037488906119506546
0.013765692822530795	0.03331471633130767
0.013649852822877354	0.036094592182206148
0.013511169686920744	0.033070864754472032
0.01346111371218075	0.033078311674078986
0.013362626816814327	0.034671041000199417
0.013224618427560994	0.032525366501363284
0.013149891210642865	0.031359752110921638
0.013021213817144349	0.030324332846681238
0.012954074608449166	0.030570547703632874
0.012913063787398068	0.030198172867375028
0.01271033907098848	0.029371616589567159
0.01267563555937194	0.029049174284225408
0.012587167751881543	0.029264791704854225
0.012527453296410968	0.029248181824858492
0.012436213750124398	0.030462084327810727
0.012328890461675707	0.029574306341300625
0.012250728646837301	0.028753944475071389
0.012155384361884446	0.027924976639818407
0.012051616801924379	0.028420365108986313
0.011989882928267999	0.028210111084468744
0.011924547858362673	0.028078503926125768
0.011819213979294762	0.028210375625688695
0.011789323146221019	0.026550862267385268
0.011703560130136093	0.027676406218026275
0.011610664450782739	0.027040045046064609
0.011530432700106733	0.026436812777173375
0.011437536591822135	0.027489869474071647
0.011415459088633884	0.026312108447815192
0.011334230679873982	0.02525832499870222
0.01126858084536987	0.025693087100448209
0.011184982488446104	0.026694464869417966
0.011099873280513246	0.025548048651324488
0.011060552209299031	0.025045002974970101
0.010973260380743192	0.025003963541101428
0.010919549106876925	0.024279406333271556
0.010845714379789298	0.024581796081381023
0.010762831145056951	0.024897750877559598
0.010714339559640955	0.023916426980814379
0.01065367100806624	0.023199761542176484
0.010611860507172053	0.024198684055378263
0.010580179870480891	0.023733835860067838
0.010478970342880839	0.02256700359491965
0.010448975761297425	0.022566011577702907
0.010385341425224532	0.023257590105315758
0.010302691550304889	0.022252797585776512
0.010275966118002227	0.022497210422529345
0.010196450704326249	0.021879453673804897
0.010060903465142549	0.021090897040376467
0.0100749037680919	0.022746174148289756
0.010075999913201015	0.021932841122245739
0.010015167774116018	0.022061437380673465
0.0099390409286090296	0.021433754992725425
0.0098732938397825369	0.021749150604669084
0.009866782253098734	0.022820872232768873
0.0097861694500312665	0.020754235859326276
0.0097201149500164719	0.020595279791682956
0.0096822913891229084	0.021947352324236755
0.0096262554428075998	0.020471763974474786
0.0095971324379654777	0.020733182358472914
0.0095380126010144797	0.02090600443236167
0.0094969817386423693	0.021387926269850328
0.0094563198966516309	0.01990229931690048
0.0094065260497366975	0.019821391961928638
0.0093785081337128557	0.019910769147702106
0.0093205651226268421	0.02003325121842495
0.0092912622650338905	0.018986730922351949
0.0091873976902966236	0.019228387702025278
0.0092000253204658055	0.019603577858732266
0.0091542226120189425	0.019207792510999102
0.0090278012282735184	0.0191083373289304
0.0090940897949360854	0.019359415336211772
0.0090343917927346792	0.018670571602718698
0.0089782281150484339	0.019549162532891257
0.0089263386338150705	0.018711948285037552
0.0089127951862853581	0.020311260797830105
0.008855864895516553	0.017535367032521343
0.0087969746052537229	0.016988631110245025
0.0087359204694584455	0.017829364622501221
0.0087212662320103589	0.017671105644125256
0.0087047744706928009	0.018087008908795131
0.008685622588599411	0.017738249631656215
0.008683121522685848	0.018044435520716481
0.0086480359731471515	0.017447498187858668
0.0085289908211986787	0.017989186459903862
0.0085391063616253402	0.017766937436336932
0.0084399661551540078	0.017501083307073784
0.0084526291064050945	0.017083686908095596
0.0084168296901561569	0.016896442270928326
0.0083767745621595897	0.017070741066791805
0.0084563867649361055	0.017292655319549814
0.0083308741663346026	0.016502185899505837
0.0083322148528282292	0.017069112975116492
0.0082660452061343939	0.016803348169350297
0.0081925038097889428	0.016593632146048681
0.99978647328554393	0.097856649968755968
0.55301201803641475	0.099676647719847536
0.38220437455247874	0.10135381728153885
0.2920503265812	0.10219131339001357
0.23642141121333374	0.1019281370484392
0.19871147880423348	0.10096708297790863
0.17148973299631268	0.099542081657577192
0.15094467481956378	0.097637998203817064
0.13489618921262617	0.095427419874234545
0.12200203109165558	0.09319349700027639
0.11142116789156972	0.090907371283955152
0.10257526889311633	0.088701330372808557
0.095064775462905565	0.086644274091050161
0.088611156308260636	0.084708082186292638
0.083007103984779992	0.082857029417925374
0.078088399765362707	0.081162987194270383
0.073736131261387075	0.079605794908083352
0.069861002247126838	0.078158133865886631
0.066390562715808843	0.07678605142679483
0.063262509339161943	0.075501498524499749
0.060427413430172293	0.074307159729323516
0.057847357017141984	0.073160414971572815
0.055488469986568846	0.07206491740973732
0.053321897708921033	0.071031310206579837
0.05132566908679826	0.070045039883744845
0.049481603489879844	0.06909453644373155
0.047771722411989286	0.068188170782356089
0.046181937003026134	0.067321706996202144
0.044699626001684693	0.066484843153998524
0.043314597381965789	0.065677350808026724
0.042017162228351682	0.064904285862421127
0.040799411209924967	0.064165186985989081
0.039653692824227982	0.063475673775821945
0.038573945923631656	0.062816218834277529
0.037554138800754998	0.062193059522770835
0.036589950859505081	0.061566714152843809
0.035676857488049232	0.060966757497777274
0.034810645212288459	0.060389085468556654
0.033988242264208914	0.059825719803546958
0.033206615266875683	0.059279216652588645
0.032462824540098772	0.058770404539973294
0.031754779185926674	0.058272637330106715
0.031079002396626042	0.057795866185551013
0.030433172607372123	0.057350070627806192
0.029815695437924228	0.056919916234485939
0.0292247324054834	0.05650600223295428
0.028658567570058104	0.0561169853451957
0.028115568988131258	0.055746910664332412
0.02759581768157407	0.055367434939818133
0.02709765824014599	0.054978233197474358
0.026619429166160967	0.054602877713681525
0.026159922849161299	0.054234056414167529
0.025716991556663481	0.053859890556655923
0.025289476423107381	0.053495040396513815
0.024876539249510922	0.053125065640841504
0.024477305796651656	0.052759859737181898
0.024091864141179704	0.052405325317334814
0.023720119459635116	0.052066528232878814
0.023361546385245704	0.051736578927121482
0.023014878968360457	0.051407931246920689
0.0226813280407549	0.051108007288830325
0.022358428955003538	0.050819083787077647
0.022044669845547461	0.050534241170781272
0.021740203399514803	0.050285500621497725
0.021444000350029441	0.050043535181349713
0.021156129579346292	0.049803122805215129
0.020875363255497825	0.049545980553190372
0.020602481762149225	0.049289495902761347
0.020336283429269807	0.049043242146429522
0.020078246899596329	0.048824137136321416
0.019827852458343925	0.048675260768615496
0.019582867560891497	0.048442537387141146
0.019342667934032342	0.048189345762928874
0.019109133472154951	0.04791777697960467
0.01887973975925044	0.047606818608019068
0.018654535506768263	0.047213121449350387
0.01843674660054093	0.046871715810274002
0.018225394893801518	0.046599201792126017
0.018024077883012638	0.046259589651256629
0.01782514068494848	0.045867245879075667
0.017629953878530173	0.045309448528320972
0.017442512524947034	0.044828257956549156
0.017259421833495252	0.044508041462765269
0.017085949163720884	0.044322248469155744
0.016909185618886803	0.043856941436082195
0.016737841645144257	0.043314802401019946
0.016555669342413058	0.043082549861211801
0.016403158555684614	0.043108277870692761
0.016247840119623425	0.042027656321299803
0.016095890059401131	0.043131252366326041
0.015943664764349295	0.042901632221020801
0.015783749142627642	0.042564556044840544
0.015635445588030199	0.041596360821889965
0.015491481931547186	0.04043598188139743
0.015352612131235866	0.040495677753819986
0.015215396190250845	0.039710257599359276
0.015085779226179857	0.039644402445591788
0.014946797616624341	0.039548412666179457
0.014838693740897659	0.038238299332881497
0.014720086867420797	0.03706836647818048
0.014643059021477551	0.037197027708335023
0.014481657996628157	0.036393887644023182
0.014349530635824982	0.036706734917608556
0.014315121582858236	0.03672400239517426
0.014121644829777633	0.035827419288683791
0.014003672797176719	0.036021485471018723
0.013919357777626474	0.035985459553491014
0.013792140704848573	0.035128254372134959
0.013660301565664645	0.035449953926880474
0.013577407178447968	0.034686850029169672
0.013458505667076473	0.03582542774160645
0.013357118420958419	0.035935901311912023
0.013277938790058627	0.035840071714994141
0.013158085595486656	0.035382719867509287
0.013068620077116859	0.033237883008952446
0.012977272791967229	0.032244303519209018
0.012913090597522504	0.034173375852581539
0.012829941038173488	0.032794231317154802
0.012731225624838416	0.033706435295224123
0.012596674894802262	0.031823049974773344
0.012522435328660195	0.032370784016374526
0.012444873614855226	0.031346907548136932
0.012376971626115015	0.031677727980932747
0.01225108607838942	0.03194439174252503
0.01218104008244828	0.030829464261923845
0.012104861820258279	0.030999586513728035
0.012033294793756871	0.030394473759532758
0.011959425206489573	0.030235672154429398
0.011863591329033009	0.029975317535814349
0.011763690344177843	0.029768021267893362
0.011742219856963228	0.029395550916194283
0.011618834478891409	0.028581273108717664
0.011573701072001718	0.028985580798458994
0.011517254437233561	0.029176046562764346
0.011463585844212804	0.028733899891718068
0.011365747996564677	0.027937264550991766
0.011286658275539164	0.027940519322563494
0.011200001730772678	0.028074347660294069
0.011188497193952179	0.02834214037470285
0.011063528955285786	0.026910906935071175
0.011008447195898679	0.027771136677856842
0.010941204024273919	0.026118249217925348
0.010884075755807786	0.026238466726615894
0.010801867071885725	0.026846706788769811
0.010759221838915645	0.025653973079926576
0.010723896818774649	0.027320487990707059
0.010647616246331532	0.026928343576978677
0.010605470380394152	0.025711386340433306
0.010546564191461476	0.026506295559551345
0.010464377577873312	0.027121320131031079
0.010380489774753207	0.024990396973100602
0.010391359221076321	0.025675612855009463
0.010327710998900575	0.025420821972984734
0.010216323617611343	0.024677764889238583
0.010147670035935495	0.023959412379480384
0.010136449205294469	0.025886975272584115
0.010037062432396425	0.02446591608497805
0.0099957243869828322	0.023839343187856576
0.0099530857663567025	0.023577768655444257
0.0099362730099130693	0.023175357407834687
0.0098235085744878374	0.022063061369934422
0.0097872844222399984	0.02406305826123141
0.0097331457011728406	0.022520644593621512
0.0096810124024534309	0.021753014519001846
0.0096775515928150813	0.022831025062522031
0.0096236193440045158	0.022940099436344997
0.0095609307634403184	0.02181726162431278
0.0095560359673044718	0.021998649349707355
0.0094474663901334289	0.021930342407152789
0.0093798616970350926	0.021888273657337257
0.0093416772114976575	0.021475301347187763
0.0093172194168777943	0.020349035266971623
0.009312945449029289	0.021483815579029508
0.0092956714706995385	0.021715760745509727
0.0092133271220756329	0.021887518371098463
0.0091478369647080057	0.021389343779831673
0.0091150216777021037	0.020116694446747813
0.00903306838242178	0.020369539623317882
0.0090062297995469904	0.020174451064467032
0.0089020615939749727	0.018632344007898382
0.0089769975085910083	0.020027184652305095
0.0089484035145134377	0.019104241660655621
0.0088128039163746542	0.018294084762347781
0.0088221526191100234	0.019382840651813761
0.0087429417746589314	0.019121052182095977
0.008765759720206703	0.020636738886460181
0.008764027177279957	0.018972254433015662
0.008625680919766442	0.018129800990390903
0.0086203659478584164	0.019360319818233562
0.0086223564838948767	0.01796006671536151
0.0085767383314861514	0.019525552369788812
0.0085497071764122339	0.018663528142823051
0.0084525269638138553	0.019043993939112075
0.0084642847520032295	0.018718902389584711
0.0084407257263565145	0.017342188234243917
0.0084134087717886354	0.01911979284953378
0.0083351983651356529	0.018138652316943317
0.0083188483929108308	0.01671494718209586
0.0083102843049609916	0.017377077962315843
0.0082307575437899801	0.018029629084748765
0.0081900403090083493	0.016951127062358014
1.0006114424996169	0.096982485241118535
0.55277517375642948	0.097802870499153635
0.38183602854392495	0.098781609441660576
0.29167398200604927	0.099030881740440141
0.23599491994556182	0.098957019895888773
0.19828996503372973	0.097834100824456482
0.17109892547672348	0.095986638346184386
0.15056875814789542	0.093800962602970578
0.13452450064757443	0.091470408551416485
0.12163792197156638	0.089165668156059238
0.11105337814333999	0.087008959363375882
0.10220621954179429	0.084943810408975223
0.094701897852657077	0.082962658323565933
0.088255220493620529	0.081084425773614965
0.082653957956673851	0.079328005194246529
0.077741429045897911	0.077692394924774741
0.073397506151476652	0.076153832834989554
0.069526129076431034	0.074732133372493612
0.066056151597581395	0.073405226530899509
0.062928367932590296	0.072160190506428593
0.060093983714668391	0.070978743943810568
0.057513873675351962	0.069850954511326876
0.055153884504956306	0.068785240260175101
0.052987982971505379	0.067781506562535135
0.050993110161548443	0.066821036789669636
0.049150446622012851	0.065897166452370606
0.047442919190738023	0.065016574860822851
0.045856118394208417	0.064172714962649063
0.044376997811261448	0.063367746360115121
0.04299565410900897	0.062595785263650769
0.041701318941177755	0.061868591820117121
0.04048642067827761	0.061175215210433669
0.039344951030426248	0.060475888587050067
0.038270001850264988	0.059803179804486718
0.037255017804990846	0.05915477097716456
0.036295102458267857	0.058533118091231157
0.035386827656920292	0.057926986522235338
0.034525584363397727	0.057334090400575202
0.033707435221972636	0.056760288248594866
0.032928828688011821	0.056211179202733975
0.032187451210593063	0.055684084336555147
0.031480914978569155	0.055167881539842055
0.030806311825947626	0.054662638373776232
0.030162407286090074	0.054163926001922137
0.029546218695712334	0.053676349921621985
0.028956187695929336	0.053192128955625827
0.028390669098111575	0.052717870598700943
0.027847427004057339	0.05224880991920907
0.027325122703507915	0.051794792023435753
0.026822999554783514	0.051357766988429761
0.026339694811076758	0.050950082354081938
0.025874578527976873	0.050559177475862242
0.02542624073383231	0.050182314983156721
0.024993872254887181	0.049817165928537584
0.024578356140507959	0.04945850837131488
0.024179981527294846	0.04913167556566831
0.02379698755750171	0.048825390106270225
0.023428738993711791	0.04854395176658638
0.023073988537139264	0.04825256885042277
0.022730986948768149	0.047926735941624748
0.022399571301411736	0.047595602875740925
0.022079719798290192	0.047276988422549654
0.021767601042825952	0.046954029984376262
0.021462811524319055	0.046630839194978402
0.021166465925174727	0.046306978375672866
0.020878257679596612	0.045990340693538939
0.020599805953795888	0.045689687809715267
0.020329125457535374	0.045396758320230643
0.02006593944312746	0.04511279459910935
0.019809566281568741	0.044834265546054998
0.019559839789601418	0.044559539347658973
0.019316362733299543	0.044287035802640276
0.019079237713816893	0.044021662708778365
0.01884910437619685	0.043770122577770451
0.018625902026077581	0.043523219276774695
0.018408210007569904	0.043292330846381684
0.018193354527711182	0.04300003361123185
0.017992511652175247	0.042984006122265106
0.017794568621826459	0.042715310020713007
0.017594568552566265	0.0424773417395123
0.017400646593697205	0.042255269042706226
0.017222711481651647	0.04214207803887423
0.017045063825619836	0.041818842400679436
0.016852303296315794	0.041508301482517718
0.0166778522870407	0.041040611249306545
0.016505616646504614	0.04063672745294912
0.016328510742095945	0.040045168560353804
0.016162739759325466	0.039554198022549961
0.016012008491210337	0.039014460916709404
0.015871929232286683	0.039775532818253904
0.015706696091571527	0.039316715276126186
0.015561718753210095	0.038754163691398724
0.015415184802579333	0.03871918107655116
0.015258198761170093	0.038135603807973636
0.015143742408315024	0.038022556038217005
0.015019470214356796	0.038193754155972488
0.01484901043044032	0.036961212188040167
0.014754406354833549	0.037340481923326348
0.014595848872461147	0.037799614129018021
0.014464114621696148	0.037128343688866548
0.014329412968758145	0.036765711142183952
0.014218254141750821	0.036403979007704021
0.014118553258292725	0.037108385281556182
0.013991233370056545	0.03644715295648196
0.013877541555045376	0.036351761195852837
0.013762068189383673	0.034928491846915592
0.013641203591392504	0.034478132280251754
0.013534996704527678	0.035339085193462613
0.013430530814567557	0.033812797732005781
0.01332052986712102	0.034690437498401686
0.013215871602095332	0.03459613917347093
0.013122530224568756	0.03426199021391875
0.013046082561285399	0.032853413495699646
0.012935065027258396	0.033454809452666309
0.012848107820791136	0.034202804801660769
0.012740245507508305	0.033478394337047766
0.012671204698343584	0.032403202675847648
0.012592477765176011	0.032964853766392008
0.012431908064203714	0.03039755060676531
0.012367771724035772	0.031818826029029232
0.012296566091489491	0.030828980276539963
0.012217742709434024	0.033031154696239566
0.012139809266412347	0.030979751023753468
0.012063756226180769	0.032309521150695575
0.011944099262473962	0.031350500106023568
0.011868241116724893	0.030637895991142687
0.011779324763169766	0.028760675765467425
0.011714844215991921	0.029432568561658552
0.011652282603323889	0.030302799780933389
0.011558913363046212	0.028698219569669236
0.011509571245789989	0.029005756744899119
0.0114329084080743	0.027906851020634213
0.011350533995047528	0.026257135092494943
0.011264737147596168	0.028553677420538076
0.011218074376511794	0.029024159627148424
0.011113771972316047	0.026721418379719846
0.011076996205086861	0.028050320665883366
0.010969603327990312	0.024648952932003049
0.010921193163084755	0.026035586096099482
0.010850768570178332	0.025227303514243751
0.01080517483574084	0.026869383931475355
0.010705808579721275	0.024019791168416682
0.010633766540865232	0.025179883663287776
0.010626627562738175	0.024262197083872655
0.010514512267555764	0.023423838737211777
0.010497868916597375	0.02473600617895106
0.010449337660813986	0.024989317522661102
0.010369709992963948	0.023534483848008485
0.010304395905365762	0.02402180683936123
0.01022088869342668	0.023217205514661613
0.010200443735557552	0.02342877303579248
0.010142989604016071	0.022409566027048137
0.010112919631065647	0.024044001765871671
0.0099970208659015281	0.023488797986243131
0.0099811856543465909	0.022797527345525578
0.0099185154309105981	0.023472049656329395
0.0099018526520702841	0.022588782370893089
0.0097904634474742947	0.022056856022945007
0.009730301395924219	0.021285616952724642
0.0097206636599754259	0.021813359931169746
0.0096437039214057173	0.021681067892911146
0.009613402849354899	0.021277116677584581
0.0095550505377385766	0.021141971550293702
0.0094800283834240977	0.019628976340652925
0.0094535052617558471	0.019806633499498093
0.0094342898402020297	0.021687212271778025
0.0093453953171413369	0.019593212684732041
0.009327937114660817	0.021734618633243594
0.0092287717319127337	0.020081627991058691
0.0091959327720216137	0.019316295359299223
0.0091929174767265004	0.018355816270589163
0.0091645350220600288	0.020295106463051736
0.009086466248431584	0.018548446259868977
0.0090922732159634707	0.019226716060294951
0.0090049349684586007	0.016845506632648798
0.0089788209512706666	0.018851882198628045
0.0089304973639922555	0.019786032216101316
0.0088672242998552621	0.018449568256953153
0.008812834341860129	0.018741705434441452
0.0088149776645776654	0.018164950286012643
0.0087718547053037711	0.019660354258600635
0.008695888382604466	0.017236930235074721
0.0086578762241086363	0.017778461269988971
0.0086265309167378092	0.017865996524093427
0.0086254116400954397	0.017285880587462138
0.0085448140257602563	0.016486920831502921
0.0084893735830755008	0.0173710503955921
0.0084820548071837983	0.017304620932766582
0.0084556779167554337	0.016830981004616118
0.0084475012329193258	0.016979965171628444
0.0083905480879137156	0.017092790881414542
0.0082991577002582279	0.016909330443909559
0.0083144978830803178	0.016666308692492242
0.0082875463970846757	0.016674036480440343
0.0081996634572228683	0.016933670339099132
0.0081608526161077704	0.015434302093195396
0.0081609034206181052	0.015073890832190476
0.0081572860599604807	0.017414474334384027
0.0080961542339997184	0.016012033157130987
0.008061592055833745	0.01567301221576951
0.0080231912445858783	0.01458876412275591
0.99709067768142523	0.095749746491507359
0.5516623446622495	0.097981256581007703
0.3812964811023114	0.099691384408004152
0.29137384712532799	0.10026349127863898
0.23587413290323808	0.099752407981628377
0.19823156312812226	0.098738165536561492
0.17108398579954434	0.096964530257387882
0.15058904546838073	0.094774567439413426
0.13456754910416652	0.092455364690341491
0.1216985287531368	0.090125222163488158
0.11113042742609641	0.087865171848214518
0.10229984987657539	0.085640757228471504
0.094805861054671162	0.083513350756894561
0.088367926931922677	0.081436708275198597
0.082773911132991124	0.079458550952592993
0.077866949282340614	0.0775897331438824
0.073526011275915709	0.075842753991276324
0.069657619770177467	0.074181974998427408
0.066189980875654669	0.072599192553413669
0.063062064683432617	0.071100376563419027
0.060227506406903678	0.069659397539384826
0.057645520142642466	0.06829130902057054
0.055282871709494141	0.067006042807942742
0.053112456847315977	0.0657992884552311
0.051112073561741127	0.064654068784347915
0.049262150916075595	0.063570297557658209
0.047547321197060344	0.062548388232767288
0.045953277027271609	0.061590485294668595
0.044466547951039243	0.060684876328260126
0.043076866955616085	0.059826301472112632
0.04177555640356248	0.059019632356169992
0.040555087722587167	0.058249073854847587
0.039406781846950074	0.057533549615114525
0.038324453050352023	0.056854756071900138
0.037303088847076851	0.056199064147473783
0.036337606656123733	0.055584397007797715
0.035423401334258274	0.055003689697290831
0.034557212211082697	0.054461115476445304
0.033735529174155302	0.053950928416862845
0.032953616583787579	0.053466553858004383
0.032208922766814523	0.052988154288974909
0.031499859578579543	0.052507893073926511
0.030823224861016022	0.052049807063968272
0.030176073349296388	0.051612995031849823
0.029556797063512056	0.051190289069687658
0.028964103902730687	0.050777142412600139
0.028396583530053116	0.050377934780651147
0.027852213180868522	0.049980107602113147
0.027328867645233536	0.049590077266076997
0.026824372190238577	0.049213248855114529
0.02633814303595839	0.048839723590406656
0.025869165857529283	0.048465002726612978
0.025417493473454237	0.048087359119676189
0.024983029793083467	0.047727369315727596
0.024563530818750678	0.047364145068601073
0.024159371638855589	0.047029226492712434
0.023770527855827783	0.046721969751490802
0.023396143889410262	0.046413511264433389
0.023034455980431127	0.046094423781628417
0.022682827946722054	0.045739651114460142
0.022342447882229187	0.04538855357856221
0.022013059242032482	0.045036872183067303
0.021695381697056291	0.044699393516215408
0.021389655548717159	0.04439447357409923
0.021093854443550393	0.044113047563907312
0.020805995822315588	0.043844027222698798
0.020525740682477901	0.043561576096872938
0.020253318047244263	0.043283394650261674
0.019987742631778514	0.042906345305993639
0.019728907844913365	0.042583572933505003
0.019471682247627846	0.042160448039384527
0.019225366655106303	0.041819933469016052
0.018988098800994922	0.041559897335545111
0.018753687038012862	0.041230385134160927
0.018523856897779894	0.04094435788266633
0.01830054866493391	0.040545263510930886
0.01807297884013161	0.039953548320237349
0.017866011787385474	0.039410099540407126
0.017664846894635117	0.039067314425581944
0.017460996053039857	0.038889508895687139
0.01727434920568249	0.038571258169367767
0.017091654182877492	0.037932962108342613
0.016893787677065952	0.037618262249014274
0.016712407813886932	0.037526402210072293
0.016542436097846988	0.037072833913743761
0.016363058199716281	0.036847399121430924
0.016200641105083811	0.036429251463927295
0.016049271896854157	0.035751136238271961
0.015897312716630266	0.035457019850118426
0.015721042607128248	0.035441212207846441
0.015576221840374731	0.035105296700868878
0.015426451168385648	0.034530841643544342
0.015299682475243508	0.034338651497165848
0.015150478540126345	0.034571419915268763
0.015013318658468989	0.033654777539916678
0.014874667382648152	0.033296445398360568
0.014719832385476849	0.033212623649197602
0.014594285747507454	0.032799734214462258
0.014496060280607861	0.032661246981264457
0.01434662314459037	0.032294356961301451
0.014189845675435195	0.031245028792105965
0.014083446872269572	0.031361475525507873
0.013978149140799808	0.030727656009510638
0.013874939459433489	0.030718170677644544
0.013743476784720026	0.030008014718302282
0.013631694565026598	0.030720740966362917
0.013507980514173861	0.028964107603804565
0.01337978014631863	0.028964041209346723
0.013303020911858355	0.028667083040597136
0.013175011529462486	0.028372383583754972
0.013101990409933723	0.02940657943124184
0.012985280162516932	0.028351013139270961
0.012919334333042027	0.028491590377390012
0.012832338750657658	0.027745005642936159
0.012696617265869313	0.027607350564921376
0.012596128764438523	0.028407155727115049
0.012509624292196346	0.026766852217596428
0.012420920920938727	0.027193906691804232
0.012351427818191919	0.027212934134801983
0.012270375185032687	0.026684645857759922
0.012153256110852766	0.026156631569626301
0.012040869967220636	0.026036530830508057
0.011986624357991811	0.025513989913960134
0.011890968424817605	0.024801028900635461
0.011810365960485882	0.024435696742490968
0.011750096117919488	0.024812428371499995
0.011670837767037909	0.025069741890264126
0.011628605679080768	0.025920965410707791
0.011503777660639944	0.024278311084247935
0.011456345703843521	0.023690378258015187
0.011357821116418009	0.023589765056355783
0.011311603493976606	0.024189191150709936
0.011262194093132788	0.02397159317447117
0.011121719663521877	0.022595812480265157
0.011106938958001678	0.0231336348637638
0.011047212415975916	0.02309883280618041
0.010960077431454581	0.022392397337983667
0.010822932512283319	0.022319184683727913
0.010833715435400735	0.022603160942704977
0.010721858817368377	0.022445402304207433
0.010714357900572947	0.022119244297739624
0.010668288693846164	0.022874259325841546
0.010553124719270399	0.022185957344791535
0.010498556896407035	0.020996074107315448
0.010393599733543831	0.021778150112530391
0.010393861072986748	0.02056602132208718
0.010310096477265468	0.021586073542354429
0.0102754133298434	0.021551149101932402
0.010206942825976034	0.019068819097650739
0.010159579696074289	0.020465813555924677
0.010104046384957826	0.01949316377915793
0.010032418804928224	0.019344641546748836
0.0099699409794214659	0.019947664027467751
0.0099253338568001219	0.019858966613680504
0.0098714663840501638	0.019875965277990328
0.0097949925788070671	0.019876685611988847
0.0097456975429123915	0.01848388584299715
0.0096953934935862639	0.019029406536295791
0.0096796393175911637	0.019543977000468105
0.0096278105252976323	0.018669404676645567
0.0095662833446435846	0.017210890444928888
0.0094835001220867909	0.017853446801636808
0.0094897049592727305	0.018368028796297127
0.009438462295646757	0.019252475315120317
0.0093622539395267247	0.017692919900440654
0.0092914910790142004	0.01821853138522031
0.0092809328302386543	0.01826787856380345
0.009272870818615676	0.017078187782584919
0.0091463308070883296	0.017508986559338299
0.0091562574714397493	0.017408499042021276
0.0090886148840187801	0.016482215123260553
0.0090083660143410529	0.017721606283546867
0.0089542808352211546	0.016500207467715383
0.008989932737959911	0.017715729795170186
0.0089493722243956034	0.01637209724457141
0.0089146602197883035	0.017204884234919633
0.0089118230082408274	0.016855679172918133
0.0088113356718557689	0.016136533002782505
0.0087685282748837957	0.01681512157988202
0.0086710088135942623	0.016155928464508657
0.0086872742897500365	0.016688725446013776
0.0086239518170439459	0.015385357846484747
0.0086306908288935336	0.015322095560466381
0.0086109453955960681	0.015714846866380867
0.0086010453362269784	0.015287269167737462
0.0084821360588834376	0.014606134232739649
0.0084116522776021448	0.015062298838143138
0.0084337713055795543	0.014741943992375441
0.0083895975877979166	0.014914043192034165
0.0083351362805249348	0.015404040992141406
0.0082856353819106797	0.014268704040654773
0.0082745678954091479	0.014786173642216023
0.0082423907580941782	0.015112503235153434
0.0082209917039664255	0.014299028628977016
0.008141263629723082	0.014534398096736475
0.0081774377685024692	0.014632990616244942
0.0081348649060315054	0.014632055062470577
0.0081393272318323259	0.014612196160393389
0.0079840319550735454	0.014098314854173032
0.0079988029802385615	0.013631220003734431
0.0079452890220030777	0.014158865367841278
1.0026660318185718	0.1052173702625981
0.55474398611520981	0.10700390691323178
0.38346175965550516	0.10847061008853331
0.29304754306679454	0.1090955332900089
0.23727426905597818	0.10845080162639303
0.19947930198725566	0.10703867102126492
0.17222142500896973	0.10501728109404758
0.15166152669926306	0.10249593332364497
0.13558383254181183	0.099943875560139103
0.12266288480994937	0.097439231080957964
0.11205292666142065	0.095027894693854031
0.10317549583636952	0.092815235780782823
0.095642314527258146	0.090726108265990507
0.089173772729710638	0.088710248607114905
0.083554386758689758	0.086821271582468315
0.078622081679401032	0.085105259655102461
0.074258935089124081	0.083538685910838836
0.070374154103902312	0.082077831970277598
0.066891973660872989	0.080699487611958817
0.063753056969970662	0.079391204034628848
0.060909701794353892	0.078150120358081221
0.058320877364175572	0.076983101682316243
0.05595612453146831	0.075876151652034388
0.05378743711663813	0.074815161515645018
0.051791435091680285	0.073790993442274494
0.049947278958443218	0.072830711597204167
0.048238331673905843	0.071893518129385853
0.04664880851110783	0.070996197689607798
0.045166503930902158	0.070142178950253348
0.043781077990547576	0.069320187766977723
0.042483399108338198	0.068519887796904169
0.041265439939787582	0.067741788633762082
0.040119906844329617	0.066965755363591672
0.039040700992235999	0.066211421257082487
0.038021635083072512	0.065482783237323608
0.037058494176332987	0.06478481136393377
0.036145666803698233	0.064111832714570979
0.035279905763072307	0.063470559306512686
0.034457506100243993	0.062843330813385945
0.033675200642238223	0.062237271491118948
0.032929308151047096	0.061658455567748779
0.032217542033251993	0.061100362653450577
0.031537435553545816	0.060552133541693337
0.030886898941379606	0.060019579515619634
0.030264508421080735	0.059516525114304851
0.029668147530952361	0.059027424592333198
0.029096150670324554	0.0585472327887296
0.02854706960860456	0.058076602544501622
0.028019352108636653	0.057623916688432975
0.027511725319537779	0.057195928012855758
0.027023037406246699	0.056772999568696789
0.026553258676814219	0.056366276259393569
0.026100782830382578	0.055984484993012389
0.025664488622058036	0.055620534699739703
0.025243694773895632	0.055276288678668233
0.024836952628043748	0.054914022761884063
0.024443189029955049	0.054537242537676979
0.024062052512874441	0.054156395770083902
0.023693745525512767	0.053768852723476375
0.023337459075140239	0.053380186516297071
0.022992043049765484	0.052992502208223193
0.022656858058565866	0.0525940177643111
0.022334172816222773	0.052220858230602608
0.02202163034841572	0.051858981892423932
0.021717731872456573	0.051499446868276018
0.021422140072105977	0.051137451471969103
0.021135010709383301	0.050776535972513664
0.020856166064086211	0.050423754396674313
0.020585610848001104	0.050079444569100046
0.020323185003348485	0.049755725940190301
0.020068500686624538	0.04949705346110924
0.01982092832607045	0.04925876575184663
0.019581222397667887	0.049058296799465211
0.019345646014755628	0.048809506360041215
0.019118204008644297	0.048561365991283217
0.018897452591250526	0.048313293494753141
0.018682535622913769	0.048061921183882896
0.018470016770106189	0.047778296709263868
0.018262870193578445	0.047501412902072639
0.018058020151360613	0.047147706392512007
0.01785870987115043	0.046772559948334694
0.017663478672230566	0.046387158283881215
0.017473753515484438	0.046038565778641051
0.017287712535949355	0.045671926132282062
0.017105259321367191	0.045271973599729662
0.016939397317929893	0.045369584660158099
0.016768284415312758	0.045001741886877396
0.016599097505327214	0.044549577704761374
0.016436840946140424	0.044244283951956162
0.016286963491823046	0.043658097891583252
0.016132229497019993	0.043421262663898487
0.01598762073970883	0.043120091370767263
0.015842504360533964	0.043228479383454782
0.015686641189597245	0.042720996413102195
0.015544896025515044	0.042387399245711777
0.015407509744682852	0.041865038187326779
0.015266700790637539	0.041418122756101815
0.015142126245024558	0.041042883764976855
0.014997791408959184	0.04123743503602708
0.014880596671842454	0.040748861840152785
0.014745309005797222	0.040946372607980036
0.014646921450281682	0.040609218978416975
0.014515850227534205	0.040136976107026733
0.014380750916984717	0.039217246330337553
0.014276047726905581	0.039009598821227912
0.014178433824715377	0.038903358990561361
0.014049691102156122	0.038185081125942863
0.013936532034106865	0.038065841374101204
0.01382842392256314	0.036814845141472138
0.013712771795599585	0.036946521917506553
0.013618814820950792	0.037535110092140465
0.013540710227205448	0.036701897829781602
0.013449531195753527	0.037109763845571665
0.013324732586149544	0.036632094014708384
0.013301373607704036	0.035117757310719783
0.013161014047866909	0.033519395095664845
0.01300335672156077	0.034230098962890095
0.012978563106756068	0.033823693317439708
0.012919626546820835	0.033963228637735536
0.012814276113985553	0.034306284223412184
0.012706253943020256	0.033940476842522972
0.012607099634162821	0.033976069500607338
0.012513201670160498	0.031863594641830514
0.012421494395075654	0.032064082721224657
0.012400068021117729	0.031695966596185315
0.012293305496735402	0.032291991365608945
0.012188101334366593	0.031625787554180447
0.012153717622046416	0.031484390485381361
0.01212998135879809	0.032181106963209631
0.012005361997375218	0.030688861766772189
0.011976927103484723	0.032181312944840265
0.011815895450687699	0.031350301541464676
0.01176729366364887	0.030904098897482288
0.0117166394247844	0.030057660224051975
0.011614839182944654	0.030052728411710295
0.011547067614051445	0.029945462630853646
0.011404987595403988	0.02918993053276419
0.011396504745734552	0.028750086693021724
0.01135052203586687	0.028988072498822119
0.011266481206730248	0.028863343381611662
0.011184831494836308	0.02790790445940363
0.011180925432920394	0.02957614025876731
0.011051913691243254	0.026959843811694115
0.011050930452591094	0.027830887954790686
0.01101700177344507	0.028236809463095522
0.010902242924688015	0.02712230481371786
0.010862530788432991	0.027405760223955425
0.010795594130290121	0.027935530160045591
0.010716246071402648	0.026489595439589758
0.010704864484912452	0.027255000733553504
0.010588125187124028	0.026609486532531312
0.010549301609894212	0.02552529118054956
0.010507962464057748	0.026137599218391368
0.010475549095755763	0.026590194738682859
0.010359025521471367	0.026377954660834514
0.010421525518421721	0.027098906709527869
0.010238128395396989	0.024817399492508715
0.010209899370124387	0.024048110907965624
0.010164159419139141	0.025180296822635943
0.010137425975518099	0.025105099981954811
0.010045630251545411	0.024007930989415519
0.010051833531156823	0.024555080229633378
0.0099781315526686967	0.023154207227917608
0.0099146490916578039	0.023222611564707386
0.0099232877498583675	0.025062142519896836
0.0098664046580845145	0.025032443670536152
0.0097808438483172524	0.023074545109505771
0.0097698000797844398	0.023861504019408942
0.009680309180574458	0.023152064018226587
0.0096740037043628931	0.023593792160148938
0.0096499907098876458	0.023666192421755158
0.0096220680731720284	0.022712433521112699
0.0095041398506164002	0.02198201294507823
0.0094364985455999313	0.022857018471366088
0.0093671509458760228	0.022019300318738964
0.0094301383484602166	0.022576614453984203
0.0093912375270806762	0.023203066517572993
0.0092926935296606637	0.02251958232497598
0.009209094226579978	0.021689902186320824
0.0091846169312712108	0.021815452960495613
0.0092060525204738231	0.02217039472761095
0.0091374589567397094	0.022235670166906116
0.0090896473423847015	0.021444833157407656
0.009063703590402053	0.020665014013688643
0.0089834562914358276	0.020804352541273771
0.0089802166891652015	0.021447588858978843
0.0089375078086000818	0.020742765036764702
0.0089260396237109876	0.02119565799663721
0.0088866215792474321	0.019934101243666957
0.0088382956490970655	0.020949529224036284
0.0088402576901997071	0.022336524314908658
0.0087600470536375336	0.020803733267498951
0.0087799144726806652	0.021310895923344082
0.0087131496709035895	0.020224647552386139
0.0085551324505904035	0.018909746215491598
0.008577218893655935	0.018713183502784933
0.0085534077173595093	0.019197957604292791
0.0085593124675378222	0.02009671733533664
0.0085257910956035941	0.019580457276047476
0.0084057428989654168	0.018803640575778699
0.0084072022199394112	0.019226167377858979
1.0016003011735268	0.099752161143714033
0.55381389600654873	0.10123365205402754
0.3827354977294688	0.10261379630062682
0.2924463495557677	0.10330354786559817
0.2366904897339519	0.10339421312882129
0.198921590310949	0.10248605405399509
0.17168375980528175	0.10082995945193768
0.15113553838845362	0.098599226544157481
0.13507674583039792	0.096191027621702646
0.12217566135060731	0.093791505119343546
0.11157930634276061	0.091502316029050346
0.10271772949099137	0.089371342171518292
0.095200842057943408	0.087337645422987026
0.088745199948074754	0.085391919616476158
0.083134676292803161	0.083582407112209905
0.078213675141318578	0.081890727400266733
0.073865173531755313	0.080262564993838728
0.069992443015678932	0.078720775179033475
0.066522143923178567	0.07723272032619799
0.063395806756325598	0.075799847258377961
0.060563484355770227	0.074425313525245645
0.057983861519462304	0.073125166817961273
0.055622452685441755	0.071902692748182048
0.053453483317567448	0.070740845772713765
0.051455379764762728	0.069641792415206252
0.049607567017347608	0.068602297538210746
0.04789379788785271	0.067616752395924726
0.046299859734734154	0.066674784622201416
0.044813483917343085	0.065780939202321836
0.043424851963410928	0.064932630997851348
0.042124762680325917	0.064104346662022707
0.040905127057185665	0.063295351216335033
0.039757575668095069	0.062501648053749373
0.03867602556134532	0.061747100209134667
0.037655093518953069	0.061011898145544717
0.036689122518862118	0.060314960139149575
0.035773826161872357	0.059644790474009841
0.034905143442686831	0.058990771628191975
0.034079656859770185	0.05835482981042011
0.03329392503333891	0.057741110016898689
0.032545746186801977	0.057153258700957998
0.03183271946884679	0.056582109369790419
0.031152412050463461	0.056018058808198309
0.030502640566178817	0.055468018009734228
0.029881844368868753	0.054937337520186792
0.029287246863779103	0.054431287045942363
0.028717521676390065	0.053923944084346413
0.02817118690442905	0.053425929953503828
0.027647229458456581	0.052929944286816279
0.027144096890559723	0.052440653334938997
0.026660106211251831	0.051965781326830662
0.026194074064941043	0.051497171306378119
0.025744949985600452	0.051037539730297905
0.025312163442622028	0.050595435074085357
0.024894398323866283	0.050162895630868801
0.024491613204993812	0.049756580903474672
0.02410339867132864	0.049385763275658634
0.023729521702090774	0.049059909669168969
0.023372292175591496	0.048829863274874118
0.023025201350877447	0.048561465741727081
0.022687444069179056	0.048279730648526878
0.022361085069069312	0.047989656859974611
0.022046216171903055	0.04769671404439893
0.021743305800115277	0.047439486629787191
0.021450067847574146	0.047225468979747727
0.021169466638383375	0.047106271680135307
0.020901490476417074	0.047055853612722028
0.020644091154939436	0.046985882435851584
0.020391116189700305	0.046827151271075014
0.020143674792252184	0.046626037744254251
0.019899254349665704	0.046400692013252295
0.019667287368235788	0.046157097653808959
0.019445542297924105	0.046091056486635744
0.019223580747762491	0.046086522877402676
0.018990516315258034	0.045598068488156701
0.018788320548843735	0.045711357384272268
0.018573005553350411	0.045519188197667482
0.018376884141828292	0.045410520574070003
0.018179585539069211	0.045228047287878305
0.017986444245896342	0.045020554595598894
0.017793278894724842	0.044847159115810387
0.017608131271050445	0.044646602332767557
0.017425919027487431	0.044371915735517818
0.017249314387491974	0.044340872757207439
0.017080211935234794	0.044204029023720184
0.016889606589189695	0.043051334435184725
0.01671552318024612	0.042289329392492865
0.016566905291941894	0.042703564310987041
0.016407852475251731	0.043291865503546891
0.016244180509267479	0.042742170132631596
0.016104221724846858	0.042354503226489801
0.015944988964556886	0.041662201634455873
0.015833438242127913	0.042724476830340169
0.015668798175884353	0.042432642398023107
0.015503986457340141	0.040598599008401612
0.015402610591976271	0.041845946467980448
0.015286981893639943	0.042763491112991173
0.015153125447973285	0.042252069231075051
0.014985371827756567	0.039931386688434392
0.01487809366444757	0.040254854065482883
0.014736490034705329	0.040118914345412676
0.014659582909072284	0.041336002585336623
0.014479468699927549	0.038953901041945099
0.014411059944129988	0.04066258502616215
0.014288551547051141	0.039449098857819484
0.014156226439136719	0.03855303612169423
0.013994522801583089	0.035735869220104008
0.01397572024571761	0.039083497237956809
0.013848208907334706	0.037372239462241899
0.013739297874123256	0.03832773673963645
0.013679232794063139	0.038757026860855762
0.013504152371940567	0.035616419929275646
0.013465184055719479	0.037266787471190242
0.013290412453470015	0.034474674707156816
0.013205850656762365	0.03597096119771475
0.013164953471505566	0.037486365555103783
0.013049155447450458	0.035710529850734481
0.012899045363577293	0.035582228019930898
0.012776118192529193	0.030648351910700082
0.012757702624463808	0.032385909362552777
0.012700643217997106	0.035940371673358347
0.012542173236406256	0.030916972291509786
0.012546053830001718	0.034923876986842385
0.012525998393151723	0.037077417692408979
0.012307232628803911	0.031321026714470603
0.012386454923451798	0.036729372282486489
0.012462652761832248	0.041872643691855907
0.01207330176693777	0.029234355343950656
0.012122823416264118	0.033270511022657545
0.011886856094858062	0.029838479337300036
0.012193879146763835	0.042301568829212897
0.011920494715425296	0.033253120190462108
0.011678852326051491	0.030583942765123998
0.011721769868930049	0.031881817920851457
0.011742389304339466	0.035371375530742842
0.011937612293399595	0.045680053720356842
0.011481046040961385	0.031617900014480164
0.011397050779439468	0.031074078907759553
0.011324548669993604	0.029382655058081592
0.011065802426052635	0.024589811440607002
0.011129985170502538	0.026256159793549397
0.011125121979970449	0.030111540500737093
0.010950293429583549	0.025376497759267584
0.010905056784887875	0.026655647129039617
0.010819335544130107	0.026136701185181691
0.010814223154505698	0.027409268272293966
0.01068828783546622	0.025276470547098993
0.010765761132976653	0.028049879040276952
0.010738371676251197	0.029309188983527624
0.010609174610491209	0.026123260218523493
0.010662231515527112	0.030625241619483667
0.010374965238575931	0.024100016387282805
0.010387321274563608	0.024719058699189455
0.010339571709091675	0.025156606648719788
0.010367578951498714	0.028291453231535507
0.01026745676348975	0.024227409087963416
0.010127312222209521	0.024015014843297142
0.010077526015204289	0.024315890654758598
0.0099969036835120019	0.022861152005305956
0.0099335744575229402	0.023240781067646987
0.0099682989555246945	0.024730616851353918
0.0098873753955697162	0.021397612226744363
0.0099599021187598575	0.025380622728606396
0.0098584987671701801	0.025070772622041586
0.009842819253781724	0.026101518757926889
0.0097281227858075948	0.023502974299505239
0.0097730195548353868	0.027649187329879039
0.009664907869665158	0.024174539069874382
0.0095165352138442058	0.02211657515590781
0.0096091419078986936	0.024897787231570576
0.0094873544052297872	0.02150684828597154
0.0094633020415910707	0.024018610080153508
0.0094484896635373961	0.023321181596314983
0.0093466255945036745	0.023347377814523507
0.0093348607148279351	0.023136629034746743
0.0093924781934293378	0.024498128292681193
0.0092368561425555402	0.021301029180149963
0.0091469677667090493	0.019845302580251419
0.0091247598597818651	0.020658422296288344
0.0090972567290547885	0.022558227974208086
0.0089866062039926971	0.019616730137886108
0.0088974338919060713	0.019000265292923015
0.0089487888321719538	0.01902890682996241
0.0089016970095428822	0.019383849941089878
0.0088772051103564037	0.020831918392352045
0.0088236205508609722	0.020535539823045554
0.0087818117218263093	0.018980213351889055
0.0087440149133263603	0.020220033714036488
0.008737206541087188	0.019339119498986052
0.0086403266284138941	0.018887387046071204
0.0085596500460098923	0.017683338722979693
0.008543350462016968	0.018372239601981932
0.0085613506942624831	0.019630241927524283
0.0085329494408841987	0.020056053425774618
0.0085191506996244327	0.018801665185861346
0.0084232313075848289	0.017751292488624004
0.0083617053016329292	0.01800697749504249
0.0083851724807083809	0.017756235002298032
0.0083095522708900443	0.017303292134060382
0.0082546668300095844	0.017281622420380977
0.0082599962465952689	0.016427075775038602
