weight	lyapunov	err1	err2	err3	m1	m2	m3	std1	std2	std3	null1	null2	null3	f	stdf
0.0	nan	0.7407889604198814	0.12391124338170707	0.020914198899143772	10.717135756164407	15.882660126205398	14.50048613446331	18.535978890252814	30.855042758512177	27.317314042702225	99.219999999999999	99.219999999999999	99.219999999999999	0.99924323969064499	0.099533632860093452
0.02	0.057129780796041051	0.92959660038182668	0.981179533517895	0.56650323586517992	15.393622234325743	49.44795271778122	144.24423737438912	14.311144616037305	45.516451979850487	130.87438408439851	91.150000000000006	58.710000000000001	19.91	0.60998020405004738	0.10012296822907765
0.040000000000000001	0.019507696619866968	0.96278881978805286	0.99298995537029244	0.6779433709823689	13.376221824199913	30.673782164136128	140.90192658795681	13.514454288226753	29.910835629659193	126.02504657125651	91.460000000000008	74.910000000000011	20.430000000000003	0.43911614895081047	0.10170308605511738
0.059999999999999998	-0.17951721016363395	0.97633614838212868	0.99775091000279337	0.72549671969828144	12.003138827105326	24.219103281129843	132.48520355859446	12.052025922941976	24.258807437855836	121.53114994027121	91.300000000000011	82.019999999999996	19.800000000000001	0.34311528466214958	0.10436765619329957
0.080000000000000002	0.033680482896454658	0.98297415520137876	0.99910596572577748	0.77614289082085297	11.112010692258284	19.045371472323755	127.48761376264892	11.76158983293457	20.029192543069009	117.13014583443446	92.27000000000001	87.069999999999993	21.07	0.28165165745577581	0.10790024309010722
0.10000000000000001	0.51044494720949807	0.98394458191502088	0.99908417646327441	0.82656719306097204	9.9892647699139623	15.351960004527474	111.49441577927493	11.323567079555966	18.210689851293452	102.77222027890062	93.259999999999991	89.849999999999994	23.789999999999999	0.23904326559248132	0.11167942405391251
0.12	0.46831104751801023	0.9861037295430588	0.99943452517837272	0.85825291796397385	9.1530541316493235	12.758770039277005	99.791085338627838	10.50844258052091	17.174426185798456	91.059625343077414	93.689999999999998	90.88000000000001	28.160000000000004	0.20793287017991346	0.11527030320728174
0.14000000000000001	0.21063389317991382	0.98651784009349797	0.99916534265882517	0.85245610308097175	8.39634372817493	10.997439722522955	83.529505345248126	9.6645946451773348	16.595196403752436	78.093576236280128	93.799999999999997	91.140000000000015	31.77	0.18432750525338262	0.11838157357888535
0.16	-0.08628481992343677	0.98844598447652676	0.99910676468907078	0.87805491236729405	7.2288352948157737	10.05027643652935	69.935919997143202	8.8949965571567571	16.228782410404598	66.298627086121982	93.340000000000003	91.219999999999999	39.130000000000003	0.16586089161466036	0.12086311806340178
0.17999999999999999	-0.078385599807244327	0.98920917503889993	0.99869731691044505	0.91253732395425513	6.1430878453320075	8.998673421851203	56.917453306472247	7.6598674135565847	14.877814231171953	54.118231422670519	92.600000000000009	90.780000000000001	46.090000000000003	0.15102294698162361	0.12267957157424239
0.20000000000000001	-0.06155984580547158	0.98978584648307399	0.99839449144654502	0.90211063519873314	5.4874629643596773	7.9381843367860085	46.816968881742667	6.9558099526746489	13.059260594979587	46.361941158290314	92.010000000000019	89.670000000000002	51.899999999999999	0.13891995810738461	0.12430813984443127
0.22	-0.02580275680520162	0.98971122889036744	0.99786605605793677	0.88645776670192278	4.9476282822312134	7.3647920527404835	41.357633015040292	6.0000389201385049	11.95851479722155	40.265134557319733	91.359999999999999	88.549999999999983	54.299999999999997	0.1289806402186538	0.12599940611293797
0.23999999999999999	-0.029479681582986385	0.98980743263880888	0.99697862279568861	0.90397525654699629	4.314789916225136	6.9902046464229768	37.607641072581394	5.2799164518774173	11.182125127847627	37.263878990727441	90.480000000000004	87.379999999999995	55.979999999999997	0.12058968035287909	0.12703750591692456
0.26000000000000001	0.1601064431362246	0.9888086314531408	0.99649519911764239	0.86347159858148836	3.9188514847182696	6.233438735994616	36.096547636419594	4.8851154181021643	9.768588461279986	35.875509130205359	89.560000000000002	85.090000000000003	54.069999999999993	0.11343151949076009	0.12706367363078361
0.28000000000000003	0.24900096799021793	0.98507539494107588	0.99527640558781483	0.82190160893090503	3.5346691905592778	5.8850118892706744	29.615290683879813	4.2960043222111066	8.7842164666032314	31.193174464597575	88.460000000000008	83.420000000000002	54.010000000000005	0.10739070064374154	0.12645798854103141
0.29999999999999999	0.49692780221735589	0.98492602815408681	0.99349138412781968	0.80223477645404295	3.2381574843153755	5.4618184052464818	29.696331557468977	3.8609610486123289	8.0102854132229986	29.816212106347241	87.120000000000005	81.239999999999981	54.060000000000002	0.10187370569465078	0.12581790453774713
0.32000000000000001	0.62488783291110916	0.9824807939713549	0.99015278746074975	0.76069217647096177	2.848990801130435	5.0794428466560468	26.838981460993374	3.6275816537482539	6.7711903000654399	26.07376555311447	85.269999999999996	77.519999999999996	50.870000000000005	0.096943894352875801	0.12414597276191626
0.34000000000000002	0.68821970768521801	0.97147713641326094	0.97909972419135671	0.74951824616111318	2.4743703397780794	4.7252958067690738	25.002319234078975	2.9765434166663312	5.993166336450888	23.936788039351363	81.940000000000012	73.109999999999999	46.710000000000001	0.092728685671474215	0.12127331716024847
0.35999999999999999	0.90273448227020237	0.9508509497478661	0.96135905569923474	0.58679863879090677	2.288454904286259	4.204753183271551	20.73756566230017	2.6169725152235452	5.166825677468597	19.818930414121287	79.060000000000002	68.790000000000006	44.799999999999997	0.089000131895006121	0.11615189260603578
0.38	1.0838576216820681	0.89992304864483663	0.89878487698211984	0.47631857341276057	2.0849201208493304	4.124854170318164	17.948210477553964	2.4100133955808238	4.5679319416922635	17.537242426016075	76.269999999999996	65.379999999999995	43.320000000000007	0.08609779669849249	0.11293466042204221
0.40000000000000002	1.5039507157547916	0.85180706128027917	0.86074435616240685	0.31732564633771021	1.920714561452384	3.8871257324915418	15.446836676938343	2.0425447859162231	4.119370616345476	15.118208900305556	73.249999999999986	61.009999999999991	41.429999999999993	0.083097952075523215	0.10532175867857885
0.41999999999999998	2.260804799740304	0.8700408591421398	0.80655474010500483	0.30105987659685579	1.9391231818082453	3.9115666716452266	14.778765100231841	2.0328047370101165	4.1501989107176183	14.622996294909129	73.689999999999998	62.329999999999998	43.760000000000005	0.081237264897368502	0.10961952766863663
0.44	3.0648752127440861	0.7567217793404839	0.71840847379677153	0.28385065937080978	1.931114297775959	3.9070313688149767	13.983664536911729	1.8951429590596085	4.1233568877946327	13.5240195117984	70.879999999999995	59.110000000000014	40.779999999999994	0.078756128252307336	0.10228125885898087
0.46000000000000002	2.2885387889328759	0.75726589066988204	0.7132250459292766	0.27339825703422649	1.8330181906857674	3.7679007387969485	12.683006070538381	1.8722082110703997	3.9453972906126493	12.193498432319416	68.179999999999993	55.429999999999993	38.899999999999991	0.076061304780188049	0.095808585479304292
0.47999999999999998	2.8826967944185879	0.68018224476522071	0.5946204091435684	0.21342109003887594	1.7935070081415341	3.6746714099202378	10.456408699072837	1.8335668656224726	3.6577703266845001	10.181064362522228	65.489999999999995	53.520000000000003	38.329999999999998	0.074264187918626046	0.094087164854837993
0.5	2.7578565382627631	0.66366345686336203	0.58377021722285583	0.20195820625624564	1.7961324131331136	3.6984469232426767	10.129432644024151	1.7650497038202899	3.606357757182225	9.8158899311500676	64.859999999999999	52.849999999999987	38.740000000000002	0.072128954328576397	0.092324115047192915
0.52000000000000002	3.238331916763852	0.65301101677591045	0.59389271462200077	0.14334400321703172	1.7145304450280829	3.6510252752808952	8.8162634528272825	1.6781033149556142	3.4114214559977065	8.4993741061436587	62.969999999999992	49.719999999999999	36.630000000000003	0.07012830821328371	0.092152034305179736
0.54000000000000004	3.3965423480067383	0.57073539629185577	0.46933848789193477	0.091519753600723314	1.6875833470116852	3.5004522976158983	7.9733639892368133	1.6463927076645088	3.4007870914983558	7.6710029134841964	62.510000000000005	50.129999999999995	37.029999999999994	0.068601577483055495	0.083985516658614742
0.56000000000000005	3.6292541483864862	0.52854076159512631	0.43687977095962693	0.10671136902891205	1.7758272392746377	3.6996027382467189	8.4951385988535151	1.6853956888932597	3.5405165031717907	8.150803361967208	62.539999999999999	48.809999999999995	36.160000000000011	0.066734618242838592	0.078239367235707985
0.57999999999999996	3.9691062221032101	0.46238200081167785	0.33020151741439868	0.058522329330040278	1.7165800819299939	3.6077373153056662	7.1750264151370846	1.6419676167417347	3.3922752854147014	7.0431530707898986	60.009999999999991	47.149999999999999	35.640000000000001	0.065025425677907631	0.074861061717219152
0.59999999999999998	4.1852777827223342	0.41440176825530745	0.29412028402509316	0.058923269894392526	1.7984501796702101	3.6902127525371489	7.5682841720316194	1.6950699974438383	3.5950733479892527	7.3345102086503857	60.249999999999986	47.049999999999997	35.649999999999999	0.063189678957774317	0.072849333286059484
0.62	5.1561678450285786	0.46041476810149728	0.38660702102324007	0.069078719534049912	1.7097272323615376	3.6144208955468864	6.5586186421079287	1.6346990737655556	3.4166415822237388	6.4133450430534511	58.850000000000001	45.369999999999997	34.029999999999994	0.061997803210042633	0.069344923613871609
0.64000000000000001	5.1812939711299055	0.39258878698331123	0.2560095285436722	0.10042807208165117	1.7032235241080376	3.7221387209273638	6.3077215312524659	1.6280138108746172	3.56885591203564	6.0761373254386069	57.089999999999996	42.5	32.489999999999995	0.060855702261062683	0.069410212251132267
0.66000000000000003	4.7114340266092825	0.35682743255019689	0.26406787449598601	0.094697124355592757	1.8327243270777331	3.8509994098951426	6.7855874004903658	1.7196260181612282	3.6732149049979923	6.629545217013205	58.939999999999998	44.560000000000002	34.340000000000003	0.059853528933154557	0.06669747490684666
0.68000000000000005	4.4372265904616395	0.37495823262580119	0.2387163242597504	0.10306991424952754	1.7460284626925553	3.7952177925023194	6.0054497445084181	1.6371273323391662	3.5950100853536346	6.0098401064205547	56.429999999999993	42.429999999999993	33.320000000000007	0.058945391209647813	0.066931772169629339
0.70000000000000007	5.2591710386272101	0.34397428731902291	0.2096410896088666	0.060972488863166606	1.8675739335853472	3.8301025544794038	5.7571458933364781	1.765224161361139	3.645291657736049	5.6138693763819054	55.629999999999995	41.540000000000006	32.5	0.05754529243962897	0.063543079625357823
0.71999999999999997	4.9382696421496277	0.3226034819309766	0.17946683885051659	0.032399793186201759	1.7672187908677617	3.832992944923491	6.0541105078962847	1.6134840703668274	3.6860747332821289	5.8661138918681655	54.200000000000003	39.5	31.209999999999997	0.056353536024334551	0.058841108311358949
0.73999999999999999	5.4767980864779187	0.28811497253252683	0.19771097488664066	0.050674429893115866	1.7707033075599348	3.7367924353531139	5.9954843437257193	1.6503486995846246	3.5476430474201548	5.8802464762393711	55.629999999999995	41.480000000000004	32.789999999999999	0.055358818410783162	0.061084719812295005
0.76000000000000001	6.1951165559195092	0.25213646186151062	0.13160015702364822	0.029973120604686439	1.8830777392302811	4.2629745921607194	9.2765658125724517	1.9274992334936651	4.1286063864890732	8.7490869106189173	56.560000000000002	42.310000000000002	34.719999999999999	0.054639494073337222	0.058386618455277192
0.78000000000000003	6.360038906421881	0.29517786279504932	0.15820420567730475	0.077144151226470864	1.785023855001026	3.8984232750535854	5.8652564131897078	1.6779183611013333	3.7129389237228652	5.7358549431528978	53.390000000000001	39.049999999999997	30.369999999999997	0.054173023183310152	0.061036194018395787
0.80000000000000004	5.2687680648250739	0.26346664819878929	0.14087479598498692	0.036448292435040837	1.8129090497870481	3.88199920667551	5.5429287335054536	1.7025218427752751	3.6580730347156551	5.4669903542499698	52.279999999999994	38.18	30.330000000000002	0.053333615474992976	0.059801171747183926
0.82000000000000006	5.4924683275288571	0.24905816847134893	0.11342277876579192	0.041008700825393894	1.8223670145413948	3.8535289721060719	5.8118981516629553	1.7000671688846762	3.703878876170144	5.6337703982149909	52.640000000000008	37.969999999999999	30.409999999999997	0.052122707044752414	0.053097823332659153
0.83999999999999997	6.5152755078837101	0.25071240481604473	0.14018608272959687	0.025908298125357034	1.8600413061974801	4.2065545235183963	6.1215200971759485	1.7454155316359716	3.9616003117281102	5.8992844414927834	52.320000000000007	37.219999999999999	30.040000000000003	0.0513443313962611	0.050592271195172164
0.85999999999999999	6.2644338895794425	0.21588381055382228	0.092824181512762838	0.033669810782475641	1.8695078478257159	3.9805798839929749	5.6604595541547358	1.7327426678282005	3.7612734376824841	5.5162949649863275	51.07	36.950000000000003	29.399999999999999	0.050408621757290537	0.049891867424336052
0.88	6.2380076281440378	0.23656171227334749	0.14833686534453555	0.04901132873774415	1.8398797256206236	3.9472278858127701	5.4820061117790919	1.685557378602065	3.7817990761065636	5.3785897265353366	51.540000000000006	36.240000000000002	28.43	0.050065216221501209	0.049132547431338464
0.90000000000000002	6.9237023396339792	0.18767956179829398	0.086413116488292113	0.03411788345400675	1.8820306969935647	4.185609256369502	5.7785612085087354	1.7809434649723888	4.0035668010812859	5.6424917678300268	50.289999999999999	36.100000000000001	28.570000000000004	0.049183235169614224	0.047171602278089704
0.92000000000000004	7.435990939734614	0.20051696775082717	0.076038342355361221	0.060349106380222048	1.8758917399346959	3.9347801685118284	5.5459411722093428	1.7758463211779809	3.6904334746567011	5.3665310910606037	49.990000000000002	34.810000000000002	28.059999999999995	0.048894566891092978	0.048080761114731786
0.94000000000000006	7.4399273030104291	0.16829166663729905	0.082902501541643303	0.036879548686050291	1.9215419879208899	4.0929112760303346	5.4801228015974495	1.7670256610762825	3.7748549675933054	5.320996752051399	50.470000000000006	35.220000000000006	27.800000000000004	0.048265038606115626	0.046606948046379951
0.95999999999999996	7.4684396207240535	0.15846566558829214	0.032627377492541833	0.0061685940525794802	1.9116356726685855	4.1354641151421898	5.6466996806318308	1.77040233435272	3.9362106967743458	5.485820600753593	49.489999999999995	34.910000000000004	28.0	0.047651713877574886	0.044761192114998787
0.97999999999999998	7.5247847185976715	0.14552079687707184	0.083967668609600046	0.025174535814533792	1.9179283474432656	4.111174098192965	5.5917295690861115	1.7883644311399529	3.8003242292136599	5.2004807281520744	49.020000000000003	33.820000000000007	26.479999999999997	0.047033915824562386	0.044165366979258616
1.0	7.752524735535169	0.19225550151889559	0.10005151357101974	0.023343663405048839	1.9027897330401946	4.1995747092160389	5.7181604269093596	1.780358811714666	4.0876254025019119	5.6401346902921734	48.549999999999997	33.859999999999999	27.060000000000002	0.046251667347853971	0.042635789032374478
1.02	7.7333930116569807	0.1478036508263722	0.052902140209260928	0.015850592637192882	1.9247187523724285	4.2140323356092146	5.8032896914223437	1.8065464907691531	3.9154399904899089	5.4991888305388175	48.339999999999996	34.010000000000005	26.5	0.046127900021476612	0.042456553067042789
1.04	8.0294214360877323	0.14417323288175712	0.047927810085371565	0.0083325148996676	1.9021728545962096	4.1192260070604867	5.6265900139768439	1.7928924149218475	3.878833368286756	5.3803166838354359	48.409999999999989	33.619999999999997	26.280000000000001	0.045799661769241641	0.042322552695036056
1.0600000000000001	8.5220846892621918	0.15227688110411633	0.050602102127401072	0.017969549413245921	1.8892762385682427	4.0677380474524245	5.4568945753169311	1.7531675027569733	3.813104966035469	5.2316390491540528	48.210000000000008	32.980000000000004	27.050000000000001	0.045248011705803455	0.043281600365480288
1.0800000000000001	8.8171150647823922	0.13759998610775742	0.065666668722209692	0.030667342627411748	1.9382554386630417	4.0919104920122198	5.6103596549328554	1.7932352792035897	3.8412559094468337	5.3258236216012502	47.989999999999995	32.479999999999997	25.489999999999998	0.044844793017309849	0.041392209580086915
1.1000000000000001	8.4034596584619781	0.14258227789920469	0.040008339116747463	0.014819942416276924	1.9666642805867529	4.2611918401974105	5.5466334239022812	1.8566019830268399	4.0418603184849591	5.3906695438531571	47.409999999999997	32.110000000000007	25.57	0.044233843317546651	0.039504607378361242
1.1200000000000001	9.4250330304439505	0.11581641073525531	0.046731880644709956	0.016185213962308487	1.9385354182989409	4.2439256195172188	5.6156588072966711	1.7937704365696372	4.0396795335415741	5.3705914194615723	47.579999999999998	32.660000000000004	26.409999999999997	0.043692008981374611	0.040158660341401697
1.1400000000000001	8.3310858511420669	0.132933383809518	0.05239233695038896	0.026274399705557987	1.9344789819311317	4.0958197803278331	5.4186710434037302	1.7867712884600497	3.8577621361823704	5.2870295349554413	46.450000000000003	31.82	25.490000000000002	0.043596815682871159	0.038936648281511339
1.1599999999999999	8.4521704177978503	0.1240034418942734	0.073568750825605572	0.017887269852824024	1.9274173584095742	4.1692176248161328	5.5210330283492342	1.7700298796436225	3.9207337964288542	5.3839160091571712	46.579999999999998	31.390000000000004	24.729999999999997	0.042866020804029563	0.038706826254316068
1.1799999999999999	9.4364689464059008	0.12441527400944929	0.053349811593293849	0.03095601065264849	1.9110563811190571	4.1280973671673324	5.4578910615245242	1.7519852436946626	3.9370448609692046	5.2867102885411841	45.930000000000007	31.460000000000001	25.27	0.042406578203218484	0.0375173245479156
1.2	9.5141291444351381	0.12606464382992888	0.059286099995603747	0.04088531772412534	1.9676674108464749	4.2232947378563006	5.5577883923699911	1.7901144881296454	4.0147789259247997	5.3843518869380889	46.219999999999999	30.98	24.409999999999997	0.041983777826445044	0.037433318178941119
1.22	9.2489870317520495	0.12169138362662439	0.040182839031057085	0.01234331097484483	1.9440422928177639	4.1644152633166112	5.3901159907697842	1.8289285752650735	3.9354583253965094	5.1958065886692602	45.410000000000004	31.27	24.880000000000003	0.041975308786369903	0.037084733852295847
1.24	9.3245730208731032	0.12442996809986331	0.054835588138980637	0.020428388706922603	1.9566604879534424	4.3024308677893455	5.4552560617137855	1.8136230711359089	4.1013911630842914	5.306161508072476	45.429999999999993	30.719999999999999	25.059999999999999	0.041427931961674137	0.033491916364701016
1.26	8.3229471472201748	0.11889790280615083	0.045938243627213424	0.03155863304967195	1.9658698941245674	4.1558917969901614	5.4428389511425319	1.8240043460617528	3.944413801096831	5.1711988860313758	45.559999999999988	30.409999999999997	25.09	0.040667540631959792	0.034646061846606575
1.28	8.6289297008443473	0.1040078185715891	0.040384735567753849	0.019416785505622564	1.9533596064250691	4.3311461673290754	5.626660008835179	1.8268307162688859	4.04512944331554	5.2720594067817643	44.93	30.360000000000003	24.419999999999998	0.04087294536546221	0.035991795522581513
1.3	9.8067420964450971	0.10415880844365806	0.028244089722529835	0.0082055334565207666	1.9364305447901209	4.1504600448946034	5.3766518544074238	1.7922039601908744	3.8089339167316596	5.2285016671096987	45.399999999999999	31.280000000000001	24.470000000000002	0.040344198431263176	0.034586698378168468
1.3200000000000001	9.4424367548922366	0.1182631091948492	0.043263997168932984	0.039349099288845932	1.9007393676315183	4.0615053406124613	5.3450708926823545	1.7514126566005579	3.7107793448913973	5.0419194556684177	45.400000000000006	30.899999999999999	24.449999999999996	0.039937523338147853	0.035308976677751992
1.3400000000000001	9.1223035843314513	0.094691031244439894	0.025057270806740879	0.032090692566221907	1.9670720656926666	4.2551817251799973	5.5285265628732905	1.8157108064578324	3.9657399014277601	5.2432374221005018	44.25	29.839999999999996	23.640000000000001	0.039959618931323347	0.034648532400507255
1.3600000000000001	10.359485884031471	0.10956329797524374	0.030004386564261343	0.015956186430455901	1.9350040407835731	4.1041876889062632	5.4410522271946657	1.7934318461298786	3.8617950693096397	5.2509628297647222	45.579999999999998	29.699999999999999	23.959999999999997	0.039756669589732251	0.033659518702207868
1.3800000000000001	9.6779236407365321	0.082745337752365963	0.031431194714582188	0.021835115972285695	1.982575038161265	4.1877357534015456	5.5039971096134881	1.8145857834710988	3.9434317883983079	5.1939008309102723	44.540000000000006	29.410000000000004	23.910000000000004	0.039195510099258361	0.033180154983634823
1.4000000000000001	9.5576619777013558	0.10222717426777758	0.024354193705607999	0.017054253541755663	1.993598157378943	4.3036612309911879	5.4344994799404436	1.8075812164694856	4.0049702358564945	5.1532027645971281	45.359999999999999	30.510000000000002	23.870000000000001	0.038904721089897079	0.03290100771517248
1.4199999999999999	10.182296520475553	0.10340597452918084	0.038222896955746197	0.04041459792329935	1.9565323492805136	4.1885095609425074	5.4766324205865597	1.7903584481726391	3.9542577007002833	5.1690797266917858	44.950000000000003	30.330000000000002	24.520000000000003	0.038754723597893642	0.031709074601944762
1.4399999999999999	10.050869797147866	0.10291295969191112	0.045799098771669183	0.020320317906675683	1.9673979984064016	4.2658001855440402	5.6008398645983952	1.799245132067832	3.9247940914543711	5.2459085768539913	44.689999999999998	29.440000000000005	24.289999999999999	0.03854936596206697	0.032298870415683641
1.46	9.9782198507725468	0.099641780660521637	0.031548622761595042	0.024424001278976388	1.9329191601463092	4.0969203487262842	5.2686891598379351	1.7868975673577343	3.889331578670975	5.0720712868649986	43.960000000000001	30.100000000000005	24.050000000000004	0.038295807645052644	0.031672810621090439
1.48	11.124210043480003	0.092855292837358383	0.020677867208260165	0.016846169572495181	1.9028440837515597	4.1083621428270138	5.3929777344411285	1.7590628580721286	3.8272375004298711	5.0399860062319197	44.290000000000006	29.929999999999996	23.66	0.037904426296091989	0.031065338555791116
1.5	10.56111539397833	0.070880112449576593	0.021228725743056232	0.014455778804389729	1.9593266742161846	4.2445997448835975	5.4726553565468405	1.8432804864716008	4.0570621392948993	5.284955209378678	43.799999999999997	28.870000000000005	22.890000000000004	0.0377831398485894	0.030369218010020061
1.52	11.213095176256321	0.076801983084399089	0.023003157543072118	0.0041243598131787077	2.0091158307497734	4.3021688223422938	5.5206135259086384	1.8515419216007121	4.062927563851753	5.291834274082956	43.890000000000001	28.27	23.25	0.03768662462219928	0.03207092072466191
1.54	10.543841072055748	0.096883562578964411	0.024051740572199509	0.016259188206449886	1.9287173144141831	4.1416704406325646	5.2875834450886003	1.7724474402336217	3.8559937240433912	5.0165390096129725	42.859999999999999	29.240000000000002	22.93	0.037349851770126077	0.031204215341735959
1.5600000000000001	10.450762872806557	0.1107340358382977	0.027628853001082188	0.011911671417097919	1.9341240120168699	4.1064784048720888	5.3060755499054943	1.8034411172561566	3.9143698296136806	5.1462631156519505	43.640000000000001	29.410000000000004	23.859999999999996	0.036934722791842706	0.031205680057344042
1.5800000000000001	10.784878590303766	0.094590485909602368	0.026665051237519603	0.015074192092209129	1.9193080836785619	4.1274155876507574	5.3018333983624277	1.7745692263309194	3.928184590008339	5.034047706879365	43.369999999999997	28.52	22.59	0.036553123188574295	0.030833335163604918
1.6000000000000001	11.166440029189332	0.078833934758559349	0.01607926304383208	0.01027507702874717	1.9718273200430114	4.1956135193675657	5.3718669844161688	1.8228679194076303	4.0461446287112777	5.1690834407818302	44.409999999999997	29.43	22.510000000000002	0.036831833934899014	0.029339490184042832
1.6200000000000001	10.770976483617476	0.077778543012743825	0.012395952895853912	0.024982987808543973	1.9396421385255564	4.2025064162943506	5.3952626995375406	1.8030282578555021	4.0348921887764675	5.086251120770088	43.549999999999997	28.540000000000003	23.350000000000001	0.036363990906320087	0.029377197385160998
1.6400000000000001	11.474168928335661	0.088333333208013648	0.031177681910136052	0.015547408003042754	1.9054277888290077	4.1734574223072771	5.3957989135744864	1.727854497854634	3.8117868549702285	5.0659751026384949	42.660000000000004	28.140000000000004	22.149999999999999	0.036069266160983882	0.028550745229757528
1.6600000000000001	11.42984277816249	0.057425637382630922	0.029999619601789918	0.029823465058334154	1.9328333390710086	4.1905004405169795	5.4117298909052884	1.7974548500813938	3.8869194082120559	5.1085548011368207	42.949999999999996	28.610000000000003	22.440000000000001	0.035895790444510738	0.028961850704307089
1.6799999999999999	12.642094251043744	0.094538500778583487	0.014429067215983683	0.015620215297209545	1.901989650822242	4.1327832374091837	5.4028734987509628	1.7955105442613135	3.9344902158210915	5.1199344727303524	43.43	29.260000000000002	23.220000000000002	0.035655534795544438	0.029256629852886417
1.7	11.056614352273842	0.070031669813083883	0.017217134692057594	0.023271117218378119	1.9159384695833002	4.1238450691381576	5.3461710863557261	1.7637495383495154	3.871352514591945	5.152139220591077	43.590000000000003	29.009999999999998	22.860000000000003	0.035565514412509505	0.027388101302345071
1.72	10.929045202585911	0.072115358948055888	0.015902091476605092	0.021701941855518402	1.8811642510005693	4.0346079464427387	5.2548420651087211	1.7770237892107865	3.8165470282203144	5.0164001900866237	43.149999999999991	28.689999999999998	22.530000000000001	0.034831573866055218	0.02809208888956995
1.74	11.681317373448707	0.065459373724909869	0.014324702450179	0.013805697537560521	1.8958885506744003	4.0565595437332194	5.1738587824114237	1.7280707837266891	3.7183382306167827	4.8257375925355976	42.469999999999999	28.690000000000005	22.309999999999999	0.035132566592454263	0.027866063788349431
1.76	12.02777248421153	0.076663643697879563	0.019486089967832604	0.021197185812949226	1.9395376819870442	4.079560220267421	5.2417149367744873	1.7917234644689759	3.8340159844724617	4.8946289175448259	42.609999999999992	28.289999999999999	22.740000000000002	0.034971725569819347	0.027836718071480877
1.78	12.92096473534149	0.084304053157918696	0.013675184051837305	0.021990969836324516	1.9364060714206535	4.1348790674314211	5.4182783402860517	1.7960259217142522	3.8706818829980181	5.1084396128172287	42.960000000000001	27.699999999999996	22.029999999999998	0.035144894367324972	0.027368456783896489
1.8	11.956823286658516	0.07617625857562596	0.011585165397583367	0.0078150290500382039	1.9217399594417721	4.161885098038054	5.4093034703987986	1.8197769673332378	3.9149137147112696	5.0657320654188149	41.959999999999994	27.560000000000002	21.710000000000001	0.034564337154284745	0.027105549339170414
1.8200000000000001	11.908246784011068	0.076948776568003321	0.015894163633788941	0.01444543002487759	1.8641091307635793	4.0204461815074657	5.3153546687984017	1.6988648344388817	3.7548108172862138	5.0106633911959966	43.479999999999997	28.340000000000003	22.240000000000002	0.034659575406704959	0.027044847629630709
1.8400000000000001	12.141313683818398	0.074784517328159605	0.013161332579302156	0.027816960685289709	1.9398471076474806	4.1919797654975195	5.378748250234179	1.8039487592065346	3.9732270803043166	5.1263438622131376	41.43	28.030000000000001	21.960000000000001	0.034195000399996692	0.025919951395084111
1.8600000000000001	13.972339995425948	0.070527624143417567	0.018963655868466382	0.022057123849197745	1.8908785901485696	3.9884131726398642	5.1478566160283155	1.7659402903616157	3.7952498748416916	4.8054837892725377	43.030000000000008	27.82	22.16	0.034057142367459471	0.027530957050894218
1.8800000000000001	12.068300261193995	0.073075981812862859	0.0199928639285777	0.038494246130712229	1.8794203439020023	4.0476257726895071	5.3287126367498363	1.7354463223566767	3.7796534464725959	4.9592048612587201	42.260000000000005	27.73	21.990000000000002	0.03415028790333232	0.027427855657512729
1.9000000000000001	12.158965030616558	0.08713017754872053	0.015601324396398608	0.017552816101177329	1.8670256359237729	4.0034264868560276	5.2214248990749459	1.7426178287287246	3.7995925752699735	4.8918302622787477	42.100000000000001	28.57	22.389999999999997	0.033394398840537881	0.026262862025565669
1.9199999999999999	12.301752205892514	0.065177740777577167	0.01011063643375548	0.015158575578499331	1.892664983762677	4.0249866331029818	5.1870854755068923	1.7359883421031985	3.7771894094642406	4.8603841270915797	41.999999999999993	27.759999999999998	21.759999999999998	0.033926656912828999	0.027296930042376443
1.9399999999999999	12.017282114837883	0.05737599793451699	0.027807930247943376	0.019396548601753282	1.9046207722007089	4.1900304432525228	5.4930981781740353	1.7358946969875646	3.8392963948438164	5.0961102365298059	41.670000000000002	27.090000000000003	21.350000000000001	0.033407958477816843	0.026176398707203057
1.96	11.768487102890624	0.051393447293694793	0.019846386435118428	0.022056515197730251	1.8497299093517146	3.941263826971376	5.1058358430074486	1.6651472497417994	3.6356225595143683	4.717890847706097	42.169999999999995	27.879999999999995	21.82	0.033315176386906412	0.026372885001083139
1.98	12.542955896447761	0.057334914148821983	0.0095300221342882602	0.0036102618890706839	1.8580192523357382	4.0310020146065524	5.2966842059280026	1.7215041087113878	3.763770848954235	4.9498732311886968	41.589999999999996	27.919999999999998	20.800000000000001	0.033136502393704269	0.026034033031992043
2.0	13.930542468329712	0.077997061773593584	0.026250476507757792	0.024810244544305422	1.8628744721453301	3.9204754755961262	5.0623885754142579	1.6924209250605267	3.672287413829193	4.7581535914586777	40.670000000000002	26.560000000000002	21.079999999999998	0.032817280187753768	0.025618713762002653
