f	stdf
1.0003462256955589	0.10039493684699302
0.55223272583708038	0.10111981246072256
0.38136770216100063	0.10235542162487876
0.29126668591313548	0.10313141990911673
0.23569508343929699	0.10295506843887564
0.1980484462516372	0.10202026215148757
0.17089521810863678	0.10049558970191062
0.15040349379228604	0.098609806013643775
0.13440267269041983	0.096471559656565495
0.12157144122142938	0.094114893023870411
0.11103678274447845	0.09184288760713355
0.10223162267707085	0.089680932882244435
0.094762021242271163	0.087609753852785743
0.088343451299443945	0.085648426675202116
0.0827672123151134	0.083820976797715871
0.077875850071208286	0.08212114378699692
0.073548131306751668	0.080542372788406286
0.069694442742266466	0.079064906598017515
0.066240851344488413	0.077677702351232961
0.063127213534693333	0.076360050596731885
0.060305293594745055	0.075086827924598198
0.057736595434816296	0.073875203161132316
0.055386359455199596	0.07274181008791461
0.053230224466917546	0.071653681850911727
0.051244614830433008	0.070606312488968467
0.049408689615171197	0.069588251444142574
0.047705768368138196	0.068611229225743239
0.04612226977007771	0.067672859765213325
0.044645577144739462	0.066779424135995982
0.043264413956573537	0.065933772986125211
0.041970821215605456	0.065120248008900927
0.040757469684849598	0.064325063497695317
0.039615860146647433	0.063546789517484006
0.038539466071102368	0.062801154242922735
0.037522633115601278	0.06207653860210384
0.036560541730382597	0.061377478042709502
0.035649158385258603	0.060700984182090932
0.034784482000005452	0.060048167535189954
0.033963540893291906	0.059418667351270348
0.033183096784623702	0.058806378059961743
0.032440651366800237	0.058197070141847447
0.031733312192471906	0.057601940705928327
0.031058546036307602	0.057029761352720018
0.030413302754087827	0.056475297286834085
0.029795513415658104	0.055933042967008705
0.029204021997615497	0.055394377864904448
0.028636991164006791	0.054874000806111677
0.028093065091291992	0.054370375800327837
0.027571193916283255	0.053876942558458735
0.027070162844810893	0.053401398395355647
0.026588842547749854	0.052951501473454211
0.026126619278227053	0.052522224002945511
0.025681490366735144	0.05209713191907412
0.025252246978590385	0.051676696880055252
0.024839091061977205	0.051255007493268535
0.024440595361423522	0.050847912770648263
0.024055481934245823	0.050445696797665376
0.023683092893484029	0.050049877923620208
0.023323294467180355	0.049663218808584472
0.022976388263450657	0.049295996512374089
0.022641875258333881	0.048929046581836472
0.022318878538447849	0.048597034859111439
0.02200583011638824	0.048276142329502482
0.021702500934140424	0.047949014000826469
0.021406888239171692	0.047613425032867716
0.02112010944052738	0.047289858877596472
0.020841452755266398	0.046972407420694459
0.020571461706312518	0.046674509704537209
0.020308170927865538	0.046239120457066137
0.02004923221604964	0.045663355872620721
0.019796299686392339	0.045200940294588661
0.019550916860453772	0.044794562474852091
0.019311451106611636	0.04438110837338359
0.019077516362315913	0.043965356973862744
0.018847036697597609	0.043510283744935631
0.018626660149025184	0.043091668739155271
0.018410691504649569	0.04268283186540478
0.018201999799159652	0.042303402087500976
0.018001124774044783	0.041991825995003187
0.017803191099666826	0.041670020661764923
0.017606362578054723	0.041307437878091588
0.017414534107761035	0.040940450810177831
0.017228152086636476	0.040510906548899293
0.017053435840217453	0.040269307302825179
0.016873783804109494	0.040035223446620707
0.016702391242954719	0.039779460002008209
0.016536647774876789	0.039674777360544193
0.016404501086488523	0.040694410111560567
0.016223158714006945	0.040007231645134714
0.016061042362728352	0.039921474524131785
0.015899068315515075	0.03841749774131293
0.015718181592106931	0.036905755951725204
0.015583115468362422	0.036935096082716633
0.015429392123850071	0.03674850256317802
0.015296239721049262	0.036592668222911254
0.015156184156687832	0.036374756001949032
0.015009145113972359	0.035850934212071264
0.01487489199818802	0.03579250888802752
0.01472625132401475	0.035115185078782245
0.014621104824874205	0.034610805874442263
0.014473047321744642	0.033580788223361781
0.014322324901021829	0.032925249940789415
0.014255211613599076	0.033447555874879381
0.014083000222109378	0.032621097111144678
0.013994139899936203	0.031727020697005372
0.013879121447169769	0.032125342235610449
0.013768627856145521	0.032284230487276244
0.013627726737427076	0.031327976401128659
0.013563014726728448	0.031831061307945656
0.013410370425556348	0.030476668865592811
0.013361007331483285	0.030798758622967118
0.013221915751575355	0.029469682815805129
0.013161587536324484	0.029959190774665984
0.013038770286340066	0.029571298940190345
0.012917649364809627	0.029159451810377015
0.012822795094843282	0.028227003657265198
0.012805994989369201	0.02940688645563054
0.01262874155893092	0.028083670264424297
0.012557004420509761	0.026957057361919431
0.012477713766581992	0.027321128950772624
0.012374152266624264	0.027735115808310694
0.012279779086933559	0.027423866779560328
0.012186697222784123	0.026288483668199851
0.012126683421208678	0.026957291948144085
0.012097742296734928	0.027105416930332044
0.011980774847457304	0.026161243914961736
0.0119454833404473	0.025788625333222178
0.011782815939554298	0.026229671575710878
0.01173847532542286	0.026423996533062717
0.011679101384233838	0.026538464935719323
0.011634405261561533	0.024908929549233075
0.99929479488757056	0.10032501294824271
0.55277434770570189	0.10181010631497207
0.38209125095081742	0.10332373379181241
0.29200214787926676	0.10414755764923114
0.23640265021862461	0.10399139357401813
0.19875033036207468	0.10273854372896433
0.17157795059548003	0.10098120612438843
0.15105412531749177	0.099001922447528617
0.13500099689133169	0.097031033535386252
0.12211352757806385	0.094977096303759737
0.1115353170561536	0.09292599516975486
0.10268708276132787	0.091004152523672319
0.095182697128037411	0.089133008594135726
0.088735737438998694	0.087354962078171755
0.083138039946135417	0.085632650720632669
0.078229096223947983	0.083988879715405945
0.073887635316277733	0.082448573506629902
0.070018521837258221	0.081010186766891396
0.066549938986178628	0.079666848604140861
0.063424103822551564	0.078387361907934563
0.060591762474779542	0.077167569050299284
0.058011319354090686	0.076030530205726629
0.055652878762404615	0.074952614068796664
0.053490923717063765	0.073898452910781315
0.051499794526435085	0.072884290557853476
0.049658751725955623	0.071914865474240128
0.04795316950461366	0.070979345162965474
0.046367753223452254	0.070079828053009566
0.044890227319348164	0.0692143427090431
0.043509053129393863	0.068381389691879749
0.042214236366578645	0.067576539685717599
0.0409989662831549	0.066797698745468689
0.039856899590201701	0.066042539376358969
0.038780401906759368	0.065326498411022837
0.037765131164628034	0.064644276812742846
0.036806503103545767	0.063969639575580842
0.035899050661201332	0.063307621660615682
0.035039435453874578	0.062669925971502213
0.03422306307670963	0.0620572405952
0.033446345985181196	0.061454034708742424
0.032705791901515138	0.060861244250637367
0.031999363834900714	0.060294413521018768
0.031325481893060031	0.059737353663548251
0.030681446224571255	0.059188758345611756
0.030064956997584786	0.058655946717068037
0.029475857178061133	0.058146312769351852
0.028911303255769183	0.057660271620298222
0.028369597167586854	0.057187960507888908
0.027849877173163968	0.056735851073920845
0.027350735802386752	0.056309561649305971
0.026871024105562503	0.055902547102569193
0.026410179593284417	0.055506906053840253
0.025966979869872099	0.055133038560247892
0.025539519624360671	0.054752031361494181
0.025126607297763448	0.054387866701640739
0.024728790122026882	0.054041028765340234
0.024345236212218489	0.05372141634357621
0.023974178282035772	0.053407647813126846
0.023612614052110188	0.053070898270803794
0.023262686715203203	0.052732613655472362
0.022924774663263328	0.05241648775151464
0.022595952338717085	0.05209852949733839
0.022274775463418266	0.051753828024509167
0.021963705633265492	0.05141943191785632
0.021660889085187925	0.051087556049948676
0.021366956446126569	0.050750063901636604
0.021081214329140806	0.050402524659161098
0.020802588369470555	0.050059601841969267
0.020532116952813047	0.049720919040240889
0.020270280994967891	0.049387309745434066
0.020016116865150705	0.049059264038365254
0.019771799803026676	0.048774674134475095
0.019534258636478081	0.048477713852040839
0.019299715751313978	0.048157481711858449
0.01906993288497701	0.047836771211803242
0.018847138879040264	0.047532498045608572
0.018630235016685048	0.047147571318900482
0.01841796387864697	0.046571236195729983
0.018216042478307402	0.046148045147124825
0.018013031540272974	0.045827849279467085
0.017819800399757522	0.045459738573112606
0.017628962948484442	0.045141169417340567
0.01744131983836749	0.044897446007755963
0.017257178331596134	0.044700931241585196
0.017068620349512408	0.044245954764106123
0.016885417121547876	0.043809044724400469
0.016718600681202681	0.043567397249332805
0.016546271362944957	0.043054612751930982
0.016383778550509116	0.042736505021217251
0.016219646573469759	0.042280150663400309
0.016067414342221534	0.042086733747552396
0.015913561277802597	0.041826368200944333
0.015768032791649084	0.041222347043617616
0.015618113322783725	0.040733612078266826
0.01546272555171556	0.040894965091866423
0.015339028171449338	0.040744972539561865
0.01518896237205361	0.039809042538400223
0.015049713315299258	0.039605328312330129
0.014913787536784108	0.038992069320659038
0.014799774073887356	0.039015497710737569
0.014661625899826199	0.0383362422223733
0.014520156681458408	0.037785884039136006
0.014409140086213731	0.037671406200885223
0.014285349033923204	0.037045606625827315
0.014171592143840516	0.036761510916304745
0.014035200961515918	0.036745601303160846
0.013940759640220641	0.036573053457807585
0.013826034525731347	0.03482785955650014
0.013703797364946908	0.035535558816514184
0.013594188781085634	0.034967048945804172
0.013471455199481515	0.034453598425057262
0.01341054030567123	0.034210528543252315
0.013254185047953683	0.034289851196727693
0.013152520754056199	0.03419120156265576
0.013109895095127364	0.033141541929218393
0.012987365730908142	0.031948941278310647
0.012890169021617852	0.031708019017723126
0.012815992131924749	0.032598914118970465
0.012703870281423241	0.030542345954073347
0.012622026070961389	0.03131375255574697
0.012530927386711627	0.031646770178742074
0.012424505053698834	0.03049764432061074
0.012342766164798045	0.030605039172364498
0.01228989567769116	0.029788592783409722
0.012188222711679053	0.029460728154827469
0.012080098633455976	0.030555946982570938
0.012012443468996856	0.028240849175870521
0.011933531853210923	0.029078555480603566
0.011851649764188775	0.030151934079463802
0.011771632575047767	0.028513960611782827
0.011689745041560279	0.028589447969642221
1.0001472103519458	0.10041132588323855
0.55313237533639215	0.10234945285736534
0.38233013026743068	0.10394535164937557
0.29218155420647496	0.10489503479808561
0.23654778920868719	0.10484865181382011
0.19885519861561296	0.10389784668482525
0.17166187289923796	0.1023018801666989
0.15113066683307855	0.10036542510410151
0.13508947743499353	0.098214582373239045
0.12221200217575587	0.095959476434402266
0.11164206131631699	0.093722389502037776
0.10281386949609519	0.091454680394436827
0.095320476759273645	0.089290497716046802
0.088877572930493323	0.087240832274219832
0.083277264892802974	0.085316672252998119
0.078364866781682418	0.083488293132285465
0.074020533105324665	0.081756274009074495
0.070149473378720267	0.080121165191725865
0.066675530233405306	0.078615210894739898
0.063541994777311622	0.077214729793467593
0.060702719099571166	0.075897384822327163
0.058118513491232981	0.074634209272606486
0.055754953319283186	0.073430674472516735
0.053584160077961074	0.072306567168234206
0.05158332986706738	0.071244858181292961
0.049733427049875517	0.070246730973203539
0.048018716498496615	0.069296651668681361
0.046423985083574863	0.068390193571119737
0.044937555253446164	0.067518189451872324
0.043548935262648768	0.066695834471508716
0.042248465843382599	0.065929730861596744
0.041027590521122502	0.065219454711389416
0.039879239527608364	0.064566710954473111
0.038797290528419279	0.063960107162725668
0.037777456920579579	0.06336655617942559
0.036813391722243703	0.062787067884626457
0.035900658606697451	0.062239127736250781
0.035035797475389853	0.061719938119154438
0.03421526004064987	0.061240215647196547
0.033435019950471261	0.060774238190982974
0.032692619888095284	0.060317977205444448
0.031985034808929343	0.059883371342664839
0.031310551231501255	0.059450548075588999
0.03066637099159604	0.059012505780226709
0.030050519788170263	0.058572606786678846
0.029461498896779091	0.058142815425558089
0.028897617366072562	0.057734143818195922
0.028356607558775605	0.057348788545035681
0.027838078147549603	0.056972907142378112
0.027341251798927161	0.056615868214128333
0.026864330009918697	0.056293782892815107
0.026405267685715328	0.055998920224761703
0.025961929924322367	0.055680744621359309
0.02553420857225714	0.055359555432514619
0.02512229700815204	0.055049488588424594
0.02472506615314235	0.054741487442166996
0.024342176862989597	0.054448519566173706
0.023972068953598807	0.05415313047387834
0.023614541947186967	0.053862798442500602
0.023267736044923288	0.053563350876080877
0.022932416245153575	0.053280020071815148
0.022609749838243886	0.053027322505726185
0.022298117255839373	0.052789165487587587
0.021997046574696762	0.052573762874852374
0.021704652993266783	0.052357835831493775
0.021418350897644857	0.052116424013036504
0.021140944983580261	0.051865834695114105
0.020870496354896205	0.051622010821972854
0.020607271682967394	0.051375549690152324
0.020351906803190722	0.05113964247281453
0.02010551716284165	0.050924394026963554
0.019865754515811483	0.05070595493808594
0.01963045286974836	0.050461455330279716
0.019400697322006367	0.05020445229454238
0.019176484107449633	0.049943411795901553
0.018957908840295495	0.049682281287500914
0.018744948934501054	0.049419869546227263
0.018537214121029912	0.049161159364837628
0.018334824726898267	0.04890677100436118
0.018138195697733266	0.048653086853974715
0.017946082283164258	0.048394795754538686
0.017757466914399812	0.048134975586322543
0.017572219417623922	0.047879020290867956
0.017390490027229439	0.047616756117252086
0.017213235060300626	0.047338658109190329
0.017039461421348798	0.047045601972260882
0.016869259837347751	0.046760944892293391
0.016703951402280221	0.046515506234120325
0.016540085568458256	0.04626733584915687
0.016381227263213834	0.04602012388955621
0.016226028290605071	0.045793510713579316
0.016074282370315291	0.045579493698088953
0.015925790559474282	0.045347000592930745
0.01577997421199881	0.045094901827817453
0.015638730373792178	0.044812314385499423
0.015504539066375226	0.044537409055645301
0.015371739036443181	0.044216968486892071
0.015238756661126091	0.04399683731916277
0.015105549597006164	0.043734824673945204
0.014972706136088832	0.043590449786649707
0.014846325527028643	0.0433669321684646
0.014724348884933007	0.042980875039029726
0.014600108470377031	0.04266343829866405
0.014485061447513376	0.042526941128101077
0.014368694640661102	0.042386473794281974
0.01425280087218544	0.042160775972153904
0.014139294647839184	0.042125895848272227
0.014028949266937431	0.041496611604436323
0.013924978492269424	0.041517590035068337
0.01382044183187232	0.041293960062021608
0.013720434217094063	0.0408580892803024
0.013620287941363661	0.040612396952251183
0.013521104293070742	0.040404541331471686
0.013425727019146671	0.040238404256442546
0.013313475460550261	0.040019307701190276
0.013218214423803627	0.040218150285625365
0.013128764508370314	0.039748009628526634
0.013053332576658956	0.039689956274284247
0.012940312986953192	0.038776517119097353
0.012843488161257362	0.038088149657639389
0.012787371288460808	0.038910700890505988
0.01270420105397879	0.038780535786378981
0.012616198001153271	0.038500240598932554
0.01252357584367767	0.037419093306654966
0.012441979639763357	0.037230239184330161
0.012344040646228653	0.03645473727319911
0.012303246523143194	0.03742104992208329
0.012177843231444972	0.035110375867464391
0.01210543334882005	0.035866322082913273
0.012025882064306083	0.035568894418716107
0.011956269577696048	0.034778978301101077
0.99944758000309342	0.0981460042981709
0.55296159666594569	0.10059817943451159
0.38222937408845714	0.10234214040959236
0.29209189619754683	0.10326862269544496
0.2364875994742526	0.10282136424205846
0.1987890413645339	0.10171446199519685
0.17159221993379964	0.099951006008173124
0.1510603036007287	0.097763006896062279
0.13501905820438714	0.095344899129596719
0.12213353853169123	0.09285435673900283
0.11155361841746571	0.09041473782209998
0.10270760760860619	0.088083529048032988
0.095198750191565831	0.08587698736644557
0.088739656349207302	0.083855166752970334
0.083124862167281238	0.081987984792250251
0.078198467114062656	0.080274377201513966
0.073839538163575316	0.078708905205446184
0.069958443758956157	0.077195905381379229
0.066480288215555974	0.075744401947502746
0.063346439798847992	0.07434193696457872
0.060506596121635538	0.073012997046081496
0.057919694271975929	0.071782349304509982
0.055554004752157347	0.070626078340037771
0.053382313681053603	0.069543352304125325
0.051382349582988894	0.06850753521177845
0.049534521518326699	0.067514052135620145
0.047822116789520003	0.06655178966004005
0.046230800879231385	0.065628289648412164
0.044747335226077427	0.064760484884374289
0.043360463873159699	0.063944875646065352
0.042061976091824375	0.063173154227385758
0.040844504640079222	0.062450407470352895
0.039699824358728923	0.061779521107230034
0.038621399755743385	0.061151041782588185
0.037603085906585391	0.060561600999828762
0.036639843096587459	0.060009400022752769
0.035727812164176677	0.059475498086626236
0.034862689075437964	0.058973029979966653
0.034040884048990923	0.058489189765174629
0.033258743076244601	0.058012031492710996
0.032513534249357059	0.057520561224375544
0.031802646776402675	0.057047103644085009
0.031123845119096813	0.056606655882481552
0.030475086411837323	0.05618365860316591
0.029854481795222248	0.055766635029410497
0.029261190259161973	0.05536017241757886
0.02869265977705375	0.054981393327504915
0.028147319491205573	0.054605919308585542
0.027623451470664407	0.054225482196935341
0.027121763132570361	0.053858006251187147
0.026638454048369387	0.053480609730644404
0.026172340193781129	0.053118319977369592
0.025723418748600516	0.052774856818120559
0.025291300943707667	0.052451558315528869
0.024875180376961313	0.05216108043822118
0.024475001406120026	0.051864693559658621
0.024088165985078604	0.051552673079844478
0.023714205340308915	0.051239786444709223
0.023353064418634283	0.050929219636509433
0.023002922298910631	0.050614672555989872
0.022663835707570294	0.050306517262100094
0.022336086831436966	0.050015927253614853
0.022018737918963055	0.049735903718594807
0.02171072355073541	0.049456146524783542
0.021411416049865736	0.049174158476739983
0.021121159466188165	0.048904636674064569
0.020839281484204136	0.048619053540101514
0.02056730529126883	0.048311490899159211
0.020302856886036624	0.04799928505111048
0.020046564534718082	0.04768508404042366
0.019804417441797471	0.0473423886398864
0.01957487180108242	0.046931464598700283
0.019341809293244475	0.046563055072239533
0.019116870820049526	0.046189845433910477
0.018903568364444259	0.04578772070428045
0.018688598111198856	0.045427375436267931
0.018477622605755764	0.045144964809274074
0.018270846370525767	0.044901135921264955
0.018067938717053415	0.044645067850555512
0.017868002233479209	0.044338083016131694
0.017673375661686613	0.044139305345052865
0.017480019863312664	0.043883283970000464
0.017291919281611556	0.043611519252503755
0.017109359175409986	0.043352077205917161
0.016934315462941264	0.043098484096770855
0.016760484338155593	0.042847829569746997
0.016589316211306	0.042552046442159139
0.016411242001266018	0.042086108778641718
0.016264303881850694	0.042209789295802866
0.016096169550000171	0.041495101310691306
0.015947565742283839	0.041153740668814345
0.015812903599289493	0.041847779704156686
0.015668029609561825	0.041798632742806298
0.01552602682078061	0.041693082781870505
0.015383429205955619	0.041344482026780774
0.015242834617112242	0.04083896053041846
0.015089850765984	0.040025793401332957
0.014952687275479356	0.039497826526524289
0.014819368163258212	0.03899560720615157
0.014694065451623434	0.03944817461701125
0.014564952687482679	0.038715365613433431
0.014418143341134858	0.036914046287149331
0.014290784203163157	0.03710777095074836
0.014202260630709436	0.038095274312636741
0.014045902849293969	0.035014033701774652
0.013967902886467855	0.037158418563328167
0.013813331452637795	0.033984326515362165
0.013753452668366651	0.034848449977877533
0.013600166633578683	0.034173173607997188
0.013544866717924708	0.035690052887638754
0.013399231092176382	0.034115187377619288
0.013280827544629462	0.034756074047748498
0.013183183385006132	0.03323479710460335
0.013093388145907631	0.032788377828290853
0.013024472966153534	0.034842656519311635
0.012950186138454587	0.033328310535780045
0.012827277815338094	0.032540889427802103
0.01271502617143507	0.030154884140121112
0.012644929867854161	0.033375143301162542
0.01256270199035713	0.031497931212768858
0.012427744467569411	0.031046735039382399
0.012409108814626625	0.029969304565992842
0.012276131920719462	0.029463034850653942
0.012214225733619735	0.028878365299256342
0.012123627981009459	0.028813517840333855
0.012032424326073538	0.030528060335542333
0.012003919998549757	0.030482180906674657
0.01190615083995321	0.028462324798067432
0.011848586986475724	0.028998114558200599
0.011734996109760214	0.029825928801183954
0.011678843463763907	0.030794963316749031
0.99902664732968538	0.10528560885057463
0.55222249467767337	0.10768166647214907
0.38152576654241332	0.10946360615712883
0.29143901280841611	0.11048992777047788
0.23588704323950596	0.11006121449793267
0.1982942738570552	0.10835608878335899
0.17119845361605085	0.10582148837491274
0.1507326732994676	0.10311768110008838
0.13473641782233819	0.10038810578379383
0.12187640491585146	0.097840688378703813
0.11131808264449813	0.095409387071064042
0.10249183761665005	0.0931265958579027
0.095003297749898408	0.090957092456838862
0.088570889176760606	0.088899118490656501
0.082982719132178237	0.08698267215564226
0.07808604918693049	0.085155883385928013
0.073759707864965468	0.08338569373121392
0.06990812309632613	0.081677409775837262
0.066454816244841966	0.080072708409071436
0.063339928018342553	0.078554718631974954
0.060517358137900275	0.077085657101710905
0.057948001625088209	0.075685260668332754
0.055597376264207042	0.074359245309785507
0.053437757035060485	0.073113837856044098
0.051447389641005842	0.071950265347089398
0.049607025555578603	0.070853478923216237
0.047899805694177691	0.069817462671728434
0.046312558558495087	0.068800613659521379
0.04483213272793702	0.067825505308297965
0.043447313803606821	0.066896046208459944
0.042148549133574999	0.066010315032036304
0.040928151948633251	0.065148813512732412
0.039780485332480374	0.064335273407330348
0.038698881188937537	0.063553197514720938
0.037677717805892838	0.062803629932787333
0.036711706997680907	0.062095885975038671
0.035797019215176695	0.061423746942728029
0.034928900436844754	0.060797526916189289
0.034104077507120405	0.060211799241300698
0.033319768028129304	0.059657362462318869
0.032573019020067748	0.059118651164525686
0.031860654619894749	0.058620191472071703
0.031181154405835385	0.058166813845673085
0.030532669612003963	0.057746962608150307
0.029912080520781637	0.057344554750023743
0.029317723858439122	0.05695496415571856
0.028748360007275636	0.056583958856962248
0.028203154073085684	0.056237770104167174
0.0276805268888284	0.055892711670208178
0.027179136113703265	0.055545092427508429
0.026697548564991576	0.055207424359517088
0.02623417477599891	0.054861649688476788
0.025787878312557872	0.05451866885041734
0.025358172224707355	0.054183089321770656
0.024943577132855822	0.053846037776693063
0.024543005249311526	0.053511709754220822
0.024155450923451661	0.053184639896884524
0.023779525904096759	0.052844422311393913
0.023415603713501414	0.052507324330025279
0.023063645763817406	0.052186843493200893
0.022722581152656757	0.051871017391951879
0.022392179678691258	0.05155749250353224
0.022070953924003999	0.051230590666050922
0.0217601116734117	0.050920432172317197
0.021457960807038681	0.050602593705244399
0.021164831661136072	0.050286753955022009
0.0208798024863476	0.049984239414032794
0.020603090793092499	0.049680024499118222
0.020335069338332019	0.049373755304639562
0.020076847343170088	0.04909960211974268
0.01983064843585048	0.048896995198227246
0.019595545651182329	0.048767619003378573
0.019364721612029737	0.048572401777078028
0.019139030893331535	0.048369637717419256
0.018916152071118082	0.048103372375783583
0.018701444452298301	0.047870790988253011
0.018491676876638379	0.047708522024627824
0.01828127958465774	0.047430832691253137
0.018077877706229782	0.047135755994537593
0.017886713631676064	0.046728512318311613
0.017691893376862295	0.046249859751060947
0.017500942912325266	0.045883298706346304
0.017314183228489939	0.045531939760058128
0.017132132626904429	0.045183885376019681
0.016954416125103143	0.044860531177570093
0.016781920728181389	0.044588380851782725
0.016612127037104282	0.044231422578166917
0.016445150274413081	0.043907434394050572
0.016281098097255125	0.043575857856095593
0.016117466012948219	0.043177831306355156
0.015958501843697927	0.042805233426661225
0.015798420610024344	0.042270328741951628
0.015644920947590246	0.04197439887418894
0.015497540029552368	0.041649852374792719
0.015352321002175292	0.041268034494503725
0.01521335185592217	0.041076477080090587
0.015075812332626837	0.040905694889337763
0.014940721475291865	0.040674384756266765
0.014805180740386942	0.040249032118781482
0.01467743240309119	0.040042865178692218
0.014553041162561633	0.039811741062340908
0.014432491423033281	0.035926492604681788
0.014318290203456947	0.039303127861637463
0.01420154120993194	0.039307391841801674
0.01407591175363644	0.038556634232215545
0.013933865437988018	0.037027036267786841
0.013865621730108984	0.037488906119506546
0.013765692822530795	0.03331471633130767
0.013649852822877354	0.036094592182206148
0.013511169686920744	0.033070864754472032
0.01346111371218075	0.033078311674078986
0.013362626816814327	0.034671041000199417
0.013224618427560994	0.032525366501363284
0.013149891210642865	0.031359752110921638
0.013021213817144349	0.030324332846681238
0.012954074608449166	0.030570547703632874
0.012913063787398068	0.030198172867375028
0.01271033907098848	0.029371616589567159
0.01267563555937194	0.029049174284225408
0.012587167751881543	0.029264791704854225
0.012527453296410968	0.029248181824858492
0.012436213750124398	0.030462084327810727
0.012328890461675707	0.029574306341300625
0.012250728646837301	0.028753944475071389
0.012155384361884446	0.027924976639818407
0.012051616801924379	0.028420365108986313
0.011989882928267999	0.028210111084468744
0.011924547858362673	0.028078503926125768
0.011819213979294762	0.028210375625688695
0.011789323146221019	0.026550862267385268
0.011703560130136093	0.027676406218026275
0.99978647328554393	0.097856649968755968
0.55301201803641475	0.099676647719847536
0.38220437455247874	0.10135381728153885
0.2920503265812	0.10219131339001357
0.23642141121333374	0.1019281370484392
0.19871147880423348	0.10096708297790863
0.17148973299631268	0.099542081657577192
0.15094467481956378	0.097637998203817064
0.13489618921262617	0.095427419874234545
0.12200203109165558	0.09319349700027639
0.11142116789156972	0.090907371283955152
0.10257526889311633	0.088701330372808557
0.095064775462905565	0.086644274091050161
0.088611156308260636	0.084708082186292638
0.083007103984779992	0.082857029417925374
0.078088399765362707	0.081162987194270383
0.073736131261387075	0.079605794908083352
0.069861002247126838	0.078158133865886631
0.066390562715808843	0.07678605142679483
0.063262509339161943	0.075501498524499749
0.060427413430172293	0.074307159729323516
0.057847357017141984	0.073160414971572815
0.055488469986568846	0.07206491740973732
0.053321897708921033	0.071031310206579837
0.05132566908679826	0.070045039883744845
0.049481603489879844	0.06909453644373155
0.047771722411989286	0.068188170782356089
0.046181937003026134	0.067321706996202144
0.044699626001684693	0.066484843153998524
0.043314597381965789	0.065677350808026724
0.042017162228351682	0.064904285862421127
0.040799411209924967	0.064165186985989081
0.039653692824227982	0.063475673775821945
0.038573945923631656	0.062816218834277529
0.037554138800754998	0.062193059522770835
0.036589950859505081	0.061566714152843809
0.035676857488049232	0.060966757497777274
0.034810645212288459	0.060389085468556654
0.033988242264208914	0.059825719803546958
0.033206615266875683	0.059279216652588645
0.032462824540098772	0.058770404539973294
0.031754779185926674	0.058272637330106715
0.031079002396626042	0.057795866185551013
0.030433172607372123	0.057350070627806192
0.029815695437924228	0.056919916234485939
0.0292247324054834	0.05650600223295428
0.028658567570058104	0.0561169853451957
0.028115568988131258	0.055746910664332412
0.02759581768157407	0.055367434939818133
0.02709765824014599	0.054978233197474358
0.026619429166160967	0.054602877713681525
0.026159922849161299	0.054234056414167529
0.025716991556663481	0.053859890556655923
0.025289476423107381	0.053495040396513815
0.024876539249510922	0.053125065640841504
0.024477305796651656	0.052759859737181898
0.024091864141179704	0.052405325317334814
0.023720119459635116	0.052066528232878814
0.023361546385245704	0.051736578927121482
0.023014878968360457	0.051407931246920689
0.0226813280407549	0.051108007288830325
0.022358428955003538	0.050819083787077647
0.022044669845547461	0.050534241170781272
0.021740203399514803	0.050285500621497725
0.021444000350029441	0.050043535181349713
0.021156129579346292	0.049803122805215129
0.020875363255497825	0.049545980553190372
0.020602481762149225	0.049289495902761347
0.020336283429269807	0.049043242146429522
0.020078246899596329	0.048824137136321416
0.019827852458343925	0.048675260768615496
0.019582867560891497	0.048442537387141146
0.019342667934032342	0.048189345762928874
0.019109133472154951	0.04791777697960467
0.01887973975925044	0.047606818608019068
0.018654535506768263	0.047213121449350387
0.01843674660054093	0.046871715810274002
0.018225394893801518	0.046599201792126017
0.018024077883012638	0.046259589651256629
0.01782514068494848	0.045867245879075667
0.017629953878530173	0.045309448528320972
0.017442512524947034	0.044828257956549156
0.017259421833495252	0.044508041462765269
0.017085949163720884	0.044322248469155744
0.016909185618886803	0.043856941436082195
0.016737841645144257	0.043314802401019946
0.016555669342413058	0.043082549861211801
0.016403158555684614	0.043108277870692761
0.016247840119623425	0.042027656321299803
0.016095890059401131	0.043131252366326041
0.015943664764349295	0.042901632221020801
0.015783749142627642	0.042564556044840544
0.015635445588030199	0.041596360821889965
0.015491481931547186	0.04043598188139743
0.015352612131235866	0.040495677753819986
0.015215396190250845	0.039710257599359276
0.015085779226179857	0.039644402445591788
0.014946797616624341	0.039548412666179457
0.014838693740897659	0.038238299332881497
0.014720086867420797	0.03706836647818048
0.014643059021477551	0.037197027708335023
0.014481657996628157	0.036393887644023182
0.014349530635824982	0.036706734917608556
0.014315121582858236	0.03672400239517426
0.014121644829777633	0.035827419288683791
0.014003672797176719	0.036021485471018723
0.013919357777626474	0.035985459553491014
0.013792140704848573	0.035128254372134959
0.013660301565664645	0.035449953926880474
0.013577407178447968	0.034686850029169672
0.013458505667076473	0.03582542774160645
0.013357118420958419	0.035935901311912023
0.013277938790058627	0.035840071714994141
0.013158085595486656	0.035382719867509287
0.013068620077116859	0.033237883008952446
0.012977272791967229	0.032244303519209018
0.012913090597522504	0.034173375852581539
0.012829941038173488	0.032794231317154802
0.012731225624838416	0.033706435295224123
0.012596674894802262	0.031823049974773344
0.012522435328660195	0.032370784016374526
0.012444873614855226	0.031346907548136932
0.012376971626115015	0.031677727980932747
0.01225108607838942	0.03194439174252503
0.01218104008244828	0.030829464261923845
0.012104861820258279	0.030999586513728035
0.012033294793756871	0.030394473759532758
0.011959425206489573	0.030235672154429398
0.011863591329033009	0.029975317535814349
0.011763690344177843	0.029768021267893362
0.011742219856963228	0.029395550916194283
1.0006114424996169	0.096982485241118535
0.55277517375642948	0.097802870499153635
0.38183602854392495	0.098781609441660576
0.29167398200604927	0.099030881740440141
0.23599491994556182	0.098957019895888773
0.19828996503372973	0.097834100824456482
0.17109892547672348	0.095986638346184386
0.15056875814789542	0.093800962602970578
0.13452450064757443	0.091470408551416485
0.12163792197156638	0.089165668156059238
0.11105337814333999	0.087008959363375882
0.10220621954179429	0.084943810408975223
0.094701897852657077	0.082962658323565933
0.088255220493620529	0.081084425773614965
0.082653957956673851	0.079328005194246529
0.077741429045897911	0.077692394924774741
0.073397506151476652	0.076153832834989554
0.069526129076431034	0.074732133372493612
0.066056151597581395	0.073405226530899509
0.062928367932590296	0.072160190506428593
0.060093983714668391	0.070978743943810568
0.057513873675351962	0.069850954511326876
0.055153884504956306	0.068785240260175101
0.052987982971505379	0.067781506562535135
0.050993110161548443	0.066821036789669636
0.049150446622012851	0.065897166452370606
0.047442919190738023	0.065016574860822851
0.045856118394208417	0.064172714962649063
0.044376997811261448	0.063367746360115121
0.04299565410900897	0.062595785263650769
0.041701318941177755	0.061868591820117121
0.04048642067827761	0.061175215210433669
0.039344951030426248	0.060475888587050067
0.038270001850264988	0.059803179804486718
0.037255017804990846	0.05915477097716456
0.036295102458267857	0.058533118091231157
0.035386827656920292	0.057926986522235338
0.034525584363397727	0.057334090400575202
0.033707435221972636	0.056760288248594866
0.032928828688011821	0.056211179202733975
0.032187451210593063	0.055684084336555147
0.031480914978569155	0.055167881539842055
0.030806311825947626	0.054662638373776232
0.030162407286090074	0.054163926001922137
0.029546218695712334	0.053676349921621985
0.028956187695929336	0.053192128955625827
0.028390669098111575	0.052717870598700943
0.027847427004057339	0.05224880991920907
0.027325122703507915	0.051794792023435753
0.026822999554783514	0.051357766988429761
0.026339694811076758	0.050950082354081938
0.025874578527976873	0.050559177475862242
0.02542624073383231	0.050182314983156721
0.024993872254887181	0.049817165928537584
0.024578356140507959	0.04945850837131488
0.024179981527294846	0.04913167556566831
0.02379698755750171	0.048825390106270225
0.023428738993711791	0.04854395176658638
0.023073988537139264	0.04825256885042277
0.022730986948768149	0.047926735941624748
0.022399571301411736	0.047595602875740925
0.022079719798290192	0.047276988422549654
0.021767601042825952	0.046954029984376262
0.021462811524319055	0.046630839194978402
0.021166465925174727	0.046306978375672866
0.020878257679596612	0.045990340693538939
0.020599805953795888	0.045689687809715267
0.020329125457535374	0.045396758320230643
0.02006593944312746	0.04511279459910935
0.019809566281568741	0.044834265546054998
0.019559839789601418	0.044559539347658973
0.019316362733299543	0.044287035802640276
0.019079237713816893	0.044021662708778365
0.01884910437619685	0.043770122577770451
0.018625902026077581	0.043523219276774695
0.018408210007569904	0.043292330846381684
0.018193354527711182	0.04300003361123185
0.017992511652175247	0.042984006122265106
0.017794568621826459	0.042715310020713007
0.017594568552566265	0.0424773417395123
0.017400646593697205	0.042255269042706226
0.017222711481651647	0.04214207803887423
0.017045063825619836	0.041818842400679436
0.016852303296315794	0.041508301482517718
0.0166778522870407	0.041040611249306545
0.016505616646504614	0.04063672745294912
0.016328510742095945	0.040045168560353804
0.016162739759325466	0.039554198022549961
0.016012008491210337	0.039014460916709404
0.015871929232286683	0.039775532818253904
0.015706696091571527	0.039316715276126186
0.015561718753210095	0.038754163691398724
0.015415184802579333	0.03871918107655116
0.015258198761170093	0.038135603807973636
0.015143742408315024	0.038022556038217005
0.015019470214356796	0.038193754155972488
0.01484901043044032	0.036961212188040167
0.014754406354833549	0.037340481923326348
0.014595848872461147	0.037799614129018021
0.014464114621696148	0.037128343688866548
0.014329412968758145	0.036765711142183952
0.014218254141750821	0.036403979007704021
0.014118553258292725	0.037108385281556182
0.013991233370056545	0.03644715295648196
0.013877541555045376	0.036351761195852837
0.013762068189383673	0.034928491846915592
0.013641203591392504	0.034478132280251754
0.013534996704527678	0.035339085193462613
0.013430530814567557	0.033812797732005781
0.01332052986712102	0.034690437498401686
0.013215871602095332	0.03459613917347093
0.013122530224568756	0.03426199021391875
0.013046082561285399	0.032853413495699646
0.012935065027258396	0.033454809452666309
0.012848107820791136	0.034202804801660769
0.012740245507508305	0.033478394337047766
0.012671204698343584	0.032403202675847648
0.012592477765176011	0.032964853766392008
0.012431908064203714	0.03039755060676531
0.012367771724035772	0.031818826029029232
0.012296566091489491	0.030828980276539963
0.012217742709434024	0.033031154696239566
0.012139809266412347	0.030979751023753468
0.012063756226180769	0.032309521150695575
0.011944099262473962	0.031350500106023568
0.011868241116724893	0.030637895991142687
0.011779324763169766	0.028760675765467425
0.011714844215991921	0.029432568561658552
0.011652282603323889	0.030302799780933389
0.011558913363046212	0.028698219569669236
0.011509571245789989	0.029005756744899119
0.99709067768142523	0.095749746491507359
0.5516623446622495	0.097981256581007703
0.3812964811023114	0.099691384408004152
0.29137384712532799	0.10026349127863898
0.23587413290323808	0.099752407981628377
0.19823156312812226	0.098738165536561492
0.17108398579954434	0.096964530257387882
0.15058904546838073	0.094774567439413426
0.13456754910416652	0.092455364690341491
0.1216985287531368	0.090125222163488158
0.11113042742609641	0.087865171848214518
0.10229984987657539	0.085640757228471504
0.094805861054671162	0.083513350756894561
0.088367926931922677	0.081436708275198597
0.082773911132991124	0.079458550952592993
0.077866949282340614	0.0775897331438824
0.073526011275915709	0.075842753991276324
0.069657619770177467	0.074181974998427408
0.066189980875654669	0.072599192553413669
0.063062064683432617	0.071100376563419027
0.060227506406903678	0.069659397539384826
0.057645520142642466	0.06829130902057054
0.055282871709494141	0.067006042807942742
0.053112456847315977	0.0657992884552311
0.051112073561741127	0.064654068784347915
0.049262150916075595	0.063570297557658209
0.047547321197060344	0.062548388232767288
0.045953277027271609	0.061590485294668595
0.044466547951039243	0.060684876328260126
0.043076866955616085	0.059826301472112632
0.04177555640356248	0.059019632356169992
0.040555087722587167	0.058249073854847587
0.039406781846950074	0.057533549615114525
0.038324453050352023	0.056854756071900138
0.037303088847076851	0.056199064147473783
0.036337606656123733	0.055584397007797715
0.035423401334258274	0.055003689697290831
0.034557212211082697	0.054461115476445304
0.033735529174155302	0.053950928416862845
0.032953616583787579	0.053466553858004383
0.032208922766814523	0.052988154288974909
0.031499859578579543	0.052507893073926511
0.030823224861016022	0.052049807063968272
0.030176073349296388	0.051612995031849823
0.029556797063512056	0.051190289069687658
0.028964103902730687	0.050777142412600139
0.028396583530053116	0.050377934780651147
0.027852213180868522	0.049980107602113147
0.027328867645233536	0.049590077266076997
0.026824372190238577	0.049213248855114529
0.02633814303595839	0.048839723590406656
0.025869165857529283	0.048465002726612978
0.025417493473454237	0.048087359119676189
0.024983029793083467	0.047727369315727596
0.024563530818750678	0.047364145068601073
0.024159371638855589	0.047029226492712434
0.023770527855827783	0.046721969751490802
0.023396143889410262	0.046413511264433389
0.023034455980431127	0.046094423781628417
0.022682827946722054	0.045739651114460142
0.022342447882229187	0.04538855357856221
0.022013059242032482	0.045036872183067303
0.021695381697056291	0.044699393516215408
0.021389655548717159	0.04439447357409923
0.021093854443550393	0.044113047563907312
0.020805995822315588	0.043844027222698798
0.020525740682477901	0.043561576096872938
0.020253318047244263	0.043283394650261674
0.019987742631778514	0.042906345305993639
0.019728907844913365	0.042583572933505003
0.019471682247627846	0.042160448039384527
0.019225366655106303	0.041819933469016052
0.018988098800994922	0.041559897335545111
0.018753687038012862	0.041230385134160927
0.018523856897779894	0.04094435788266633
0.01830054866493391	0.040545263510930886
0.01807297884013161	0.039953548320237349
0.017866011787385474	0.039410099540407126
0.017664846894635117	0.039067314425581944
0.017460996053039857	0.038889508895687139
0.01727434920568249	0.038571258169367767
0.017091654182877492	0.037932962108342613
0.016893787677065952	0.037618262249014274
0.016712407813886932	0.037526402210072293
0.016542436097846988	0.037072833913743761
0.016363058199716281	0.036847399121430924
0.016200641105083811	0.036429251463927295
0.016049271896854157	0.035751136238271961
0.015897312716630266	0.035457019850118426
0.015721042607128248	0.035441212207846441
0.015576221840374731	0.035105296700868878
0.015426451168385648	0.034530841643544342
0.015299682475243508	0.034338651497165848
0.015150478540126345	0.034571419915268763
0.015013318658468989	0.033654777539916678
0.014874667382648152	0.033296445398360568
0.014719832385476849	0.033212623649197602
0.014594285747507454	0.032799734214462258
0.014496060280607861	0.032661246981264457
0.01434662314459037	0.032294356961301451
0.014189845675435195	0.031245028792105965
0.014083446872269572	0.031361475525507873
0.013978149140799808	0.030727656009510638
0.013874939459433489	0.030718170677644544
0.013743476784720026	0.030008014718302282
0.013631694565026598	0.030720740966362917
0.013507980514173861	0.028964107603804565
0.01337978014631863	0.028964041209346723
0.013303020911858355	0.028667083040597136
0.013175011529462486	0.028372383583754972
0.013101990409933723	0.02940657943124184
0.012985280162516932	0.028351013139270961
0.012919334333042027	0.028491590377390012
0.012832338750657658	0.027745005642936159
0.012696617265869313	0.027607350564921376
0.012596128764438523	0.028407155727115049
0.012509624292196346	0.026766852217596428
0.012420920920938727	0.027193906691804232
0.012351427818191919	0.027212934134801983
0.012270375185032687	0.026684645857759922
0.012153256110852766	0.026156631569626301
0.012040869967220636	0.026036530830508057
0.011986624357991811	0.025513989913960134
0.011890968424817605	0.024801028900635461
0.011810365960485882	0.024435696742490968
0.011750096117919488	0.024812428371499995
0.011670837767037909	0.025069741890264126
0.011628605679080768	0.025920965410707791
0.011503777660639944	0.024278311084247935
0.011456345703843521	0.023690378258015187
0.011357821116418009	0.023589765056355783
1.0026660318185718	0.1052173702625981
0.55474398611520981	0.10700390691323178
0.38346175965550516	0.10847061008853331
0.29304754306679454	0.1090955332900089
0.23727426905597818	0.10845080162639303
0.19947930198725566	0.10703867102126492
0.17222142500896973	0.10501728109404758
0.15166152669926306	0.10249593332364497
0.13558383254181183	0.099943875560139103
0.12266288480994937	0.097439231080957964
0.11205292666142065	0.095027894693854031
0.10317549583636952	0.092815235780782823
0.095642314527258146	0.090726108265990507
0.089173772729710638	0.088710248607114905
0.083554386758689758	0.086821271582468315
0.078622081679401032	0.085105259655102461
0.074258935089124081	0.083538685910838836
0.070374154103902312	0.082077831970277598
0.066891973660872989	0.080699487611958817
0.063753056969970662	0.079391204034628848
0.060909701794353892	0.078150120358081221
0.058320877364175572	0.076983101682316243
0.05595612453146831	0.075876151652034388
0.05378743711663813	0.074815161515645018
0.051791435091680285	0.073790993442274494
0.049947278958443218	0.072830711597204167
0.048238331673905843	0.071893518129385853
0.04664880851110783	0.070996197689607798
0.045166503930902158	0.070142178950253348
0.043781077990547576	0.069320187766977723
0.042483399108338198	0.068519887796904169
0.041265439939787582	0.067741788633762082
0.040119906844329617	0.066965755363591672
0.039040700992235999	0.066211421257082487
0.038021635083072512	0.065482783237323608
0.037058494176332987	0.06478481136393377
0.036145666803698233	0.064111832714570979
0.035279905763072307	0.063470559306512686
0.034457506100243993	0.062843330813385945
0.033675200642238223	0.062237271491118948
0.032929308151047096	0.061658455567748779
0.032217542033251993	0.061100362653450577
0.031537435553545816	0.060552133541693337
0.030886898941379606	0.060019579515619634
0.030264508421080735	0.059516525114304851
0.029668147530952361	0.059027424592333198
0.029096150670324554	0.0585472327887296
0.02854706960860456	0.058076602544501622
0.028019352108636653	0.057623916688432975
0.027511725319537779	0.057195928012855758
0.027023037406246699	0.056772999568696789
0.026553258676814219	0.056366276259393569
0.026100782830382578	0.055984484993012389
0.025664488622058036	0.055620534699739703
0.025243694773895632	0.055276288678668233
0.024836952628043748	0.054914022761884063
0.024443189029955049	0.054537242537676979
0.024062052512874441	0.054156395770083902
0.023693745525512767	0.053768852723476375
0.023337459075140239	0.053380186516297071
0.022992043049765484	0.052992502208223193
0.022656858058565866	0.0525940177643111
0.022334172816222773	0.052220858230602608
0.02202163034841572	0.051858981892423932
0.021717731872456573	0.051499446868276018
0.021422140072105977	0.051137451471969103
0.021135010709383301	0.050776535972513664
0.020856166064086211	0.050423754396674313
0.020585610848001104	0.050079444569100046
0.020323185003348485	0.049755725940190301
0.020068500686624538	0.04949705346110924
0.01982092832607045	0.04925876575184663
0.019581222397667887	0.049058296799465211
0.019345646014755628	0.048809506360041215
0.019118204008644297	0.048561365991283217
0.018897452591250526	0.048313293494753141
0.018682535622913769	0.048061921183882896
0.018470016770106189	0.047778296709263868
0.018262870193578445	0.047501412902072639
0.018058020151360613	0.047147706392512007
0.01785870987115043	0.046772559948334694
0.017663478672230566	0.046387158283881215
0.017473753515484438	0.046038565778641051
0.017287712535949355	0.045671926132282062
0.017105259321367191	0.045271973599729662
0.016939397317929893	0.045369584660158099
0.016768284415312758	0.045001741886877396
0.016599097505327214	0.044549577704761374
0.016436840946140424	0.044244283951956162
0.016286963491823046	0.043658097891583252
0.016132229497019993	0.043421262663898487
0.01598762073970883	0.043120091370767263
0.015842504360533964	0.043228479383454782
0.015686641189597245	0.042720996413102195
0.015544896025515044	0.042387399245711777
0.015407509744682852	0.041865038187326779
0.015266700790637539	0.041418122756101815
0.015142126245024558	0.041042883764976855
0.014997791408959184	0.04123743503602708
0.014880596671842454	0.040748861840152785
0.014745309005797222	0.040946372607980036
0.014646921450281682	0.040609218978416975
0.014515850227534205	0.040136976107026733
0.014380750916984717	0.039217246330337553
0.014276047726905581	0.039009598821227912
0.014178433824715377	0.038903358990561361
0.014049691102156122	0.038185081125942863
0.013936532034106865	0.038065841374101204
0.01382842392256314	0.036814845141472138
0.013712771795599585	0.036946521917506553
0.013618814820950792	0.037535110092140465
0.013540710227205448	0.036701897829781602
0.013449531195753527	0.037109763845571665
0.013324732586149544	0.036632094014708384
0.013301373607704036	0.035117757310719783
0.013161014047866909	0.033519395095664845
0.01300335672156077	0.034230098962890095
0.012978563106756068	0.033823693317439708
0.012919626546820835	0.033963228637735536
0.012814276113985553	0.034306284223412184
0.012706253943020256	0.033940476842522972
0.012607099634162821	0.033976069500607338
0.012513201670160498	0.031863594641830514
0.012421494395075654	0.032064082721224657
0.012400068021117729	0.031695966596185315
0.012293305496735402	0.032291991365608945
0.012188101334366593	0.031625787554180447
0.012153717622046416	0.031484390485381361
0.01212998135879809	0.032181106963209631
0.012005361997375218	0.030688861766772189
0.011976927103484723	0.032181312944840265
1.0016003011735268	0.099752161143714033
0.55381389600654873	0.10123365205402754
0.3827354977294688	0.10261379630062682
0.2924463495557677	0.10330354786559817
0.2366904897339519	0.10339421312882129
0.198921590310949	0.10248605405399509
0.17168375980528175	0.10082995945193768
0.15113553838845362	0.098599226544157481
0.13507674583039792	0.096191027621702646
0.12217566135060731	0.093791505119343546
0.11157930634276061	0.091502316029050346
0.10271772949099137	0.089371342171518292
0.095200842057943408	0.087337645422987026
0.088745199948074754	0.085391919616476158
0.083134676292803161	0.083582407112209905
0.078213675141318578	0.081890727400266733
0.073865173531755313	0.080262564993838728
0.069992443015678932	0.078720775179033475
0.066522143923178567	0.07723272032619799
0.063395806756325598	0.075799847258377961
0.060563484355770227	0.074425313525245645
0.057983861519462304	0.073125166817961273
0.055622452685441755	0.071902692748182048
0.053453483317567448	0.070740845772713765
0.051455379764762728	0.069641792415206252
0.049607567017347608	0.068602297538210746
0.04789379788785271	0.067616752395924726
0.046299859734734154	0.066674784622201416
0.044813483917343085	0.065780939202321836
0.043424851963410928	0.064932630997851348
0.042124762680325917	0.064104346662022707
0.040905127057185665	0.063295351216335033
0.039757575668095069	0.062501648053749373
0.03867602556134532	0.061747100209134667
0.037655093518953069	0.061011898145544717
0.036689122518862118	0.060314960139149575
0.035773826161872357	0.059644790474009841
0.034905143442686831	0.058990771628191975
0.034079656859770185	0.05835482981042011
0.03329392503333891	0.057741110016898689
0.032545746186801977	0.057153258700957998
0.03183271946884679	0.056582109369790419
0.031152412050463461	0.056018058808198309
0.030502640566178817	0.055468018009734228
0.029881844368868753	0.054937337520186792
0.029287246863779103	0.054431287045942363
0.028717521676390065	0.053923944084346413
0.02817118690442905	0.053425929953503828
0.027647229458456581	0.052929944286816279
0.027144096890559723	0.052440653334938997
0.026660106211251831	0.051965781326830662
0.026194074064941043	0.051497171306378119
0.025744949985600452	0.051037539730297905
0.025312163442622028	0.050595435074085357
0.024894398323866283	0.050162895630868801
0.024491613204993812	0.049756580903474672
0.02410339867132864	0.049385763275658634
0.023729521702090774	0.049059909669168969
0.023372292175591496	0.048829863274874118
0.023025201350877447	0.048561465741727081
0.022687444069179056	0.048279730648526878
0.022361085069069312	0.047989656859974611
0.022046216171903055	0.04769671404439893
0.021743305800115277	0.047439486629787191
0.021450067847574146	0.047225468979747727
0.021169466638383375	0.047106271680135307
0.020901490476417074	0.047055853612722028
0.020644091154939436	0.046985882435851584
0.020391116189700305	0.046827151271075014
0.020143674792252184	0.046626037744254251
0.019899254349665704	0.046400692013252295
0.019667287368235788	0.046157097653808959
0.019445542297924105	0.046091056486635744
0.019223580747762491	0.046086522877402676
0.018990516315258034	0.045598068488156701
0.018788320548843735	0.045711357384272268
0.018573005553350411	0.045519188197667482
0.018376884141828292	0.045410520574070003
0.018179585539069211	0.045228047287878305
0.017986444245896342	0.045020554595598894
0.017793278894724842	0.044847159115810387
0.017608131271050445	0.044646602332767557
0.017425919027487431	0.044371915735517818
0.017249314387491974	0.044340872757207439
0.017080211935234794	0.044204029023720184
0.016889606589189695	0.043051334435184725
0.01671552318024612	0.042289329392492865
0.016566905291941894	0.042703564310987041
0.016407852475251731	0.043291865503546891
0.016244180509267479	0.042742170132631596
0.016104221724846858	0.042354503226489801
0.015944988964556886	0.041662201634455873
0.015833438242127913	0.042724476830340169
0.015668798175884353	0.042432642398023107
0.015503986457340141	0.040598599008401612
0.015402610591976271	0.041845946467980448
0.015286981893639943	0.042763491112991173
0.015153125447973285	0.042252069231075051
0.014985371827756567	0.039931386688434392
0.01487809366444757	0.040254854065482883
0.014736490034705329	0.040118914345412676
0.014659582909072284	0.041336002585336623
0.014479468699927549	0.038953901041945099
0.014411059944129988	0.04066258502616215
0.014288551547051141	0.039449098857819484
0.014156226439136719	0.03855303612169423
0.013994522801583089	0.035735869220104008
0.01397572024571761	0.039083497237956809
0.013848208907334706	0.037372239462241899
0.013739297874123256	0.03832773673963645
0.013679232794063139	0.038757026860855762
0.013504152371940567	0.035616419929275646
0.013465184055719479	0.037266787471190242
0.013290412453470015	0.034474674707156816
0.013205850656762365	0.03597096119771475
0.013164953471505566	0.037486365555103783
0.013049155447450458	0.035710529850734481
0.012899045363577293	0.035582228019930898
0.012776118192529193	0.030648351910700082
0.012757702624463808	0.032385909362552777
0.012700643217997106	0.035940371673358347
0.012542173236406256	0.030916972291509786
0.012546053830001718	0.034923876986842385
0.012525998393151723	0.037077417692408979
0.012307232628803911	0.031321026714470603
0.012386454923451798	0.036729372282486489
0.012462652761832248	0.041872643691855907
0.01207330176693777	0.029234355343950656
0.012122823416264118	0.033270511022657545
0.011886856094858062	0.029838479337300036
0.012193879146763835	0.042301568829212897
