weight	lyapunov	err1	err2	err3	m1	m2	m3	std1	std2	std3	null1	null2	null3	f	stdf
0.0	nan	0.74078896041983666	0.1239112433817036	0.020914198899141933	11.318890850925843	17.363294729743398	16.014661116657628	19.760544969348476	32.40820130421325	28.877635839764359	99.310000000000002	99.310000000000002	99.310000000000002	0.9997047523305298	0.10075080931258718
0.02	-1.0	0.7501409640104546	0.80430784981370329	0.72917313370222836	11.597996848463161	61.804601509183499	140.01752140937688	10.890529328703092	52.408186593024979	124.8003762894843	97.170000000000002	43.230000000000004	21.010000000000002	0.71091219938402972	0.10079054249847171
0.040000000000000001	-0.49682370524130853	0.75414558192796599	0.82895704747088428	0.75401295231971377	10.831518994649244	36.660032721359194	104.58939287558105	10.496338172709324	32.004287540223174	93.835480499111682	97.109999999999999	36.040000000000006	27.790000000000003	0.5515424424728026	0.10086488477736641
0.059999999999999998	-0.90181973531797688	0.75605586570503613	0.85124221481079976	0.76141067963350073	8.2712761444392431	31.598613196241509	91.046747268047099	9.1470906160978451	26.374773111519694	82.456270586376633	94.659999999999997	31.170000000000005	31.540000000000003	0.45052094595321102	0.1009737039693553
0.080000000000000002	0.21168807148620639	0.75899729055887799	0.86795059462574697	0.78713584739018438	7.0657008621113935	30.586796382502332	114.36739893407612	8.5021455859124426	25.591195576735164	101.98705692964583	91.450000000000003	32.530000000000001	25.470000000000002	0.38076326794461363	0.10111316920589272
0.10000000000000001	0.27711770591764451	0.76260609866603568	0.87578569150805663	0.82542913101771287	5.9896885417648624	28.70137682371535	151.01582033471846	7.3977599811229258	23.723801397390016	130.03196152186655	86.719999999999999	34.450000000000003	21.780000000000001	0.3297058353497786	0.1012385323736948
0.12	0.37674292152007027	0.76646431714262631	0.86844616952725906	0.85587975926604742	4.7345586097258003	26.422951858774677	160.68912999292763	6.4983508289173315	22.169334703172062	138.37807525054964	79.430000000000007	38.469999999999999	20.919999999999998	0.29073116834664747	0.10125377624493812
0.14000000000000001	0.22760005324496568	0.76981337223906188	0.86578694136741563	0.84630194435461381	4.756257525670927	27.05388577694935	138.77278812677372	6.5515668429863769	23.511849847850023	124.47399849930908	78.47999999999999	49.969999999999992	22.639999999999997	0.26001740316708538	0.10110115154153276
0.16	0.51627649612187176	0.77287931157008027	0.86034081877530344	0.8319796898677515	5.1449607570154159	28.55577658102888	114.72446016770216	6.6095460873041016	25.773542736520948	104.75575648655315	82.349999999999994	62.760000000000005	25.41	0.23520617459071119	0.1007453179048888
0.17999999999999999	0.32609474641132241	0.77417534547667954	0.85835743722735991	0.83323784336436479	5.425768006831122	29.631808801487033	101.89724112475196	6.9141604724348777	28.382702610432609	94.892278125129039	85.829999999999984	69.549999999999997	27.07	0.21475402190540663	0.10020247818281422
0.20000000000000001	0.03221328815948523	0.77430924846417593	0.8634940078828105	0.85100504180673153	5.9530324444755562	29.903692014542674	99.625863776307341	7.2600384884112525	30.46703493358233	91.952645228598314	89.190000000000012	72.099999999999994	28.119999999999994	0.19761236584495556	0.099503705762416725
0.22	0.0097569115132078964	0.77332419631664795	0.86411150265444747	0.8610779079029699	6.493451980158504	30.874007459339133	103.88670476151495	7.6039615108366547	31.517567658121084	96.669933495704612	92.209999999999994	73.090000000000003	28.669999999999998	0.18304079276664681	0.098677981942569853
0.23999999999999999	0.0096144976701122015	0.77219755027460679	0.86161742684127929	0.8727014524397172	6.6244579562826988	31.41717649868383	110.51112229812361	8.089725360117237	33.405980989195598	102.278773623532	93.519999999999996	72.959999999999994	28.149999999999999	0.17050567159935148	0.097752130260239933
0.26000000000000001	-0.0053447209650473743	0.77088490803694643	0.85847861528023972	0.88011410706612414	7.0740260017492034	32.217405578510942	117.31955622776607	7.9964862734250604	32.831876900685003	108.41067504661831	94.61999999999999	72.329999999999998	27.690000000000005	0.15961003309333854	0.096750318558935761
0.28000000000000003	-0.0074972664291828106	0.76916509303257574	0.85517400160841794	0.88368768108120133	7.7050476650114037	34.016183490104353	120.02137836925324	8.467948899788329	37.330922799862435	110.28638744600457	95.240000000000009	71.27000000000001	28.280000000000001	0.15005214547369511	0.095687325644567348
0.29999999999999999	-0.010447929106269103	0.76800334339910081	0.85234373121206952	0.89331222708865821	8.2493366579509448	35.613591272456048	119.74590365057865	8.6082537678221112	39.431277369150685	108.53170271353443	95.539999999999992	70.369999999999976	29.659999999999997	0.14159936391187092	0.09459699201443772
0.32000000000000001	-0.0023221921720930332	0.7672909598929385	0.85039643202463078	0.90307277861546209	8.3375839857042831	37.124602030737222	117.79901634058054	8.7585143862871142	39.693091164048241	106.6265129824955	95.620000000000005	69.939999999999984	31.280000000000001	0.13406984800692326	0.093493715841328012
0.34000000000000002	-0.005246907765331558	0.76629854232749717	0.84867239283519535	0.90639402084485676	8.1262582109876256	38.127397240511399	113.72904716466317	9.2430379698773582	42.581778769309111	102.91871902094536	95.450000000000003	69.099999999999994	33.32	0.1273220425168746	0.092388200055047359
0.35999999999999999	-0.010272326399761741	0.76557539016237697	0.8460426788712313	0.90856628419844088	8.4533925575521458	38.438144071936151	107.75844382452415	9.3162672285705561	42.149883026848855	98.478214714807081	95.579999999999984	68.319999999999993	34.350000000000001	0.1212393436860673	0.091290548389047266
0.38	-0.0031081809946981787	0.7652398281598527	0.84382699163896846	0.91020697166470654	8.2965995339106975	39.289067846310232	103.8635043100536	9.3223443239704373	41.63590817459648	94.337862062710812	95.36999999999999	69.030000000000001	36.439999999999998	0.11572774510308514	0.090210037479852345
0.40000000000000002	0.014096371923492326	0.76498896628218438	0.8423730819395342	0.91502524415068576	8.4721716189105614	39.661259400738366	99.196526764839376	9.0162443715952101	42.08335427592543	90.835260743744243	95.430000000000007	69.090000000000003	37.850000000000001	0.11070942532202181	0.089156871823934281
0.41999999999999998	0.014459521552575658	0.76480591573889301	0.84134958566809848	0.91880808794966951	8.6600699773958194	39.861270765004086	94.531892822610871	8.873834549045295	41.97572247904121	87.761695390605894	95.319999999999993	69.22999999999999	38.910000000000004	0.10612168045273951	0.088129578905465661
0.44	0.0069504705556296485	0.76473067707977949	0.84091711940122749	0.9203438358333591	8.6437059035342454	40.224276252450821	91.289857363212676	8.9433247561728191	42.675632344204296	83.991395573972227	95.179999999999993	69.460000000000008	40.739999999999995	0.10190987261893251	0.087139094652147364
0.46000000000000002	0.011308787380020977	0.76419280371197951	0.8407956356916072	0.92010060951851946	8.6884777605531234	40.221652913456595	88.782209366251948	8.9662078858110199	42.177484114836247	80.865567376373889	95.129999999999995	69.289999999999992	42.719999999999999	0.098032257564651296	0.086168307909208833
0.47999999999999998	0.030412108083859767	0.76437153820716408	0.84010874360344945	0.92070325390793184	8.567306423322826	40.582660876078052	86.051599819735117	8.7253882286714202	42.285360677301369	77.546987611303081	94.960000000000008	69.319999999999993	44.390000000000008	0.09444913393046088	0.085222629088462995
0.5	0.012887072376313948	0.76439149833103404	0.83874830545923496	0.9218770927870642	8.7940280028356117	40.289005134012349	82.552153722307963	8.7127623975189845	42.459141914850427	75.55052304338561	94.959999999999994	68.849999999999994	45.310000000000002	0.091129598867335154	0.084301603018624799
0.52000000000000002	0.00035369483459968173	0.7643297944029912	0.83793958288612624	0.92222839410671287	8.8664853368328806	41.382570000120154	80.723443681271448	8.5423765873718764	42.459284236495833	73.392037312785703	94.829999999999998	69.109999999999999	46.609999999999999	0.088046246409431289	0.083407638113717
0.54000000000000004	-0.0079237954778276116	0.76453622580224478	0.83992779949241092	0.9229232244401947	8.7564356586100551	41.776704387123402	79.177190681699159	8.7461951183805162	41.995172070451638	72.956005615225337	94.659999999999997	69.030000000000001	47.859999999999999	0.08517397860511064	0.082543498902038687
0.56000000000000005	0.016985619821716428	0.7646008315646704	0.84202500117141477	0.92306954298836064	9.1008562901046055	41.117315312283637	77.970956050102231	9.0762090571360012	42.058687338750573	72.476911913992438	94.789999999999992	68.489999999999995	49.119999999999997	0.0824913407412423	0.081709717699500833
0.57999999999999996	0.0072753386116442727	0.7645587716950899	0.84309821263762752	0.92331535149400001	8.8366277005019338	41.697141218975624	76.594063066239102	9.1436884041770696	42.919456809432518	72.485120416564044	94.599999999999994	68.759999999999991	50.250000000000007	0.079979530611801353	0.080898536264056894
0.59999999999999998	0.0013619854901733303	0.76438157561769793	0.8426514671501355	0.923750028806541	8.4465834689395187	41.898561629269508	75.122641271025969	9.2054507436225244	42.1544200803352	70.371558144940394	94.299999999999983	68.689999999999998	50.730000000000004	0.077623346060770995	0.080111538726323192
0.62	-0.018311948726219749	0.76431873250754112	0.84280076815734817	0.92411835100026463	8.7609493268782863	42.628624530337291	74.370854392891417	9.0362035604797892	42.824350225506819	70.1160084533918	94.469999999999999	68.740000000000009	51.969999999999992	0.075408522259085536	0.079345391837927798
0.64000000000000001	0.022974322391332128	0.76428495761685433	0.84321517879694596	0.92532927558351674	8.6783869934584477	42.648057266176579	73.466952877824298	9.1808979783640652	41.634294896601133	68.68280217772174	94.399999999999991	68.549999999999997	53.230000000000004	0.07332302758589701	0.078603027962658362
0.66000000000000003	0.0074518180094302593	0.76415373250453511	0.84373814107949818	0.92682828386241101	8.629000447875109	42.947958266857547	72.604348339705865	9.2403773419086868	41.695063392198357	67.598615875238792	94.310000000000002	68.430000000000007	53.910000000000004	0.07135602390988928	0.077880689103998937
0.68000000000000005	0.027915241132100505	0.76397580753752881	0.84427840753459016	0.92784788238062466	8.8008528469854586	43.151588844351082	71.591674159219764	9.2031438148402618	42.033620161370116	66.760463822883864	94.349999999999994	68.440000000000012	54.479999999999997	0.069497141288968931	0.077179974192932516
0.70000000000000007	0.015491902906801143	0.76353462371035652	0.84405043080562314	0.92790720388006653	8.7453003151120079	42.953146710554321	70.222073880307036	9.0326914023551765	42.459976633037925	65.429988874270578	94.249999999999986	68.22999999999999	54.910000000000004	0.067738110643710187	0.076494940597616273
0.71999999999999997	0.026454753233875708	0.76319714861324073	0.84427272010144239	0.92828361615919319	8.7793985981184921	43.312353832701113	70.386069402183665	8.7971302859329956	41.909605468980537	64.737689594121093	94.209999999999994	68.319999999999993	56.079999999999998	0.066070630874847477	0.075826633903194926
0.73999999999999999	0.021014247380614543	0.76317133701409179	0.84427644223828602	0.92826343958966329	8.6289788082459911	43.905629255720996	70.539775841534379	8.7495878613517686	42.194340899839673	64.168148032587894	94.060000000000002	68.390000000000001	56.920000000000002	0.064486626979698203	0.075172672012544947
0.76000000000000001	0.031889816845339966	0.76353475820408545	0.84383414270169632	0.92810838863952649	8.9770060796999473	44.479663472841452	69.277459023048507	8.9630530849123478	43.033522915471508	64.402871974080497	94.22999999999999	68.72999999999999	57.140000000000001	0.062979988820797833	0.074538672082643878
0.78000000000000003	0.020857621652434283	0.76407137045686802	0.84362888897187971	0.92745281090146514	8.7004505775711998	44.646493583697989	68.4403150404396	8.9554927963462667	43.897941686990762	64.674515934068523	94.030000000000001	68.740000000000009	57.520000000000003	0.061545267859263876	0.073922946022360672
0.80000000000000004	0.018834898066266183	0.76443019076923169	0.84351731077253533	0.9280989480131222	8.7267830369053776	45.266991288375181	68.773957147715933	8.7332843111626826	43.927571124326406	64.641371494687561	93.989999999999995	68.960000000000008	58.439999999999984	0.060177894684374608	0.073322682196298117
0.82000000000000006	0.04253416362047905	0.76459155402387047	0.84384011559433514	0.92817803101571461	8.6974626885724788	45.775360751984685	68.445428921312896	8.6372527379811892	43.599634423898792	63.245544561170313	93.930000000000007	69.080000000000013	58.979999999999997	0.05887306262562636	0.072735599932429743
0.83999999999999997	0.036847740305896	0.76468387447598807	0.84433914062176019	0.92872782150252708	8.7230773239803217	45.723152379928244	68.099953642138033	8.6225874395934738	43.388155764481802	63.101751827429112	93.879999999999995	68.599999999999994	59.38000000000001	0.057626591025989625	0.072164260726027746
0.85999999999999999	0.044127152082909182	0.76488639198251585	0.84416198549979193	0.92940243490878771	8.6619390647170764	45.854688931943159	66.843982193561118	8.6369911344251999	42.574491648531499	61.975808926497677	93.820000000000007	68.599999999999994	59.399999999999999	0.056434285851445741	0.071608236657737356
0.88	0.040808064587933346	0.76496940156429483	0.84460293721754276	0.92960972535961017	8.2816024374609007	45.684008393195462	66.081084220276793	8.6187381829029324	42.418238813818689	60.931673466760984	93.429999999999993	68.489999999999995	59.900000000000013	0.055292278977865927	0.071065708947125911
0.90000000000000002	0.016673178484203528	0.76495322902685092	0.84446376585945671	0.93081107670984298	8.1613609520192227	46.023472562392421	65.074749684768079	8.3873809962058292	43.061281427511162	60.0874647779806	93.25	68.790000000000006	60.220000000000006	0.05419815585118213	0.070537250291890327
0.92000000000000004	0.012659094347582034	0.76495532260672106	0.84427647812818241	0.93077058464330453	8.5574850273449066	46.0986356583239	64.546556884542099	8.3076009218381479	43.403559402362703	59.71771864809601	93.439999999999998	68.730000000000004	60.629999999999995	0.053148765755382688	0.070022291055005792
0.94000000000000006	0.033881361453826878	0.76517711479241945	0.843784885140616	0.93067138442833452	8.4851122497909461	46.390179356713318	63.697422120293481	8.4202687115294665	43.328705414114587	59.06445934561971	93.349999999999994	68.850000000000009	60.859999999999999	0.052141204555430712	0.069518472529878694
0.95999999999999996	0.026081287143757431	0.76518568453961555	0.84351590983104019	0.93065299966354953	8.3279263706279103	46.650901414182883	63.178534836020141	8.3782203859558706	43.436858163003357	58.414430757248304	93.150000000000006	68.810000000000002	61.329999999999998	0.051173376384052491	0.069027270085174827
0.97999999999999998	0.022358975673133098	0.76546513166806385	0.8431895971073935	0.92986447417029916	8.4109632842288402	46.529144388424498	62.858540884967127	8.2721382882705292	43.64194616249781	57.992693522894946	93.159999999999997	68.460000000000008	62.019999999999996	0.050243903208159114	0.068549459918108596
1.0	0.0076735114361260875	0.76562187658494052	0.8430436118957958	0.9293443407690869	8.260961712225841	46.686771163633921	62.276981493653082	8.1206173208669234	43.836533214661245	58.497643031382985	92.990000000000009	68.389999999999986	62.429999999999993	0.049349513223326799	0.068082801355835068
1.02	0.014968968111052207	0.76585465398319341	0.84237035045571351	0.92911095375441044	8.504616607410302	47.12999126168306	61.915943130663116	8.1043696194436201	44.399281657308144	58.418512997850556	93.150000000000006	68.679999999999993	62.870000000000005	0.048488879553711277	0.067625851716575675
1.04	0.021667369328047782	0.76595216601671834	0.8416315433885726	0.92862276120735543	8.319969509340428	48.129200262627691	61.814787060559368	8.2540057977881922	44.684201078027229	58.398260150238436	92.949999999999989	69.190000000000012	63.439999999999984	0.047659645311745893	0.06717588409101985
1.0600000000000001	0.037817047417341439	0.76599876454286275	0.84146752044407935	0.92894493154847491	8.4267560415680194	48.538815550457983	61.671901226313899	8.3478635884778161	45.166484817956857	58.355111245451745	92.97999999999999	69.489999999999995	63.760000000000005	0.04686005516690657	0.066733330003716035
1.0800000000000001	0.028052353519017397	0.76610019961131792	0.84108234905805923	0.92904688430966453	8.4683458956258342	48.040326936098595	60.854377872970211	8.3399874615800744	45.48172257771558	57.898263326213225	92.930000000000007	69.230000000000004	63.890000000000008	0.046088525633289482	0.066300016938557832
1.1000000000000001	0.029756522238963058	0.76633902218914618	0.84074481917305732	0.92967011379753739	8.5166800833522505	48.036718087202516	60.339630143561656	8.3295360353485783	45.391639608810046	57.248370890259267	92.840000000000003	69.260000000000005	64.200000000000003	0.04534342331701699	0.065874164340163716
1.1200000000000001	0.034724446294035642	0.76651020401988013	0.84022071056690228	0.93102308754071283	8.4961145292797244	47.835579324411519	60.418771300423302	8.1710430086434851	45.567514186647585	57.231528939396057	92.730000000000018	69.069999999999993	64.700000000000017	0.044623583049186101	0.06545590384590852
1.1400000000000001	0.019940093108410533	0.76651378029343964	0.83982030246317207	0.93203601074451792	8.5199209859942187	48.518562804873859	59.60904145623492	8.2271273174950501	45.634579813267557	56.809268264983487	92.680000000000007	69.390000000000001	64.669999999999987	0.043927120958774983	0.065045397435515948
1.1599999999999999	0.025888610608042862	0.76630576596262312	0.83911636842301862	0.9331578557574518	8.5491056088286612	49.196080062439563	59.619758989610567	8.2782619533168571	45.531664235805415	56.190767450367922	92.640000000000001	69.710000000000008	65.109999999999985	0.043253447427999518	0.064643343621462346
1.1799999999999999	0.054598144415150908	0.76594982058792149	0.83823784853653538	0.93390579531385021	8.4150319715773687	49.142473631300362	59.169793713105477	8.1300868688741144	45.576119773802958	55.759260135405043	92.429999999999993	69.680000000000007	65.210000000000008	0.042601863621313858	0.064247457540381636
1.2	0.032010569294530479	0.76540819497420021	0.8376412682583817	0.93463202263611778	8.5560953987934543	48.633529781779437	58.626066641591592	8.0814344747641247	45.389605825235392	55.522390640203852	92.480000000000004	69.430000000000007	65.219999999999999	0.041970739704066853	0.063859697245159608
1.22	0.061763258825497734	0.76514437707360117	0.83704028362483096	0.93491015221086882	8.5008391696352295	48.346612874793166	58.193600798366084	7.9813486067871722	45.345711837185988	54.890067069889326	92.390000000000001	69.27000000000001	65.340000000000003	0.041358723710047701	0.063480852008769184
1.24	0.050969295806959268	0.76494046951091144	0.83661416580724368	0.93432742108125311	8.3669453536100651	48.717404221000706	58.328621799388529	8.0587117477077008	45.440510387376108	54.594552841119892	92.22999999999999	69.469999999999999	65.63000000000001	0.040765601523394153	0.063111594620851835
1.26	0.052390214933349562	0.76488177121795153	0.83480554909670057	0.93392651893403544	8.3631733334906979	48.285817824181478	58.404058834783484	8.0507124559344696	45.83146459171909	54.21419783608237	92.159999999999997	69.100000000000009	65.799999999999997	0.040190530781432518	0.062750546300963772
1.28	0.059749565865740296	0.76494100769665885	0.83232274002788065	0.9331672530543631	8.4407861742821595	48.660235302117449	58.139642657829519	8.0523484166113821	45.75849626563307	53.691434516600737	92.120000000000005	69.219999999999999	65.920000000000016	0.039632439349628401	0.062395404440411625
1.3	0.029127636743710297	0.76489057133243998	0.82981655429437695	0.93183921315775731	8.4025757862017851	48.585807272371696	57.981041752849649	8.0490492680614079	45.741364194557832	53.879466330616381	91.950000000000003	69.13000000000001	66.200000000000003	0.039090662294786901	0.062047219960573732
1.3200000000000001	0.042949791407649617	0.76468527401051489	0.82830759388546338	0.93123715648888905	8.3041843164217131	49.354536745976979	57.425998424611713	8.0293987470040857	45.548539893430046	53.718653608624471	91.780000000000001	69.570000000000007	66.419999999999987	0.038564980393977301	0.061706603769557167
1.3400000000000001	0.064728104967282749	0.76407291548712331	0.82678382711227383	0.93025018592154329	8.4265461486968629	48.956469662667693	56.958937179475484	8.04721037087646	45.904252520451976	53.620783818019163	91.829999999999998	69.329999999999998	66.570000000000007	0.038054613386177182	0.061373490155085329
1.3600000000000001	0.032334995890418841	0.76332886390630517	0.82532462159808695	0.92941945833426787	8.4481842059778938	48.873828524233659	56.650957274763769	8.0806861324102677	46.38597116695292	53.916034867131728	91.719999999999999	69.359999999999985	66.659999999999997	0.037558575305683614	0.061046801129403659
1.3800000000000001	0.070520325492177849	0.76296900545989954	0.82449445504869634	0.92936028963614348	8.6301954769402638	49.385787725148262	56.292394288990828	8.0952160310559709	46.221548606946314	54.162383476027252	91.789999999999992	69.670000000000016	66.700000000000003	0.037076169318870464	0.060726959613150222
1.4000000000000001	0.058644419884448379	0.76329190433856842	0.82535037070780448	0.92911292141607793	8.6656216163385107	49.240590387991901	56.067898656298894	8.0502665545451375	45.996345723383143	54.132380800607656	91.710000000000008	69.659999999999997	66.920000000000016	0.036607018545252216	0.060416232073088182
1.4199999999999999	0.076922220089846338	0.7638917470348553	0.82548678492839644	0.92815434411018172	8.4827156548807512	48.961815679181683	56.348810495932071	8.0753123634950477	46.12016122606893	53.831936057058464	91.420000000000002	69.450000000000003	67.179999999999993	0.036150625381852063	0.060113237056054848
1.4399999999999999	0.080590771421912177	0.76431137742426747	0.82368209096019795	0.92772662645193971	8.4021449864301125	49.332272987971209	56.455819839544858	8.2336920497029773	46.342754079585582	53.500799921009104	91.280000000000001	69.560000000000002	67.359999999999985	0.035706536736277009	0.059818298037033937
1.46	0.080395819212303057	0.76470880339051051	0.82132499533338998	0.92756532856963358	8.6349955094380668	49.697690199557698	56.312205095090533	8.2681784531830367	46.563316731216652	53.285366496657012	91.390000000000015	69.700000000000003	67.409999999999997	0.035274199164910688	0.059527881764440148
1.48	0.09683454874030506	0.76494580474711349	0.82007192214678049	0.92709452380306989	8.5381582746034645	49.968747792531978	56.336714267001319	8.1883790290150564	46.738402135073912	53.247000225270575	91.159999999999997	69.819999999999993	67.579999999999998	0.034853199125092243	0.059243443556925256
1.5	0.085773011720469527	0.76476889808100612	0.82007510399004546	0.92716776670298562	8.5417170426816487	49.566374165976711	56.013728801958756	8.2042598311196109	46.823166762701412	52.966761888457185	91.109999999999999	69.489999999999981	67.560000000000016	0.03444266023524413	0.058964786766283597
1.52	0.089049919288430313	0.76445666224268882	0.82132533934492025	0.92680605348677592	8.5835486801715621	49.566943850827037	55.193957617274158	8.3168429700905548	46.548004674490109	52.629771494041208	91.109999999999999	69.469999999999999	67.239999999999981	0.034042216397895189	0.058692134772944902
1.54	0.09049373483462092	0.76415709794534181	0.8211135971444119	0.92561629249112531	8.557211374302879	49.840283830970613	55.02243273480925	8.3511680302100721	46.159327600662394	52.369435632028512	91.060000000000002	69.469999999999999	67.510000000000019	0.03365192755258907	0.058425037973660755
1.5600000000000001	0.083289844119768711	0.76393281148652226	0.81941131827013547	0.92369815789257037	8.4612393606905858	50.029724382133679	54.584839897428267	8.3805708467952194	46.084375216419588	51.95771279393383	90.969999999999999	69.420000000000002	67.719999999999999	0.033271044066294921	0.058162095130825785
1.5800000000000001	0.10231518620698692	0.76408379012646999	0.8179997233550067	0.92058438750504323	8.4948758174104757	49.767567359249703	53.967366987688365	8.1374172926368757	46.360640322524922	51.826006531274082	90.940000000000026	69.22999999999999	67.659999999999997	0.032898993620581241	0.057898632653654566
1.6000000000000001	0.086311836645935419	0.76410024558540512	0.8178821696934474	0.91840698188950276	8.2871130111409865	50.342744960303904	54.158795882577238	7.9720270211706872	46.617397700371242	51.75732845188918	90.689999999999998	69.659999999999997	67.77000000000001	0.032535595219585094	0.057636437802183596
1.6200000000000001	0.099622085236345539	0.76381781031457252	0.81874775355002316	0.9166408554446569	8.4204176909813189	49.788732703908124	54.339344638720114	7.8305628976114381	46.626228203565176	51.458567176358187	90.780000000000001	69.390000000000015	67.810000000000016	0.032180632039283279	0.057378877253773643
1.6400000000000001	0.10823356988356715	0.76355092474767339	0.81874101977185487	0.91378822569302343	8.5709727940190064	50.56398687533644	53.71058705546303	7.7739055075343515	46.535579946667113	51.398174389255644	90.879999999999995	69.809999999999988	67.460000000000008	0.031833641198919842	0.057124310117736644
1.6600000000000001	0.14761896619772624	0.76380844197385878	0.81734681684597121	0.91153734674167042	8.5726201771204984	50.440449897431506	54.531547368583482	7.8306928488494831	46.740556904262711	51.375263863169963	90.850000000000009	69.700000000000017	67.820000000000007	0.031494592038379621	0.05687256463860911
1.6799999999999999	0.11931073688485422	0.76369794969248272	0.81434177724167434	0.9096535004049684	8.4881363645489323	50.26869030588017	54.761371722279435	7.8012145816061507	46.543694321477119	51.245771046796349	90.790000000000006	69.61999999999999	67.859999999999999	0.031164116576541771	0.056626448926672325
1.7	0.11567099601063519	0.76346627823318602	0.8142080184124515	0.90798022597104089	8.3991724439221596	49.983907095252071	55.12920986020481	7.8123515221060718	46.569403882651827	51.649662159498995	90.630000000000024	69.47999999999999	68.069999999999993	0.030841739902038184	0.056382253779096461
1.72	0.13112910461934438	0.76336015660360568	0.80888659722343736	0.90621399504961797	8.4143556782629645	50.531719940570611	55.123186787217548	7.8524719592079943	46.81649079326894	51.9596891530039	90.599999999999994	69.749999999999986	68.02000000000001	0.030527289111262963	0.056139591462069795
1.74	0.15046126370199372	0.76321112104613453	0.80364801434235633	0.9026438469204221	8.2194528211033795	50.561929144233559	55.239580550947139	7.8915143723347398	46.87844668342548	52.077873921327829	90.329999999999998	69.760000000000005	68.359999999999999	0.030219717476086722	0.055900251673622538
1.76	0.13858556516621737	0.76283165224624572	0.79819552045083897	0.90015123461383961	8.3301112942261888	50.814988697010236	54.55934703301606	7.8870983081685093	47.128535155515259	52.269764091474769	90.409999999999997	69.890000000000015	68.090000000000003	0.029919233805355227	0.055668624247116494
1.78	0.14642878066351478	0.7626275866076242	0.7938922496581069	0.89922672562147132	8.3142485244343369	51.057809420319757	54.135044224248439	7.848185605210924	47.097182687066351	51.882732717447723	90.370000000000005	70.019999999999996	68.039999999999992	0.029625096936864593	0.055442026260194663
1.8	0.16092261904889271	0.76232313109458549	0.79033785716914151	0.89771419512591721	8.1551467582872768	50.77077746002773	53.007797037155299	7.7785941453412137	47.137989296313158	51.542255829989266	90.159999999999997	69.969999999999999	67.579999999999998	0.029337174352297556	0.055219663583340961
1.8200000000000001	0.17199675064729622	0.76148986675216246	0.78657804343360982	0.89445208885095995	8.0406405242321668	49.61196029989307	53.599918620747147	7.7335638529398212	47.092846280881687	51.462089486777948	89.989999999999995	69.399999999999991	68.0	0.029055285651434466	0.055001535826937051
1.8400000000000001	0.17096869162500752	0.76047378935873999	0.78208583104011575	0.88920418164730697	8.140296412087686	50.07468689372994	53.80170602748607	7.7993556326208919	47.124665290774566	51.477154491652094	90.080000000000013	69.780000000000001	68.159999999999997	0.028778665314923253	0.054785582360328967
1.8600000000000001	0.17728830514942845	0.75831733172345017	0.78162940452271901	0.87906531304011826	8.3070594860093543	49.712164235844483	53.915400592860486	7.8877600453223078	47.142033812844026	51.842452985913056	90.109999999999985	69.650000000000006	68.330000000000013	0.028507447848058136	0.054572038148263502
1.8800000000000001	0.18802260364105425	0.76077796824330712	0.78737172574827796	0.90404094756115116	8.4141014384867052	50.877543473241126	53.792498623985615	8.1455183591389826	47.0393234328494	52.185171082692158	90.140000000000001	70.25	68.109999999999999	0.028244028263925625	0.054571735494943006
1.9000000000000001	0.15243608287456928	0.76070250425248176	0.78908852200972124	0.90381686648167814	8.4352797267804327	50.564046902218223	53.798476851996142	8.0959989669268548	46.951403188824784	51.761950463607079	90.060000000000002	70.159999999999997	68.559999999999988	0.027983246365425717	0.054358690656045539
1.9199999999999999	0.14302461891580698	0.76006912448720931	0.78804984861321736	0.9049830333322062	8.4649280120244157	50.520070755197295	53.041595502248242	8.1546526044271754	46.662905140718728	51.307731423035214	90.019999999999996	70.230000000000004	68.329999999999998	0.027726397239384405	0.054156838422993139
1.9399999999999999	0.2533682266286611	0.75989108275522077	0.78695980775141472	0.90531381687551149	8.2220130407245335	49.782704486992387	52.968806014184317	8.2245736098791085	46.264751271317252	51.222326541757035	89.669999999999987	69.919999999999987	68.560000000000016	0.027475313384663757	0.053963347755423906
1.96	0.17255491995765379	0.75944942883631361	0.78444372389485484	0.9086818398229779	8.1476234326649113	49.775812996553057	53.376746137617033	8.0987599010681119	46.198628408882826	51.323445787089781	89.510000000000005	69.909999999999997	68.969999999999999	0.027228843182452927	0.053772628928653719
1.98	0.1663847336284128	0.75892189704533408	0.78356085863264957	0.90745004436735854	8.1120068845644084	50.263087585889288	52.815032619983768	8.033733858389267	46.133125790990725	51.326267116021313	89.420000000000016	70.209999999999994	68.929999999999993	0.026988048751149445	0.053591622384397783
2.0	0.21061196717778943	0.7584693649011538	0.78217594300623772	0.90346045206279635	8.1274590770821611	50.466091481524941	53.1523434500793	7.9938144887584901	46.099155077581749	51.176372411593121	89.349999999999994	70.359999999999999	69.219999999999999	0.026752250515713283	0.053412087530685604
2.02	0.18996932343213391	0.7565346462253516	0.7811877524926073	0.89863113377375681	8.076507312402029	49.73647527190839	53.02103284438283	8.1021398071389363	45.868062338911741	50.400478986410306	89.140000000000015	70.070000000000007	69.190000000000012	0.026521285384600753	0.053228475763200965
2.04	0.24720420532826543	0.75423960941861123	0.77726311705633622	0.89249703020725835	8.3230538617292567	50.423773207874085	52.658984639812196	8.119049098212912	46.028467419173822	50.512340133620874	89.349999999999994	70.469999999999999	69.010000000000005	0.026293269856171763	0.053037767667016858
2.0600000000000001	0.22682503682200822	0.75150331131844106	0.76472461551681881	0.88393530160975486	8.268993625320288	50.763253745738588	53.429245549472817	8.0117128454065192	45.863399749279623	50.648894224906165	89.150000000000006	70.710000000000008	69.210000000000008	0.026069942105901404	0.052837598265826971
2.0800000000000001	0.1747480648804822	0.74754663137564159	0.74464714955039235	0.87434305641303101	8.1891434617310388	50.908371799513596	53.730281509569259	7.9875008943487895	45.568140678673238	50.576033705577302	88.999999999999986	70.909999999999997	69.289999999999992	0.025852472839647034	0.05266490829867141
2.1000000000000001	0.28419286141915151	0.74882365099937653	0.74555393495281286	0.87641263031885919	8.1388012809987611	50.093637311383816	53.416714344725257	7.9244323991936172	45.137341533465836	50.461153985056967	88.960000000000008	70.460000000000008	69.0	0.025638781450571902	0.052491087086309819
2.1200000000000001	0.22685508936427257	0.752821232470962	0.74133746545207957	0.87742623757507288	8.0258416359608624	50.005371929709057	53.005925457164196	7.8674744463899176	45.036685332832931	49.975419537927216	88.769999999999996	70.489999999999995	68.820000000000007	0.025427649821803372	0.052327644523713843
2.1400000000000001	0.24149958340423508	0.74317211461484156	0.73924702190375913	0.88732912656482976	8.0628765234173816	49.462015957704111	52.770131011715556	7.9076651544256604	44.538249479123962	49.382017240513242	88.829999999999998	70.309999999999988	68.730000000000004	0.025221533529927141	0.052139022095482844
2.1600000000000001	0.25112279064108861	0.74192862788420144	0.71742380360860936	0.88701049235544827	8.1170931332558744	49.056790919528488	52.620191655361012	7.8766712914807657	44.221081532886473	48.944251247830373	88.759999999999991	70.219999999999999	69.0	0.02502026279216895	0.05197232494984666
2.1800000000000002	0.26386395370060522	0.74652950380905547	0.72078884345788441	0.88249596678872066	8.4171580723048525	49.032214292817748	52.792000292242847	7.9771976815120977	43.815139511314989	48.841328297909726	89.070000000000007	70.289999999999992	69.239999999999995	0.024820135823188247	0.05204693315593998
2.2000000000000002	0.32447077647736455	0.74311817503836652	0.73119184742593624	0.88086322631880021	8.0912424243130481	48.585260906763963	52.454392294542046	7.9809106494362725	43.373593740644658	48.68060817683282	88.549999999999983	70.099999999999994	69.0	0.024626360817076521	0.051919806464630514
2.2200000000000002	0.27768948383996944	0.74261014274081194	0.73364923401318305	0.87605666359428658	7.8964326876536788	47.807207516256518	52.216568076363146	7.9823104936590479	43.559707768494299	48.652299735859771	88.140000000000001	69.639999999999986	68.680000000000007	0.024436734663657873	0.051817727520766445
2.2400000000000002	0.27732323412865317	0.74322020307797509	0.73740144168573518	0.87460203288164906	8.013172498222179	48.216392950680032	51.96676558451346	8.0323627153665509	44.049342719026335	48.503150950340107	88.330000000000013	70.039999999999992	68.629999999999995	0.024249389437587497	0.051685212360925048
2.2600000000000002	0.25813564080257406	0.7413788242912861	0.7462993991765946	0.88181901122106721	7.8849588138585371	48.106681175958769	52.516533531612879	7.9093497941058457	43.838343970234952	48.462171751030134	88.13000000000001	70.27000000000001	68.989999999999995	0.024064250862987135	0.051548320921763938
2.2800000000000002	0.33882298981689712	0.74016509506957928	0.75013673384748325	0.87853594582710048	7.9988039168759828	48.079307915158054	52.910687315849295	7.8405359747672936	43.953348398836361	48.455395037175819	88.299999999999997	70.609999999999985	69.569999999999993	0.023881923813268837	0.05141414379572834
2.3000000000000003	0.28115347918356626	0.7353657846485655	0.70465413004954447	0.86869255017315372	7.9224620559156715	47.9831743389054	52.934182382088316	7.8260331595340675	43.88265446938054	48.511002950055499	88.22999999999999	70.560000000000002	69.490000000000009	0.023703967842075221	0.051265093220460557
2.3199999999999998	0.3608617681207113	0.73345676447374053	0.68527907709953906	0.86172812863258552	7.9023934628136798	47.999373973787577	52.748779432992954	7.8105757687962738	43.886820215282526	48.107707638563625	88.149999999999991	70.629999999999995	69.440000000000012	0.023528143764998788	0.051117354214212797
2.3399999999999999	0.3130162701433874	0.73262827879144765	0.68659793294375038	0.85617610833228408	7.9520215795885862	47.608909994134805	52.490684865226839	7.7934439198683165	44.098370005872994	48.505579485310719	88.22999999999999	70.389999999999986	69.409999999999997	0.023354640345536599	0.050996438494791421
2.3599999999999999	0.31071155681427309	0.73200349096130846	0.68177223268049481	0.85537749052814127	7.6835713031077741	48.314998317363354	52.543994107825448	7.6463237998140681	44.233654768352814	48.67985278404349	87.75	70.620000000000005	69.450000000000003	0.023181508251677953	0.050852612835977806
2.3799999999999999	0.35643828032957431	0.72915797748003341	0.67687279117289767	0.85425595708238244	7.7776097893106337	48.420977355226107	53.209014640563169	7.6955996458238642	44.522837002415955	49.131397364645153	87.909999999999997	70.650000000000006	69.469999999999999	0.023014722654647161	0.050704732047894982
2.3999999999999999	0.2949020270129169	0.72568176307084542	0.65969186671669866	0.83522707076925362	7.7090890702537394	49.228443707357876	53.870769489046964	7.7801534180411362	44.463581072548187	49.164630778488288	87.679999999999993	70.940000000000012	69.799999999999983	0.022851897467739555	0.050570787583043675
2.4199999999999999	0.29019672739889579	0.72588639194644566	0.67156100774355232	0.83120529459654846	7.734513041139623	48.621008116797036	53.224600224910354	7.6428854510175892	44.386547650317866	49.207470910060294	87.590000000000003	70.719999999999999	69.659999999999997	0.022692409832537286	0.050440278656275261
2.4399999999999999	0.33324835514855344	0.72473152637554916	0.6668862143456471	0.83176875356634683	7.6490102965169147	48.248090330184695	53.75538518855565	7.4775804133755512	43.874658248248601	48.75327500031603	87.429999999999993	70.659999999999997	70.159999999999997	0.022534362089015169	0.050276449893695528
2.46	0.3674356074404389	0.72117113544731548	0.67531706966671545	0.8396430862930917	7.526992304108691	48.217539140008157	53.098573101603357	7.4803172951712185	43.500889702284248	48.575542231107178	87.090000000000003	70.670000000000002	69.77000000000001	0.022376014254737803	0.05016218859486847
2.48	0.36840965913362256	0.71885793335065329	0.67485395318812591	0.80935213746669277	7.6989783925471	47.903185170005322	53.544365859419869	7.418931775355472	43.370069303809593	48.450475143343553	87.340000000000003	70.640000000000001	69.929999999999993	0.022220907058609678	0.050034268893798792
2.5	0.34027042956826203	0.71472038578540042	0.67144150202364594	0.79362587358759729	7.5810734477306667	47.631455651968672	53.145585875348409	7.2627436182685559	43.337926628906764	48.056762898749902	87.039999999999992	70.519999999999996	69.890000000000001	0.022069106081656797	0.049921319088603741
2.52	0.3437202430472297	0.71415085611963192	0.6690684658921533	0.81088005546407305	7.6092059039416782	47.817650459109515	52.631679785017354	7.3367556588738578	43.128894515311046	47.613107129131947	87.010000000000005	70.459999999999994	69.620000000000005	0.02191735962862746	0.049792556530050595
2.54	0.34334193727867207	0.71466946017775546	0.67310266099355298	0.81010193844255896	7.6335351038462518	48.011589476259473	52.873291856752282	7.2204732513832592	43.388906142972374	47.698696930710703	86.929999999999993	70.459999999999994	69.659999999999997	0.021772460667002832	0.049609300246139999
2.5600000000000001	0.47770443553774916	0.71982011536478185	0.69739185974923701	0.79592309287999774	7.5731519262106648	48.203357564121511	52.425856338977134	7.1601319223881799	43.265390125804778	47.009165477643229	86.789999999999992	70.549999999999997	69.460000000000008	0.021628137815779457	0.049494804823476762
2.5800000000000001	0.34788355677457061	0.71635879774590727	0.67759977870007559	0.77656376251462489	7.6363103479415582	47.992838386845271	52.511467159477284	7.2556032021091941	43.418915177280596	46.690981527223975	86.829999999999998	70.5	69.510000000000005	0.021484501678128709	0.049382654003721195
2.6000000000000001	0.42381996093171048	0.70279439870513238	0.65353408342549968	0.75199083019223467	7.8885603500827397	48.02416197978097	52.473328650476923	7.3165644765529816	43.626408130793109	46.957404957046194	86.97999999999999	70.370000000000005	69.579999999999998	0.021347114365620506	0.049255672628863476
2.6200000000000001	0.39347056078497128	0.67338327194323888	0.6130687731051967	0.73717598055019473	7.7915943599036215	48.071437330828068	51.255393206406893	7.3115154344542219	43.226223111167634	46.386172416845241	86.769999999999996	70.469999999999999	69.189999999999984	0.021211301273184074	0.04894778732603286
2.6400000000000001	0.39874819563037539	0.67891862420200144	0.58694929221905545	0.70488430372772259	7.6016548545925788	47.44620883008195	51.121030267070836	7.255613495880139	42.809503875951258	45.609897070743919	86.430000000000007	70.089999999999989	69.02000000000001	0.021086946325790869	0.048542558867511111
2.6600000000000001	0.34722625778577881	0.66068681993590739	0.59196362816080317	0.70734028973342267	7.747774568593579	47.492484545364938	51.161663147803594	7.4675364390291303	43.205457367945556	46.806146783334064	86.539999999999992	69.999999999999986	68.77000000000001	0.020980937635245524	0.048458307552589078
2.6800000000000002	0.46312072055661796	0.66103421526504591	0.54914659582148784	0.69449469177982259	7.6217847366848019	47.66028442614892	51.86748343331616	7.4170210279240321	42.870600413589777	46.992170369143167	86.400000000000006	70.189999999999984	69.069999999999993	0.020847870816199952	0.04813909519271143
2.7000000000000002	0.47632162367787401	0.64968201389165769	0.52612885199325532	0.66485558939957656	7.6647077076986747	47.55218902215546	51.619674638693013	7.4083539014179225	42.172489630122584	47.087189204985016	86.289999999999992	69.910000000000011	69.009999999999991	0.020725068787147354	0.047857041573068256
2.7200000000000002	0.4918771467191751	0.66435436933720748	0.52899241772321948	0.65104914515268453	7.398720829902234	48.009557940473357	51.833916681221375	7.2620602671921217	41.726843563978612	46.949504030225611	85.88000000000001	70.269999999999996	68.740000000000009	0.02059733400849249	0.047788388725090447
2.7400000000000002	0.41808473146774305	0.64602894357292284	0.4987426186603553	0.64358741414240872	7.3739479851247509	47.473940351079101	51.968245384599278	7.1881076825991146	41.728702005840645	47.327902088017282	85.47999999999999	69.640000000000001	69.070000000000007	0.020455712731297947	0.047556667528921057
2.7600000000000002	0.47321521750995971	0.63706920823000823	0.49974194870175914	0.67110625728620188	7.3731459535334007	47.347466619977183	51.837666600250955	7.2152394519631544	41.848316801205662	47.174343571174006	85.47999999999999	69.599999999999994	69.129999999999995	0.020329121009423405	0.047431464423406275
2.7800000000000002	0.38679966932173182	0.6577288473727807	0.53010813227558462	0.65590512370140441	7.4465463420835318	47.079597202385379	50.852012132398116	7.0181795224883672	41.190933208657825	45.753681849110379	85.469999999999999	69.349999999999994	68.5	0.020206172125538355	0.047357838992269773
2.8000000000000003	0.54677308885409959	0.67227802886374666	0.52741539878354737	0.65427518188720657	7.5515000742384526	46.721895281784683	50.505128462351202	6.8326870297176638	40.877690841766047	45.609154980319424	85.809999999999988	69.340000000000003	68.609999999999985	0.020105478157913619	0.047100455729936277
2.8199999999999998	0.55628409965481673	0.62480390381515849	0.44904297597601139	0.59936281232032596	7.5198637478850712	47.323945612255997	50.247538717187936	6.9230061678142771	40.836416858900506	46.000203487635495	85.539999999999992	69.639999999999986	68.599999999999994	0.019977466133222835	0.046699788264691407
2.8399999999999999	0.45991915360192193	0.62777789174615128	0.46337132208305859	0.61548585251900256	7.4542772871831868	47.225973517760508	50.721892167575035	6.8850585701491678	41.084555328391666	45.74343713435205	85.240000000000009	69.350000000000009	68.930000000000007	0.019861655277323108	0.046805614084235635
2.8599999999999999	0.64766784919602882	0.64527819117136898	0.49410821223641516	0.64325791508754593	7.3824475792880664	47.210782792312273	50.699345414458179	6.7807151046934617	41.117845159352967	46.51806946282516	85.25	69.259999999999991	68.77000000000001	0.019737920373493551	0.046969016135253561
2.8799999999999999	0.42787889698936665	0.64619912736153151	0.47795959257111065	0.63428086616839729	7.3632223857878305	47.274090660373083	50.327256928687987	6.7741439436853117	41.172082603889052	46.730825446378674	85.170000000000002	69.510000000000005	68.72999999999999	0.019633779999815082	0.046786277716204673
2.8999999999999999	0.55387515890484662	0.65259669220535055	0.46437800010098434	0.6158860753186256	7.2685393878308657	46.880313383436658	50.772305700872074	6.7274608409337135	41.953745243913843	46.91253432102733	85.190000000000012	69.27000000000001	69.239999999999995	0.019508058052027866	0.046436055011787825
2.9199999999999999	0.46330115591267079	0.65465658654429981	0.47478462329494048	0.60348470880196448	7.2959541131364318	46.640474048748622	50.659933527594831	6.6815525864950329	41.093561945995553	46.394087753405834	85.260000000000005	69.120000000000005	68.349999999999994	0.019394276407999525	0.046502526423063004
2.9399999999999999	0.43221067444781847	0.63335866289979559	0.48965174579831672	0.61311948804873451	7.1389112042653169	46.692837802338353	50.725744043687946	6.7509897671817516	41.415835110550738	46.8317435236834	85.090000000000003	69.240000000000009	68.52000000000001	0.019308420139726255	0.046113208189880614
2.96	0.46867811622880834	0.64800888039122329	0.47642524845583845	0.62168693056894064	7.2200913156945798	45.435060222950113	49.981166731301684	6.7308209960748737	41.102690780780264	45.552131082449691	84.97999999999999	68.730000000000018	68.300000000000011	0.019161785089087016	0.046183607321810954
2.98	0.60787934842012303	0.60462952949326432	0.43810070220330283	0.55899986712722183	7.2099063838739541	45.974964202621642	49.763933980541438	6.8170494976068268	40.649630052431597	44.853651778636539	84.799999999999983	69.060000000000002	68.429999999999993	0.019087917605679895	0.045280823851432887
3.0	0.64316501736459941	0.59374304818763712	0.372511131343986	0.4798410217684454	7.1231806506863347	45.290847777459206	49.334610001539545	6.6985602829840918	40.714617969917285	44.4899334545957	84.469999999999999	68.820000000000007	68.140000000000015	0.018962424274640972	0.045133079280364106
3.02	0.53531275252096855	0.62183144615737818	0.41714942267211735	0.55693150071033348	7.1948452330573591	45.030029538344827	50.049885156706914	6.5286569599313538	40.338688748809368	44.759162449004201	84.719999999999999	69.200000000000017	68.209999999999994	0.018862189082259236	0.045596336662730393
3.04	0.54095410528089682	0.594766431140901	0.37065371994976543	0.50957341885117002	7.1400160358215645	45.248060638014756	50.1427491134001	6.6055845443125545	41.115264271098191	45.85230761984824	84.939999999999984	69.510000000000005	68.560000000000016	0.018738359137626989	0.04524933771553849
3.0600000000000001	0.59287078220883427	0.59263453725002058	0.36406754900316168	0.46923634605922587	7.3901682087569665	45.624175401979379	50.690565178226947	6.6041634855503446	41.659884924224308	45.497255751873332	85.429999999999993	69.530000000000001	69.210000000000008	0.01867342120731497	0.04492181723299761
3.0800000000000001	0.81113651871964398	0.58699274193628059	0.34822143580640308	0.50451036479165945	7.0330612149202398	45.817310778230024	50.283736980962573	6.3305402580749579	41.600577054132565	45.266447502811964	84.530000000000001	69.140000000000015	68.689999999999998	0.018563224493412373	0.044753640048005125
3.1000000000000001	0.61573683264430379	0.54593281231040713	0.3441056456130816	0.50155220172450909	6.9771801461981351	45.116408731458989	48.759752615919432	6.150183781436712	40.756492963468197	44.260760633049735	84.579999999999998	68.879999999999995	68.20999999999998	0.018459239069016524	0.044091739493148027
3.1200000000000001	0.59767857927183177	0.60056897763529427	0.34577967256194697	0.5131362681364956	7.0426888152335438	45.080310734085614	48.263367620408872	6.2276285128043352	40.550414026591959	44.316145871843297	84.409999999999997	69.140000000000001	68.290000000000006	0.018376841755946262	0.044599163192569242
3.1400000000000001	0.48644380767398682	0.57513799274263155	0.35638069916871601	0.53781645948279422	7.1583645499001465	45.225707402113478	48.096907666503917	6.4267720131424806	40.211769041596639	42.903439721124599	84.249999999999986	68.659999999999997	67.609999999999985	0.018262586031212155	0.044139978265559321
3.1600000000000001	0.58295524285851419	0.51286268660866097	0.27514803693770701	0.47469724569749028	7.0898398819539228	45.142176020032217	48.537858624416586	6.5384425700863744	40.6252087211682	43.07612433148195	84.200000000000003	68.789999999999992	68.150000000000006	0.018166512283305045	0.043337023229717532
3.1800000000000002	0.76334280047103598	0.57143027068712793	0.35822720365988769	0.50837078021914384	6.9534056763564083	45.175730939645447	48.054900143204897	6.4727494772404581	40.497548131149159	43.332266042314025	83.780000000000001	69.019999999999996	68.269999999999996	0.018052562413265864	0.043614925936245927
3.2000000000000002	0.63363879190653705	0.56042172157728865	0.32489960002117763	0.51092560696184353	6.886515187125184	44.791514720561892	47.963765292268384	6.3822721971915417	40.003260910038648	42.060471453959067	83.960000000000008	68.890000000000001	67.760000000000005	0.017961164966574537	0.043477168664704455
3.2200000000000002	0.67342711294348045	0.49845515120037581	0.2908892222774529	0.42309737293897315	6.8385729826996053	44.114222573817031	46.499565815509399	6.2631431178717794	39.565559235135794	41.718896959353572	84.159999999999997	68.690000000000012	68.0	0.017890741760734095	0.042418747742811562
3.2400000000000002	0.69736370286066052	0.50378348872444989	0.26981470581635536	0.49252508985100085	6.74980148085195	44.519951815514148	46.764501534187261	6.1369751517063804	39.521115841270571	41.438647495347404	84.060000000000002	68.650000000000006	68.110000000000014	0.017793906981600143	0.042341723607900519
3.2600000000000002	0.72848059717179359	0.50854405956064175	0.29903929531519452	0.46010631371794652	6.8351050982134067	44.555607186367915	47.429870192236322	6.2647689743933253	39.158766345473751	42.030208984755625	83.879999999999995	68.760000000000005	67.77000000000001	0.0176918930938883	0.042260275444124952
3.2800000000000002	0.77351593892141723	0.45881940882213845	0.21237972724254278	0.32644295721436667	6.8379001053849775	43.802507655178175	46.255488958920495	6.2403187139344656	38.499149023414049	41.175517382732217	83.859999999999999	68.549999999999997	67.590000000000003	0.017613151862080872	0.041887765073206969
3.3000000000000003	0.71281901745260234	0.50551341032385033	0.30945720990422942	0.46043298304569635	6.73277129241644	43.734346910218306	46.380297128436482	6.1983091158333758	39.080700470665462	41.015022169366389	83.290000000000006	68.52000000000001	67.820000000000007	0.017526137681686062	0.042124292877401368
3.3200000000000003	0.76387618762387921	0.49608488872439549	0.28688729214536413	0.45586793364063671	6.8183572166683799	44.112385517812022	47.523079991891123	6.3019588715716885	39.677179192340226	42.078450080173425	83.959999999999994	68.560000000000002	67.709999999999994	0.017416112464103805	0.042468503059224234
3.3399999999999999	0.85776795200779299	0.47566674105752149	0.24491449381339359	0.35682252899697503	7.0357394689517516	44.653281769764547	47.209093499090088	6.5266049334231155	39.721210346957434	41.876790409283423	83.659999999999997	68.390000000000015	67.609999999999999	0.017332150854441182	0.040765329500254188
3.3599999999999999	0.7445266724449956	0.50481929990578034	0.2846916201025268	0.42818241059978257	6.6936851193894027	43.68426298591298	47.104759694539403	6.3411098592436499	39.303180208971483	42.341032684813847	83.109999999999985	67.430000000000007	66.909999999999997	0.017255941808547726	0.041548138573565783
3.3799999999999999	0.79819763347960848	0.53289729205878633	0.30842911438725618	0.40972449084200313	6.8520197881116758	44.109808842363648	47.637780679622402	6.5632891053328262	40.091429989914516	42.371752447567189	83.11999999999999	67.469999999999999	66.799999999999997	0.017185331084872774	0.041848774416381775
3.3999999999999999	0.84912424851265944	0.5017205106370809	0.27882508210764634	0.37947661742399447	6.7489880015572767	43.193816682772074	46.217752358128308	6.4555194485756386	38.998188127304076	40.788928147406665	83.090000000000003	67.340000000000003	66.02000000000001	0.017103930634537835	0.041033266688626793
3.4199999999999999	0.74870775540989376	0.36787550735112245	0.14894205992214907	0.35649293712951308	6.5368593118877474	44.799287658762097	48.090213257176153	5.9431131925160177	39.523276065767654	42.057778191674331	82.760000000000005	67.500000000000014	67.030000000000001	0.016987969595557713	0.038935307073953651
3.4399999999999999	0.77363891785986161	0.43377367966700475	0.21592631284925129	0.34280248295694932	6.6332367392874545	44.283470149306289	46.865989457455882	6.0677966171949311	39.987424313254699	41.971714489746716	82.919999999999987	67.390000000000015	66.590000000000018	0.016948846890973552	0.03987813740208869
3.46	0.86067222182556524	0.45854934876868708	0.23017344259955147	0.28692828047893021	6.6976182888562361	44.098544590250377	48.14916451918856	6.1993483656397048	38.913699808270664	42.17246007112923	82.920000000000002	67.079999999999998	66.719999999999985	0.016842120784140605	0.0405310610412314
3.48	0.68235983947427681	0.47087179971137089	0.22361394995180631	0.25551069976558216	6.5188762443842494	44.608173047542564	48.264885341048497	6.1271595594575645	39.092156935246649	42.478492140826745	82.780000000000001	67.719999999999999	67.049999999999997	0.016760095494226621	0.040137690558378909
3.5	0.67892536997463182	0.40327832708463951	0.17179822915162229	0.28412943728521128	6.622422669489433	43.846792553241471	46.749824368627166	6.1649932490082922	39.242090745629277	42.550542100002325	82.409999999999997	67.800000000000011	67.0	0.016663500868977135	0.039188495925878773
3.52	0.85183119434920918	0.42391452209948122	0.17976288185018705	0.21253789282398289	6.5443823788031583	43.87234643228971	47.567848664082462	6.0408875791795555	38.819267745990572	42.112107669992248	82.659999999999997	66.909999999999997	65.669999999999987	0.016622633589075113	0.039503860672316468
3.54	0.84447075740580302	0.37694027723873513	0.16659393817190291	0.27047221633067087	6.6293991918736737	44.146530670038167	48.359010864481611	6.3656444567632011	40.005590263957473	42.449903575706557	82.569999999999993	67.309999999999988	66.870000000000005	0.016573245584705056	0.039808948711923295
3.5600000000000001	0.94231365113193399	0.39086751069372333	0.16516072257027545	0.28427132009347089	6.6870155475217228	43.392598622323305	47.895617494655951	6.3195788426009543	38.792624951949229	41.892044848623222	82.560000000000002	66.88000000000001	66.099999999999994	0.016433457329664544	0.038764495413884617
3.5800000000000001	1.0624021559751526	0.455070995922701	0.21721912248356934	0.31865752278721204	6.4983784988941835	43.307646628500279	48.982886623705539	6.0693940975563727	38.543747241190445	43.183712052153972	82.449999999999989	66.760000000000019	66.090000000000003	0.016430381535304413	0.039314376685878241
3.6000000000000001	1.0654107585419359	0.32778424400662487	0.14546686765258127	0.26502119232015164	6.5152920671965191	43.50656641547517	47.702748132609763	6.1943309240453974	39.703379744907622	43.288081278991861	82.02000000000001	66.440000000000012	65.97999999999999	0.016302039902383315	0.03893798652990129
3.6200000000000001	1.0009785935509623	0.41857897161055257	0.17664592949270436	0.1932405737643566	6.4760480754027991	43.629878630936034	46.8719483605826	6.228152583686744	40.311321210665341	42.861818920535576	81.870000000000005	66.439999999999998	65.719999999999999	0.01621919974148003	0.037887839479818983
3.6400000000000001	1.3124071988800887	0.42075715929956398	0.14467478825799632	0.22194420908703819	6.5598013392808285	43.551719156542184	46.875898578923639	5.9994381111759756	39.169912980077733	42.433098251683802	81.75	66.089999999999989	65.900000000000006	0.016161665794253512	0.038784083739071509
3.6600000000000001	1.0574745512696919	0.45706599552683141	0.2202477751604103	0.27684478701413928	6.6335531568378814	43.40374570167068	46.127532367971625	5.9964641201311011	39.087751600453444	41.511345759778031	81.72999999999999	65.670000000000002	65.309999999999988	0.016070765147486649	0.038624096755769659
3.6800000000000002	1.0462123516309818	0.47070085408756357	0.21656103246605091	0.30863502496622908	6.48218431682825	43.378558657818083	46.901613943253466	5.9978642752690092	38.888832727187612	41.736201362991835	81.809999999999974	66.100000000000009	65.410000000000011	0.016040501430832362	0.038954706822923832
3.7000000000000002	0.96570197266601387	0.44707014310590631	0.24461639848018196	0.29163482276496583	6.5250785868969459	43.447389977949193	46.591648414280044	5.8590252587496465	39.572199266917949	41.743556665796802	82.340000000000003	67.409999999999997	66.63000000000001	0.015979475811923806	0.039355856423376336
3.7200000000000002	0.95661097779173798	0.44796298937292106	0.2061917014811975	0.29183835117883589	6.4904880059978982	43.535407904725531	47.421811014975695	6.027936750052282	39.465843447638562	43.607546055758192	81.97999999999999	66.709999999999994	65.700000000000003	0.015865267384894237	0.038311701629647574
3.7400000000000002	1.2617827383694495	0.46205066474964074	0.24336190789035514	0.32940806719341342	6.454762635216551	43.544109589452226	47.78450077272371	6.0814341789680082	40.620085161769893	44.024465674411331	82.169999999999987	66.329999999999998	65.72999999999999	0.015842061763698609	0.038287327744188492
3.7600000000000002	1.0055901174487196	0.42907172917780612	0.25842124054321064	0.23494544021949113	6.4640615168927011	43.083210365889549	48.021716164343985	5.8797709400344749	39.626682206824135	43.606820997734346	81.349999999999994	65.840000000000003	65.420000000000002	0.015688096482904666	0.037923161415476567
3.7800000000000002	0.9852844866944428	0.37891251783536151	0.18956171239477559	0.26907032908725481	6.6686357692023064	44.875655198050104	47.796275856281099	6.218498936221053	40.826956840160008	43.867940927832493	81.890000000000015	66.670000000000002	65.899999999999991	0.015673967830632556	0.038743880928006083
3.8000000000000003	0.93056404063392173	0.36213873236903737	0.15662152266461299	0.25460508161490153	6.7197593640370004	44.938734263140887	48.306040985001445	6.2086198555309799	41.378629013075759	44.131172791761216	81.590000000000003	66.039999999999992	65.569999999999993	0.015581303605720293	0.037096251191320546
3.8200000000000003	1.0349801981271129	0.31455779194483668	0.12934699294869983	0.25672306685095914	6.8191959422041792	44.306108377221051	49.56362986486927	6.3873335594936531	40.495224202029789	43.858237560780282	82.189999999999984	66.780000000000001	65.859999999999985	0.015578887437137335	0.03723583762751044
3.8399999999999999	1.1536157025654954	0.35073480915194599	0.1796752851880524	0.18904677468250491	6.8202269820728514	42.84591697852759	47.355080831648522	6.242958647360572	38.496157594699731	43.155346992735687	81.810000000000002	66.039999999999992	65.239999999999995	0.015477217736161539	0.03739001215359633
3.8599999999999999	1.0368848100146109	0.41244700596710071	0.21042887412698716	0.26453514055761229	6.5591177097612432	42.111801954788035	47.440803974524009	6.0911902914601352	39.554848145072761	44.584975264286591	81.760000000000005	65.639999999999986	65.340000000000003	0.015470106860733709	0.03903468239277913
3.8799999999999999	1.0508770459073313	0.39922719708009724	0.18526110323328376	0.26964369633062885	6.4275978247178855	42.90979249332743	46.5916735687452	6.114582363157564	39.316605852882283	41.652447811583031	82.120000000000005	67.319999999999993	66.080000000000013	0.015339373253546326	0.037534747729198126
3.8999999999999999	1.0664573665872201	0.35587241192119079	0.16856932704275907	0.18473941032210464	6.3005082473877412	43.639332807451744	47.954439987938741	5.8993375726681023	40.723679834951163	43.861855474914684	81.890000000000001	66.590000000000003	66.409999999999997	0.015341986400421507	0.038772333531476369
3.9199999999999999	1.0040689336133424	0.35497904741570163	0.159216757770409	0.22760288118409638	6.7334613239989736	44.305421321565667	47.874598852829578	6.2451140195246584	41.00338992816485	44.159345459894013	82.039999999999992	66.97999999999999	65.609999999999999	0.015227773000813344	0.037601824941719972
3.9399999999999999	1.2178487622856793	0.38412418268871407	0.19285895080605103	0.23840513384154352	6.4541548178958834	44.006416561852106	47.920900252906222	6.2268276919071148	39.443464160975559	42.586614441827145	81.939999999999984	66.740000000000009	66.099999999999994	0.015129037905345233	0.037078624329329748
3.96	1.2872368601388227	0.28450049111502984	0.14880428520117514	0.21260588433858504	6.699139764786703	44.004518810870309	47.00428453443908	6.4278986260823858	40.190669976319043	42.869088783756538	82.329999999999998	66.719999999999999	66.359999999999999	0.014992664407349851	0.035484632932468181
3.98	0.93513253206580449	0.3092029628481282	0.14692865908234609	0.18780045414845981	6.6354046151012565	43.419351339711206	46.582895457904684	6.1663718617001306	39.96370132276089	42.928171457452351	81.069999999999979	65.650000000000006	65.140000000000001	0.014975950062719784	0.036556675254684493
4.0	1.0880781584906436	0.36557640812925385	0.1487130026627787	0.13182153832903815	6.8645035629606408	45.624685580435326	49.510616601035835	6.4127588744380883	42.309476351364864	45.319376440109977	81.739999999999981	66.640000000000015	65.980000000000004	0.014965603186532297	0.03637907569246028
