f	stdf
1.0065135529345459	0.1000663052719707
0.61393992964822519	0.10034614748653964
0.44164691250751786	0.10071158905249884
0.34485969971853753	0.10116248132884491
0.28287473152950476	0.10156048790359687
0.23980436728519397	0.10166939364707218
0.20821598395659177	0.10114540259399973
0.18409658834031045	0.10011535908216343
0.1650846705544938	0.098773178509998866
0.14967838291924021	0.097354792094088399
0.13695065285974919	0.09591135215731357
0.12626887949641297	0.094452477345200653
0.11717259157111073	0.09301278105434406
0.10932716366198326	0.091565381374445601
0.10249459536277666	0.090191613781983634
0.096493664796104509	0.088906561946631213
0.091176101885045602	0.087711947493512701
0.086434956913577457	0.086584546412926164
0.082186633955098148	0.085512968844362894
0.078356435026759361	0.084447998237003274
0.074883732743924833	0.08341062557779011
0.071719704586219485	0.082454837464304723
0.06882948868719288	0.081547291323313981
0.066184229185726015	0.080740861066880804
0.063741504390019812	0.079971608005148909
0.061486635196451471	0.079242066318463894
0.059403130463729067	0.07850610092369277
0.057474907526147874	0.0777713721742712
0.055680515416735042	0.077055275477546675
0.05400139662128841	0.076344172276861758
0.052432021675601473	0.075629016097859353
0.05095316494872798	0.074916228306800933
0.049562424336917467	0.074227618013538652
0.048252843947568277	0.07355035668504073
0.047015553842170134	0.072879769265659922
0.045841219027709414	0.072234354460502068
0.044724086065254423	0.071612212910998133
0.043657348339359379	0.071010300177064598
0.042638473962391621	0.070432059606109751
0.041658329084616003	0.069885122249931014
0.040717376551393479	0.069369500756703034
0.039816309289344355	0.068897865024502528
0.038957655793070575	0.068438405362964944
0.038142359455985771	0.067981691200357214
0.037364669643230528	0.067557419030789004
0.036619979959778247	0.067158921549957451
0.035910923224249387	0.066775198159237659
0.035240171824466003	0.066413654996393165
0.034604944516199582	0.066073246627177673
0.03399768742167604	0.065754513858731906
0.033407528623333911	0.065421197264440706
0.032837457580965151	0.065082282635694072
0.032289977708610841	0.064737556842571972
0.031759091997439662	0.064357059114552459
0.031249108665553943	0.063969588893061244
0.030756073357409448	0.063574922540740167
0.030277078421587202	0.063197521305562401
0.029812444869271818	0.062857885949402614
0.029361378887817872	0.062523030362578863
0.028924072410825723	0.062167504311606746
0.028498110485469817	0.061800034505045245
0.028084314180733819	0.06143676578872543
0.027680980308935198	0.061070043267449012
0.027287055655864582	0.060707611444018948
0.026905924689505086	0.060356291525274643
0.026533340215148502	0.060002474816621576
0.026166024918242721	0.059652591500432749
0.025805588164959533	0.059315991724397311
0.025452953802747123	0.05897463333760973
0.025109418357006606	0.05865069627219139
0.024774493135500574	0.058345089522347481
0.024445914058718096	0.058048101310880527
0.024112130931681623	0.057785389599989835
0.023793643845374482	0.057492049145915811
0.023497855273952283	0.057211775360045229
0.023216771526260501	0.056931811624732341
0.022941132653589952	0.056584408000374634
0.02267338747867622	0.055556910990691662
0.022401544791308334	0.055039529486711231
0.022135313136360701	0.054568201531767259
0.021872211094351088	0.054229106548068541
0.021611789458275354	0.053669346811908394
0.021361226104044385	0.052927183567409178
0.021123095874289604	0.052325731174605296
0.02088565815351744	0.051694307785483652
0.020667379887581112	0.051057618587793833
0.020435298231270094	0.050734773025192345
0.020216543471862962	0.050386036863988036
0.020001804222211247	0.049996739983112014
0.019795732298133927	0.049287022782523296
0.019585299177272773	0.048794218881094045
0.019379334488288033	0.048443250301181594
0.019146728729324602	0.048218110867739181
0.018928349874599539	0.047755424389745726
0.018708918428320218	0.047433602383265334
0.018504881966710785	0.047159763206888451
0.018302541038617882	0.047007839893524847
0.018199215133289565	0.046493971436945988
0.01801903188862378	0.046570153411168894
0.017859336468145384	0.046010673456218149
0.017791930926123616	0.044518671690766072
0.017585360751254289	0.045118353583166126
0.017752039276748292	0.043539463357850118
0.017576965008678249	0.042197576340307713
0.017368653947787145	0.041949518486198871
0.017340527310301588	0.0419995513985797
0.01715355721729395	0.040875990758335527
0.016897566001414944	0.042290613149198707
0.017448551287091357	0.044639254351658317
0.016960095159653753	0.039993138557042597
0.017016219110438123	0.043129867953308081
0.016993117132087784	0.043533353713178242
0.016865032707023858	0.043625114631680353
0.01656937386696172	0.039206642118557594
0.016598463131650913	0.039747980985816972
0.0164350999954424	0.040552941832340206
0.016468257943134463	0.045553834560965047
0.016593173822671288	0.051861180626564363
0.016516013571552978	0.053218657774571666
0.016405097270150305	0.05292888800237925
0.016288051095893371	0.0523255259076763
0.016114927487505298	0.050186811684135954
0.01608095837954121	0.05204964244675065
0.01574653436269003	0.044349987307726005
0.015521009798839138	0.041373692063534029
0.015365202442373814	0.038887577990011808
0.015535960782761387	0.047355403746017051
0.015213294544307735	0.035502641560574907
0.015044982929388911	0.037885310187947795
0.01513380807050389	0.042758044582980867
0.015042191909153129	0.044023893790338164
0.015002217560967477	0.045387532298319842
0.014683007016295517	0.038254828042899855
0.014907552352914993	0.047231561489091155
0.01462710921320259	0.041111180483288955
0.014396627139901686	0.035378061910196525
0.014480178406898837	0.041251244582652287
0.014022748788491402	0.033207098781631181
0.014116706312289812	0.03847774962432049
0.01419540467635266	0.039844478463054403
0.014070736647933551	0.040269240038884137
0.013693517282468091	0.028660997214004259
0.01392232719698976	0.036665242245570218
0.013724860698766798	0.033010425488779062
0.013624197993060172	0.034316373497247386
0.013504895519763306	0.029694008456859794
0.013220380837945826	0.028942774296402043
0.01330061074465797	0.031398550463965356
0.013139895892295861	0.02817605932315417
0.013313419768898774	0.036681089905917681
0.013049899198929311	0.027291182298174649
0.013071575750639273	0.030177886892951439
0.012895686968974701	0.029087885707243012
0.01299484392590388	0.028682916065285134
0.012785002630507273	0.025495928930239695
0.012727983652950832	0.029786222766256719
0.012606659211381424	0.027267721228249858
0.01253647278596391	0.025898941869859908
0.012466147042799707	0.028412924367868138
0.012440909759456944	0.0263316681145759
0.012451222056560508	0.02600549387573119
0.012329701541306462	0.024462393298655509
0.012232995427777088	0.026236794548704156
0.012079028500945816	0.026733311822403315
0.012139958409050685	0.023948343844327778
0.012129755940431615	0.025287207872936243
0.012054174174594298	0.02626634277619215
0.011797264853554111	0.025737123125376498
0.011907340867455603	0.023302558889410505
0.01179136909479734	0.02413875406591998
0.011891620888368277	0.026374950839624593
0.011697465067649897	0.023114846435468513
0.011696220844748346	0.027872203944121259
0.011590692828175601	0.023483689734637544
0.011571953487951127	0.022159858668273486
0.01136243786625946	0.024084330940957101
0.011496629617544713	0.023672758144913607
0.011451472704268502	0.022847287766257284
0.011390146870404223	0.022305577009261095
0.011342681326306329	0.023076872791038049
0.011305373866558029	0.020886518577581985
0.011312972407322807	0.025375686476881924
0.011113531015978256	0.020484764910261976
0.011019566759258631	0.022063821395670719
0.0109646088755003	0.021951624450243581
0.010940959611278337	0.02225454371580048
0.010866758641797822	0.021369974710514543
0.010938832372240394	0.02076963090217377
0.010905728766079396	0.021585629410802342
0.010820883419810287	0.021309420962817925
0.010837367840723464	0.021633963892057951
0.010707426612179091	0.020830541883534726
0.010643610549380317	0.021049464637848
0.010623654202962872	0.019290831508133838
0.010553791653385408	0.020015481027832994
0.010406805250051278	0.020249772818811074
0.010390861078487287	0.020597003227070872
0.010463740221939397	0.019762483468721302
0.010523982749226356	0.01899473495811364
0.01037674654594636	0.019435398379254686
0.01029395578135873	0.02076179953308939
1.0032111771385797	0.10419797838591009
0.61198708070058094	0.10426115571661426
0.44027277265370812	0.10440590050187656
0.3437995269909177	0.10463358872921254
0.28201756707257097	0.10475014681016527
0.23910733187561278	0.10445649006838584
0.20759659826618099	0.10360473379869525
0.183471286828431	0.10247195506604165
0.16442431741102825	0.10121516488773033
0.14901698511190564	0.09972113601922139
0.13629813965868465	0.09814841066835836
0.12561584881069682	0.096503063346251458
0.11653220166638029	0.09478967927247671
0.10870847462797238	0.093116364252426698
0.10190213612034416	0.091541452369672913
0.095913673228090426	0.090074914957928118
0.090601306178979629	0.088673304114271059
0.085856827872970054	0.087291907705660726
0.081596461817376814	0.085938457326894466
0.077755652297954947	0.084626444065875259
0.074271153936827206	0.083403893112807728
0.071093044065883307	0.082220883850832621
0.068189544406526775	0.081067574152758032
0.06552667983441153	0.079970081699093032
0.063070863515573089	0.078906178530932319
0.060803448083884867	0.077904807289385439
0.058704378181805704	0.076991634769968939
0.056756980958840603	0.076115103825649844
0.054943940372516528	0.075243813814976537
0.05324803313266091	0.07441757894531624
0.051662380476469094	0.073610818725853414
0.050173230885359431	0.072817703002383508
0.048765530055153987	0.072019447298980549
0.04744089062561397	0.071259421629665642
0.046190623055890313	0.070516684005224137
0.045005616310609224	0.069782839793648035
0.043880875919987614	0.069062202500254841
0.042814553772174989	0.068380433399022278
0.041805068752997811	0.067710936145499098
0.040844871060382544	0.067063707173084533
0.039930401767350091	0.066445428973449405
0.039059181841637342	0.065867159903823788
0.038225939937646489	0.065332015626210757
0.037434496958978714	0.064790050906937194
0.03667986081592424	0.06426683940317264
0.035954723931996647	0.063765800698834474
0.035256668833976219	0.063273272533202626
0.034584304431563483	0.062806493721831821
0.033938328679926459	0.062369929929067487
0.033317080407562434	0.061955285050921134
0.032713744874953647	0.061563447556778346
0.032122471873875291	0.061206243552778511
0.03155083194886317	0.06091859165006068
0.030993785332556874	0.060688612762955299
0.030464637859109481	0.060436526480295932
0.029958221432180614	0.060200377499761031
0.029466138615448209	0.05995796160977266
0.028986778092155063	0.05969778348070312
0.028525054254327286	0.059424021178483194
0.028081513223788157	0.059123405921656456
0.027649161213976314	0.058800296831775019
0.027223061391665779	0.058478627534641253
0.026819662212791591	0.058150306091630272
0.026433985945563135	0.057820721800395408
0.026066157622872652	0.057487251943466544
0.02571027531218617	0.057148169287047849
0.025369266297141313	0.056820013701505731
0.02503930534162668	0.056482808363699268
0.024720457780690618	0.056148847405803282
0.024411006081669039	0.055823955711919317
0.024111555379902696	0.055497054235240803
0.023821178590879555	0.055180068340381395
0.023539873585141487	0.054877214317819049
0.023269359803621079	0.054600405634839679
0.023009155680177699	0.054340500748048165
0.02275687402223113	0.054092170705321983
0.022514117394512246	0.053856986268280969
0.022279745987083325	0.053605118577288613
0.022051537117051653	0.05335758823053062
0.021831492617247917	0.053116728927621572
0.021618370387967781	0.052873442340079596
0.021410357385383685	0.052631132089692473
0.021205798979996495	0.052391170372959553
0.021004377995336852	0.052143925422310548
0.020806076696907559	0.05189672066737918
0.02061330793123433	0.05164294324753653
0.02042375067624146	0.051394850556943601
0.020238998738422938	0.051148468108889747
0.020057855587721548	0.050923882116639958
0.019876667245173139	0.050716757188359204
0.019698614851655093	0.050533810611459666
0.019516944625295938	0.050456808743416355
0.019345531514019989	0.05034905137993162
0.019179502898261282	0.05024293639889453
0.01901874879048163	0.050106098006913596
0.018861638543649896	0.049960834588517675
0.018708458804140144	0.049816784402644136
0.018554415568966042	0.04959829582864362
0.018408709761538355	0.049431359367378809
0.018264103025062917	0.049285037893222521
0.018125755171483675	0.049162449886369274
0.017991441653139977	0.049087383560057117
0.017850585263931143	0.048969357691107357
0.017713265590665685	0.048849422820911204
0.017575725613739494	0.048762105271104889
0.017431751102650526	0.048628983242459171
0.017285038778072026	0.048524413056439918
0.017100207402904417	0.048781372630026146
0.0169800900468038	0.048552000317274122
0.016862281808354578	0.048398766484863187
0.016910363346483614	0.046926868021053843
0.016792069170197078	0.046865510894391768
0.01667087919146816	0.046760122202799806
0.016547127955621851	0.046533670328691282
0.016422695350857372	0.04616656310561762
0.016305547362805369	0.046045490933106684
0.016188111357709662	0.04576432124269187
0.016066907975816669	0.045610663942701746
0.015956194490045601	0.045362922100600805
0.015842882167590302	0.045089869535659188
0.01574097720159243	0.045033328353341714
0.015636771782552239	0.046324298689738926
0.015528613865424559	0.044669326559217216
0.015430316679500365	0.044534127508442919
0.015339170730719633	0.044258466266200717
0.015311689137092549	0.043933896857547103
0.015312184368877173	0.044560833884012718
0.015199649013243154	0.044247889216207301
0.01501788005563792	0.04151739898202831
0.015004394589020859	0.043711113299597065
0.014931987799002832	0.043846643007485461
0.014811337742498345	0.043220009351482166
0.014655364419394894	0.042318016393664767
0.014626498406822926	0.04268136055195787
0.014552571513627943	0.042792804679494915
0.014246504618289538	0.034478502430263895
0.014217107034878761	0.034143363350163387
0.014114442435964684	0.036068732090375512
0.014087173166823366	0.035087226354633232
0.01386959561220927	0.034284774023443855
0.013792712914501865	0.034374438675621274
0.013642180943868291	0.032942108225616482
0.013698921181530814	0.032389995915537199
0.013588056679222376	0.031932423152359737
0.013491859149658256	0.029670220318349261
0.013296618249402609	0.030708519162905415
0.013363067528531059	0.030962709988004846
0.013144852548727489	0.030511222490456503
0.013153116387388751	0.030500927059621964
0.013138952205112532	0.02865707010323669
0.013042662306363965	0.028788104592409325
0.012905067733740569	0.030680387571850414
0.012818481494724573	0.030859307149331893
0.012849664181135475	0.03012237525611423
0.012606809415870451	0.028496980429784109
0.012655357725202186	0.028051775249008107
0.012616454116046786	0.027230953344591816
0.01257055692773249	0.027491604600180457
0.01247773221519639	0.028090127175222673
0.012374989321533273	0.027662449589323859
0.012314184605746809	0.027087850842255221
0.012284390041632133	0.027570244732694173
0.012224790733938826	0.027141421719295549
0.012216658502333104	0.026524776211648365
0.012100007231713927	0.026280516576627756
0.012021585362507657	0.026089325982476479
0.011917077428901962	0.027193908519767478
0.011910003454261861	0.026213589318312924
0.011926783634308874	0.025178198149721991
0.011876943288889911	0.025586960961097853
0.011776914037145807	0.02549026521531577
0.011728630782532562	0.026087642950200808
0.011716774045036803	0.025779053798122675
0.011599604663364073	0.024569689637296471
0.011663932304125204	0.026347970811598634
0.011460440098561033	0.024995251341156266
0.011468299375511325	0.025096943177094024
0.011348865891262683	0.02404820484021113
0.01141938713943978	0.024104464045509651
0.011233910854190877	0.022883795717178051
0.011334625000415105	0.023225539852921456
0.011147207849392157	0.022973582849574705
0.01116102854696399	0.023192243860441188
0.01108979894608917	0.022595093920230236
0.011124299794549052	0.02438525557835106
0.011003151767447086	0.02421031859251524
0.011011080865358394	0.025000856767550938
0.010909697188763485	0.024001661474628341
0.01085557631349761	0.021851526601562369
0.010792539535028062	0.021828408296583349
0.010768545688406864	0.023290970094955801
0.010711090645583852	0.023146658099783106
0.010613318967712768	0.021134703311784912
0.010541696704678031	0.02279239221828552
0.010654355597625436	0.023232684260259918
0.010395196673607708	0.021293055468738345
0.010531538359233657	0.021552122726978314
0.010414218946116516	0.023230350854842183
0.010409208415458291	0.022329680645478883
0.010461957973437203	0.023033612665965549
0.010362300746906545	0.020834755305385713
0.9940138965916181	0.10059278332376691
0.606236052074558	0.10046948372566801
0.43601448145387472	0.10043078292465206
0.34036387612665342	0.10047337346322989
0.27909047116640862	0.10050286654888209
0.23655376791066754	0.099865724239249332
0.20534788412095703	0.098508896098611215
0.18146123868782724	0.097032860384134015
0.16260165004641267	0.095468657861705372
0.14735219883968806	0.093846265582904292
0.13475681027729469	0.092179730172748484
0.12417692925296075	0.090512078073678365
0.11515477966285358	0.088877848637845577
0.10736888607987796	0.087297815486222841
0.10058180987246743	0.085778044450585525
0.094613675438825831	0.084282615714974904
0.089322559847422128	0.082825247230205026
0.08459763308617578	0.081450244934130861
0.080355031473659494	0.080142956974839086
0.076531325037476811	0.07890303748589797
0.073071953779938734	0.077706116768591724
0.06991856991328177	0.076559649719819892
0.067038104278955596	0.075428959630040759
0.064393378035318763	0.074339104845402112
0.061959588498713573	0.073310224248267344
0.059707930210131661	0.0723604656541596
0.057616615882578499	0.07146815549201764
0.055670516710532865	0.070614749094407944
0.053858541318645967	0.069765839966082738
0.052161448512648333	0.068926042521161024
0.050566930665003937	0.068121726104855007
0.049068958771751978	0.067350981536332274
0.047663925189392345	0.066602879130077869
0.046341485205763713	0.06588944457675168
0.045099331974114192	0.065189751878827723
0.043925209307085281	0.0645187447201898
0.042815851328813673	0.063862467336980852
0.041763723216276388	0.063216423281051051
0.040764545744509335	0.062594733348778908
0.039814158232645572	0.061999388890951045
0.038910095643289289	0.061421268852101196
0.038048642690958999	0.060875030831903452
0.037227580403312185	0.060338492755710189
0.036442655011473361	0.059808742562819914
0.035694901607463421	0.059303082111476307
0.034980910933135718	0.058799951223951104
0.034295603374043165	0.058296914635821602
0.03363725469394821	0.057803122461148146
0.033004189072408818	0.057320425284352598
0.03239720269658368	0.056867434894957887
0.031815270177401898	0.05643808505210772
0.031253933899427343	0.056033040188292547
0.030711368829841788	0.055656255615121421
0.030189579947115925	0.055307855708337565
0.029683335941690005	0.054980376720839601
0.029183268695405124	0.054692498284894413
0.028714385274165841	0.054513287740995987
0.028268059654261359	0.054231273958876065
0.027834797440929916	0.053915352822001064
0.027417728606088824	0.053603209760678908
0.027011327835700875	0.05327050144541861
0.026619479299376948	0.05294894158171113
0.026241251992653817	0.052643556751689177
0.025876767539535744	0.052323763573125966
0.02552414682458997	0.051998217257209579
0.025185050797966652	0.051667589466000481
0.02485138289282874	0.051376523259805879
0.024525919278542401	0.051080573060757813
0.024207732132832852	0.050759159018416482
0.023898268291231841	0.050440827891290278
0.023595938487606279	0.050130069483406668
0.023303752354545296	0.049836331524621157
0.023019035033141691	0.049547854359099419
0.022757307718734712	0.049264457418525087
0.02250999808964696	0.049016154283640298
0.022262141102739382	0.048797027831798678
0.022018845807079093	0.048600738913914115
0.021779579764427404	0.048419083355301498
0.021553635692327291	0.048301780245525533
0.021340644605665118	0.04817535420860377
0.021432295918391405	0.048939788529386852
0.02119837474246241	0.048612037333416479
0.020973548581379592	0.048305818955789219
0.020765853790151112	0.048088043203081278
0.0205530660854399	0.047801260809530483
0.020344658887885628	0.047560431227909893
0.020142916186951125	0.047383979656802529
0.019943044454868917	0.047166091180757513
0.019752742831841245	0.046860192952403582
0.019559758508936667	0.046928731003142515
0.019361318807597377	0.046436607001207983
0.019192680486163446	0.046198357151423931
0.019017829937023365	0.04625846550546911
0.018848280438210404	0.046139701832742908
0.018667066914321483	0.045722991100001879
0.018505950762518823	0.045454387739103541
0.018318143425109453	0.04527766857386812
0.018132274369210413	0.044740303667840195
0.018002370066212102	0.044289087630402547
0.017697887234354035	0.039487328856580538
0.017668230049158504	0.042578088992725714
0.01750470547311923	0.041881051677059723
0.01719928202084604	0.037574178470579769
0.017212533663131597	0.0390971590137753
0.01705104463407997	0.040495093036501346
0.016795129610087584	0.036366903323081505
0.016765814997193245	0.038193408153011775
0.016405981480119011	0.033888253541161685
0.016559161863460764	0.040917389992981217
0.016395275184381022	0.039368156859501291
0.016140237782307502	0.036428344023861879
0.015942924605328809	0.034010718644298082
0.015935298726548423	0.03699437387441161
0.015667190439846986	0.03258110369603081
0.015629550055295736	0.033758008739883903
0.01538890690055505	0.031849948165890866
0.015373143558256782	0.032453885711213451
0.015280545773379117	0.032613986050086544
0.015170594610578767	0.032794197417146856
0.015142018883329026	0.034831098528509845
0.015060746825345738	0.032089058095672196
0.014891290155212957	0.031451119757690757
0.014710772759639284	0.029750555015476351
0.014753734472865203	0.03081898799059089
0.014597502374048525	0.031223958814866726
0.014506275000072571	0.031790574082714053
0.014345700107709313	0.030208426009771437
0.014352126263190591	0.031507167138194188
0.014236931560655563	0.030858014668415767
0.014135646636131118	0.030199261709665175
0.013873797319469998	0.02712809338588075
0.0138400973738849	0.027403663488890645
0.013880478306328433	0.030232881984888348
0.013785688305116152	0.029671211896767257
0.013616502605741945	0.026091527676553213
0.013685903011171447	0.030761542796834414
0.013398267434265225	0.02662736009899698
0.013332336288588584	0.026641188389553244
0.013243770988046678	0.02610990950936257
0.013330815574291364	0.027939583492114433
0.013271862391425391	0.028539989150286889
0.013171421956795538	0.028871385482301143
0.013082040974191302	0.029988312508369204
0.012981876389405369	0.025928661689909711
0.012937267294438727	0.027924257003879599
0.012806922765888152	0.027438078798323755
0.012894937986910682	0.028668142010032861
0.012688548942169269	0.025427289736067494
0.012475423228879606	0.024146311165061066
0.012549970725103995	0.024123909021008891
0.01250517447752497	0.02559087798313547
0.01231124234834941	0.022646383314001355
0.012230678604754288	0.022370811836481101
0.012274729772200781	0.024740987837080987
0.012210894813662339	0.023401160249105241
0.01203537525084393	0.022268638500433063
0.011998831288961063	0.022882080706055297
0.012088167975537661	0.023410439743003962
0.011837255871818875	0.021723806306523364
0.011766381438118369	0.021892167435997721
0.011739885010401293	0.023124773013796975
0.011613075102750475	0.021042074020303954
0.011648002098510241	0.021642952407783571
0.011555117191103753	0.021692523017033727
0.011495753927007253	0.021667242358285908
0.011556968930279996	0.021698642815495661
0.011444643601906354	0.021800038957554464
0.011339664288050926	0.02001866055745271
0.011260253009206078	0.019644590971142222
0.011224468886835808	0.02125841174236269
0.011283335097365862	0.021047636213037475
0.011167456143486585	0.020174775018899291
0.011061351993276059	0.022048323839034229
0.011123266865945001	0.021208058169626731
0.011032166507544969	0.020426726420593205
0.01095135035716226	0.020144113023067255
0.010897163404130392	0.019644722904055674
0.010917353673759294	0.021540145310568162
0.010826284085250094	0.019256668439959712
0.010797495695678411	0.0207544898972148
0.010751003804210785	0.019905767117504542
0.010819434307696179	0.020072942468753029
0.010551165428331604	0.018638699059045163
0.010705666175207029	0.019018568482472881
0.010429759865228413	0.016910213929693396
0.010442995466383005	0.017553353560984284
0.010422542764394631	0.018704907910432729
0.010375515313482599	0.017634994950939561
0.01027676471514242	0.017011046175780128
0.010340125579852984	0.017632409708369327
0.010168106743392646	0.018256213245631245
0.010231558574900226	0.018138779552972439
0.010191923598308603	0.018547771846948488
0.010129031530388329	0.017455057017355311
0.010056474083960999	0.017324046575361633
0.01008117806864163	0.019074950727435303
0.010011890465167421	0.016554776508550941
0.010106202578132628	0.018345052297608574
0.00990214409854266	0.016888796981692343
0.0098109800831326782	0.016238880857237455
0.0098601203357651154	0.016571612786401315
1.0000800935949428	0.10105834678833281
0.61013116614993668	0.10110220280740735
0.43894967511905075	0.10121618015639187
0.34275504460096023	0.10140054752231141
0.28112977658970884	0.10156361799950932
0.23830819709576043	0.10137577942827486
0.20685891602879858	0.10068041323953515
0.18279615634778684	0.099712132995507255
0.16381877532245973	0.098405619856565651
0.14846909229714328	0.096908183406513318
0.13577814576450958	0.095417665203159668
0.12511815772545329	0.093863514855773558
0.1160545035929024	0.092287916052478713
0.10826158568211343	0.090657402922422414
0.10148602410700196	0.089066177496239865
0.095541349963888078	0.087532455674401877
0.090267612971567671	0.08604510140346959
0.085564101639529835	0.084608329016423595
0.08135213361187732	0.083192465078412173
0.077554064086031646	0.081833098393602061
0.07411284119435417	0.080486951270267976
0.070972368862799493	0.079219271365774141
0.068094225643127892	0.0780331367120502
0.065450707584328499	0.076937983793970141
0.063016642720960567	0.075931238581293317
0.060763592271487012	0.074999178776356507
0.058676940719978504	0.074114872328454914
0.056739421106297074	0.073228916270288935
0.054931343206328226	0.072349303727001296
0.053239986960162196	0.071491707713702182
0.051653866234200513	0.070660253153642397
0.050166171853947776	0.069852222519486917
0.048769052632969635	0.069056895734545487
0.047456329071791245	0.068297576497074075
0.046215959021422705	0.067546611541254936
0.045040958012849505	0.066816636152735392
0.043929039264804674	0.066126001341447693
0.042874204808247711	0.065458907624337981
0.041869408867342937	0.064825732647957726
0.040913165567544339	0.064214549242285757
0.039998191769008401	0.063656021971087259
0.039120215492013999	0.063138063248607351
0.038277144971667072	0.062646738984080019
0.037467621489024994	0.062184694121564757
0.036689470714329431	0.061756900068378619
0.035948220844785807	0.061377887817015288
0.035246246956944643	0.061033214964206592
0.034571811568762642	0.060617418526003698
0.033922094744483683	0.060141219767334601
0.033298120295909055	0.059656584653136682
0.032698288360940048	0.059179924760367777
0.032122202381099571	0.058718788695915361
0.031567538854569983	0.05827113816282805
0.031031800001276835	0.057835132124655395
0.030514211763268767	0.057399087608224826
0.030011582933295741	0.056927577367109315
0.029523675499614627	0.056378319685734792
0.029054018643364734	0.055942642081200804
0.028597322197473643	0.055622504913344702
0.028126455298594203	0.05541482572557431
0.02765383853129167	0.055323336708021142
0.027224707121161158	0.055359704348399631
0.026818669100309295	0.055368638706046393
0.026445618918014235	0.055311614471859047
0.02608555570341968	0.055170016836819755
0.025735914950774642	0.055008930979092777
0.025395512646719645	0.054834841767225515
0.025064937144982785	0.054640591955381609
0.024740061225305861	0.054399232078486702
0.02442148211641576	0.054131565239564611
0.024109854628349019	0.053841800234730564
0.023803736328380183	0.053574995440526865
0.023506708124753091	0.05332421740233128
0.023210247426487803	0.053096542438309247
0.022929847493426948	0.05289703661139749
0.022656669548935575	0.052704911731923772
0.02236111521031476	0.051973833361459554
0.022074586660127373	0.051239260998350467
0.02181391741362761	0.050987964250139822
0.021568395490926321	0.050863038092560965
0.021347782555529094	0.050752948273679224
0.021110831898226722	0.050796087274574381
0.020876892829419243	0.050848423685099522
0.020656897283174804	0.050830801931645811
0.020443311335607426	0.051016220853780207
0.020226191994544916	0.050995674507191897
0.020027447397518394	0.050902447268778822
0.019837034622751441	0.050627347521738204
0.019661119928578604	0.05019789670365471
0.01947169215152865	0.049993951327886733
0.019332468583468446	0.050265369875581598
0.019155660522595767	0.050184375585202098
0.018989817854668828	0.050055525145137399
0.018836461626091178	0.049792180046435174
0.01867559598701625	0.049789115959075751
0.018534055780453036	0.04940085341097513
0.01837890304029921	0.04886733332991413
0.018224169854663793	0.048528220808025761
0.018481414137631432	0.05089342776442448
0.018350321449966265	0.050751629331697606
0.018219969331174965	0.050642588314922084
0.018082834308764343	0.050498545737226216
0.01794940642741983	0.050333914279552319
0.017820597839937814	0.050157184493011937
0.017688689327874242	0.049620157214745074
0.017552934725857817	0.049210160598146896
0.017415912313721898	0.048766634955202004
0.017278140172267194	0.048280570225686395
0.017139118177407112	0.047808114625807648
0.016996773355293364	0.04733926737367139
0.016873696569921093	0.047029750363253367
0.016741456677243017	0.046600964859330352
0.01662674360838734	0.04649031830621432
0.016491402703566617	0.046097860772077288
0.016361499766421556	0.045599215578436332
0.01627937870978078	0.046174378730610192
0.016287909207653151	0.051424914972007088
0.015945838362641164	0.040723951389309461
0.016062242655108784	0.050766485527490961
0.015747289762527709	0.04006219397377455
0.015853809858525574	0.05040244445470108
0.015375064490568479	0.03598055197810008
0.015647389190176775	0.049993580441625593
0.015171246110891207	0.033466773874577638
0.015449595612696296	0.049582971718854722
0.015349093180996656	0.049394033561559664
0.015255456388034681	0.049192955741247574
0.014849326222498594	0.037958668980580847
0.015067924661651315	0.048750314983063259
0.014993368319388474	0.048629686079352363
0.014893270855730462	0.048333943314450331
0.014829597128251598	0.048429008848919632
0.014753005596479483	0.048246005374764006
0.014689303413517513	0.048372717137358745
0.014565647871945135	0.047637820469465665
0.014484165569577908	0.047457126424701762
0.014368264292284386	0.046722517565038181
0.014318601930377227	0.046921151213262582
0.014163642592966427	0.045863824718004972
0.014037378181041022	0.044996054574342879
0.013937598761874068	0.038743589328932883
0.013840448112859793	0.041198197042228268
0.013505144870696078	0.028788004797155965
0.013722997892697378	0.044455189628945659
0.013438818220010583	0.03158585620945524
0.013071611479661179	0.028515003226630309
0.013257276914842766	0.028751745513789253
0.013074789675708604	0.027613269768118256
0.01299336903356282	0.025688788467438276
0.012904241320396382	0.027022121073705059
0.012593671370599673	0.027195484470797244
0.012870568153729615	0.02730017073236907
0.012614911882553989	0.025875639918245052
0.012553297986381081	0.025406099051397707
0.012626973695481578	0.027122268328183274
0.012631815280067252	0.026319666257210772
0.012262847525062516	0.026814825480507898
0.012323238946152301	0.025304686515745339
0.012240524273543425	0.026620064652740489
0.012454744376386259	0.023563397775327947
0.012238801477464822	0.023028691295310977
0.011862086576570577	0.025619372378653429
0.012090440236126949	0.025053984724343309
0.012181745273550591	0.025172683130531913
0.012138944928463527	0.025153516671732077
0.011961648232056648	0.024105756576527873
0.01175004564740831	0.022615458829980215
0.011962960189941781	0.02519660953367921
0.011674214878643665	0.024702139748561235
0.011736261157258948	0.023454566716609317
0.011613502504451902	0.02395550278446883
0.011671730766448828	0.0233582308446777
0.011405970361862255	0.023149775538397751
0.01170549155466232	0.020901763565861174
0.011372549351119705	0.023782044076597047
0.011419918205794549	0.022940488174761874
0.01110422966501563	0.02347375451233789
0.01144755772016791	0.020378162248017129
0.01129301011159934	0.022188715850722959
0.01110272366446927	0.022186820520439968
0.011137467962384661	0.020223221682914554
0.01125615854136856	0.022315428295518733
0.010928305303183667	0.020240263651316925
0.011393648843957787	0.023028227649571069
0.011017283733911245	0.02175929185703649
0.011174942797862644	0.02214410425341341
0.011095358939344286	0.022208424848746619
0.011143368406968349	0.021956858505236553
0.010554753533092036	0.019671599761905852
0.010708775607682141	0.020663655513292509
0.010714189100220208	0.020256821816855786
0.010503655841721074	0.020334545173572412
0.010405561376408915	0.019460107155424292
0.0104776936300656	0.018596218972047822
0.01048490794928628	0.01892890340955887
0.010336344874934426	0.018775566082467693
0.010535962685710387	0.019536380267274035
0.010388404371171013	0.019805498418873205
0.01034738867321169	0.0194410204225424
0.010153388572254575	0.018587286052568704
0.010074383572894377	0.018561993041936231
1.00029203707189	0.10172213010873392
0.61014243619458486	0.1017527920240431
0.43890457576176062	0.10187120515154315
0.3427049697425546	0.10207810959578127
0.28109894077019865	0.10226698384937594
0.23831990657707097	0.1021657712059397
0.2069076681746663	0.10170412287072261
0.18286597040999164	0.10098799489794698
0.16389403956800647	0.099910189428829579
0.14855496308557622	0.098719962181256463
0.13590973632621875	0.097340980875445349
0.12530486147452094	0.095840276727421472
0.11628889259881049	0.09421878685149114
0.10852543014350735	0.092589471646837521
0.10176555550261039	0.090982818704096982
0.095811615206214076	0.089460178116494607
0.090531746120875334	0.088050695404471677
0.08581827320595363	0.086764528736932259
0.081576911944013286	0.085593748763501745
0.077735753996450108	0.084495364874335344
0.074257227138036452	0.083448087845445315
0.071090007827142837	0.082399852096277121
0.068193435489063828	0.081359427276763013
0.065542909299258031	0.080352508459004449
0.063106639983342774	0.079381691184262748
0.060856116031180088	0.078465120834307303
0.058772012890592196	0.07757619737427375
0.056838476842284047	0.076724261357414461
0.055035589880567483	0.075859591537400684
0.053349890358499359	0.075008480896806257
0.05177125174189031	0.074176189907000881
0.050290689017514656	0.07336537456261287
0.048891641199104913	0.072591010205677542
0.047575228790830107	0.071848967971028507
0.046331929924000884	0.071134336998170539
0.045155636872443054	0.070445251585158297
0.04403925832908992	0.069756113731768835
0.042983233657124545	0.069075354800141445
0.041980190902623331	0.068424022989330271
0.041025926153704373	0.06781342688357192
0.040118311675869142	0.067212859660451638
0.039254299841258319	0.066626345328422806
0.038430975650180138	0.066063348034253566
0.037647177915543582	0.065540905733805985
0.036897569838311821	0.065057202766122202
0.03618411538562509	0.06460783305951337
0.035503368979315296	0.064199493041482175
0.034848821925001286	0.063782970128823682
0.034217130960134297	0.063389711727711184
0.033608672751711595	0.062986578565563348
0.033019801348096643	0.062591677886519231
0.032449771574657428	0.062212199203740923
0.03191086778517381	0.061874111744604977
0.031408379824146834	0.061621688549735369
0.030906846031107021	0.061340002139051032
0.030411199943773594	0.061036163391943725
0.029931134603134957	0.060710190432401535
0.02946633603392607	0.06036150595212577
0.029013088228177629	0.060009587007815099
0.028571978195896072	0.059650584958718549
0.028148044974930335	0.059294354418857172
0.027740004124929492	0.058941057984490376
0.027341527326382013	0.058597338112017387
0.026952096794732733	0.058243424880968682
0.026575597345721656	0.057899008963252223
0.02621531706175758	0.057545880853736991
0.025912149671116845	0.0575675306802731
0.025586581238053852	0.057513866929251721
0.025310372023294461	0.057551804743229032
0.025010572566460439	0.057431520118456342
0.024707540120180057	0.057256493851719818
0.024412730914798078	0.057082088007595053
0.024131922012777886	0.056869385155599063
0.023862631551835357	0.056653239207708567
0.023601243202429508	0.056364040725752157
0.023345382687437712	0.056059888312183441
0.02308153331022602	0.055548784271177064
0.022845360611545417	0.05533281566691587
0.022613428892291499	0.055251973183806223
0.022369185620662781	0.055224694970847803
0.022118298101431236	0.055170512901764321
0.02186959428489977	0.05505133630012117
0.021621194491501492	0.054861856800823339
0.02137455359746222	0.054586857405425661
0.021142258437371244	0.054281623220813403
0.020914624012796791	0.0539037599210936
0.020686421388767327	0.05363531911404202
0.020454268031446326	0.053182134204365308
0.02021879941219273	0.052817740740270534
0.0199809057114523	0.052497243987636395
0.019724570292016231	0.05220176283750589
0.019517506547767075	0.051927922441997516
0.019326961016322433	0.051689487655290918
0.019141273241658659	0.051433726446162162
0.018961601433705233	0.051199542012188105
0.018827489466598266	0.047446184072906482
0.018687911099115689	0.046618106192282446
0.018526291525463076	0.045774356981742328
0.01829564482794167	0.046853018420831373
0.018167745894825019	0.045718726121294316
0.018031752302669121	0.045554291514524059
0.017855365023774616	0.044718421198202185
0.017705805417507426	0.045486102868687553
0.017608313702291056	0.042956389629916561
0.017427737823502362	0.04286941268602102
0.017356204060951456	0.04348616554427958
0.017267431361536714	0.042513545428792619
0.017092662389375912	0.042068221778710863
0.017008532348041394	0.042257696903257494
0.016903344330927453	0.041403715496084285
0.016768311631087007	0.041599818903785155
0.016658616974521128	0.041418029973020229
0.016561865965361779	0.041604769718926835
0.016408819470755363	0.040732080304908443
0.016368642085201734	0.041759523435835062
0.016196986834711029	0.03828207616032004
0.016080906848241715	0.038268397190737428
0.015919843715221448	0.038215693575819963
0.015854827749903849	0.038847364915298485
0.015799197374467614	0.040426752101450268
0.015586806304161642	0.039675146517236269
0.01543831240663656	0.03615576094605176
0.0154347529999697	0.038810059786455742
0.015384888802430479	0.038145731073104705
0.015227092986977579	0.036443552750047334
0.015109795505407135	0.037646428436289313
0.015114011277069381	0.037126557667938404
0.01493143019705263	0.035339842907513304
0.014869213892449282	0.035853193835419288
0.014736216402021928	0.038054266504351161
0.014596794579780713	0.034943443643821209
0.014518429454028852	0.038241628275677869
0.014342681456497253	0.032356664138872678
0.0143265047219616	0.034599648985618313
0.01433758136190838	0.035193494788145416
0.014183422414608397	0.03654816449373699
0.014207406811927666	0.035548395740676433
0.013966049859327761	0.036618381867995702
0.01404676701201415	0.037238943870035041
0.013821581679557863	0.034785106639893801
0.013812511306972584	0.033837825637306404
0.01374552346280777	0.034192561054536948
0.013531468660063731	0.031974764956534722
0.013496452119950611	0.034385051216191516
0.013460091407023004	0.035132703353884527
0.013412693192032987	0.035038326640846246
0.013362794973349848	0.031987884095934636
0.013133125289753651	0.030279247985119783
0.01303241291148817	0.031842201498599239
0.013090642822591533	0.034114679091018292
0.013059545160494899	0.037604964275914608
0.012926252485056241	0.032310440225383603
0.012834004409470773	0.030875488388748804
0.012775133013102657	0.029400861760273535
0.012622540794799041	0.031453340837178233
0.012672316941022192	0.032243180159335035
0.012510038834124456	0.027794087933089948
0.012466992727736348	0.031591926229607041
0.012454534851691509	0.032507792262502312
0.012307465679462809	0.028514689574291791
0.012263149766484989	0.02947551445550569
0.012162558820020821	0.028494916748868709
0.012142422599643054	0.028304612855647705
0.012059754357330078	0.027820822130459066
0.012068397148213453	0.028508531477207309
0.011911852994386726	0.027037856678413703
0.011952921910948225	0.028615107530403722
0.011786117606241615	0.026251351803240421
0.011750050943313514	0.025859511007101731
0.011761926752084513	0.027515221592538705
0.011661767375977508	0.026555431486558249
0.011582714487625755	0.027975930249503924
0.011512514700303662	0.025826573425056416
0.011489867164305487	0.026856352125457457
0.011275671983442233	0.024961275899024912
0.011468089037566348	0.026681488586311801
0.011371455178127286	0.027948452264828876
0.011251785702672518	0.026124070206424762
0.011255675517087773	0.028971154422047219
0.011109645206837169	0.025786353449522719
0.011170082179696419	0.026456917538125371
0.011070308975367255	0.026147138017262907
0.011101119172532535	0.024871579607637122
0.011026186300339297	0.025458024603492318
0.011047308156284944	0.027889289353698884
0.010941250999180406	0.025456866525963243
0.010852235476230725	0.023351163900429992
0.010736563505503874	0.023609402229611307
0.010700938681269484	0.023046049436005276
0.010635654611010764	0.026045430701723448
0.010678959936066032	0.024155852419522936
0.010690210874583737	0.025502227178839373
0.01062195485020149	0.023621772683076137
0.010594465567950479	0.025727407679217024
0.010486213407940571	0.022904995385674434
0.010377529219813525	0.023589330026987595
0.010304429050432501	0.023920699756979465
0.010271236999089979	0.022702037454946932
0.010260173880225621	0.023595960200457497
0.010345978864879993	0.024191719032450858
0.010181039555030878	0.021300266423933692
0.99431780660781266	0.098991387668538863
0.60600658565401277	0.098975880673254801
0.4355636531710107	0.099015559409524431
0.33980104732838867	0.099108413889953603
0.27847284268864664	0.099122944586602008
0.23590203866651188	0.098812130318402955
0.20468377519829836	0.098025477117338458
0.18083674993050886	0.096935864035691932
0.16203360364044189	0.095642184876503666
0.14682208684808537	0.094276476532358239
0.13426337414135442	0.092900193890970983
0.12372766532136421	0.091468245047332392
0.11475891473176367	0.090053475783605272
0.10703396493107289	0.088676295590908061
0.10032808050550299	0.087296597715796426
0.094443733249307854	0.085947531324076343
0.089242039458681283	0.084639862724069176
0.084606880028600284	0.08343660501934376
0.080448876739200953	0.08235976214543389
0.076696271183726766	0.081366761946212396
0.073293632272184717	0.080456606203270858
0.070200051403539868	0.079579367126532574
0.06737822218598484	0.078749063130845662
0.064779434018723853	0.077894787228240059
0.062383766659963417	0.077044799276208664
0.060169829287330938	0.076234920631565325
0.058117778724684321	0.075477014213658794
0.056209446243124392	0.07476660539846787
0.054427291837397744	0.074065373693733658
0.052752277910096623	0.073345836028556752
0.051179399251770639	0.072658307004155168
0.04970111844037426	0.07198641910997805
0.048315627304776114	0.071336400736624658
0.047012314109634377	0.070727413975335995
0.045781629921582023	0.070142655459598427
0.044618951512323118	0.069588026055449101
0.043520964142313004	0.069068750194895834
0.042481163956643586	0.068566207339566934
0.041496100231081669	0.068085018157309357
0.040562309526723073	0.067637729792233398
0.039676231486050491	0.067193219178666594
0.038837250324255834	0.066763248585608989
0.038039343868936509	0.066345198606346287
0.037274446750574626	0.065877554619751991
0.036547478598950488	0.065434320795721965
0.035847681526024813	0.065009360421581272
0.035175065045057852	0.064609944637781691
0.034527324897753557	0.064239964669280697
0.033905083357124659	0.063900062651943756
0.033310674084231849	0.063575118256127619
0.032739269380561653	0.063269615772226243
0.032189872754891345	0.062967654074583393
0.031660592707462729	0.062679611389027196
0.031151799849756485	0.062433161805208241
0.030675096104077332	0.062361390012616147
0.030212774847050483	0.062418469883570499
0.029749309277049798	0.062257344548559489
0.029300809545569337	0.06202383314113203
0.028871560272345179	0.06176850443327464
0.028458429625266256	0.061529505572531708
0.028056027968921548	0.061280750042979497
0.027659287901164464	0.060979063055237537
0.02726995876550448	0.060646824401195717
0.026889139749550799	0.060294823736626972
0.026520400675445786	0.059956093472391975
0.026161664403865009	0.059639182394972373
0.025812256483626606	0.059343088458783597
0.025469221765244129	0.059065395551256734
0.025130736061543497	0.058815622638785536
0.024799342727128592	0.05858557010064476
0.024471268005751085	0.058345162864428896
0.024145648305174846	0.058174573966955495
0.023833748476964199	0.057937773215958312
0.023546952806482748	0.058061381220023106
0.023275611815972489	0.058117405536653073
0.023013761249784909	0.0581012661767654
0.022762271478696968	0.058088674058606793
0.02252775729544847	0.057963144062025462
0.022294557866654685	0.057742532118618517
0.022073082153096543	0.057505753111031732
0.021894995201159076	0.057558356920960875
0.021703887551061955	0.057485497280728826
0.021514027875688613	0.056961310904397912
0.021321305577005234	0.056881153153436503
0.0211352256222496	0.056957850447015644
0.020934687188295577	0.057260663096817807
0.02076376950556719	0.057181830121366753
0.020579062471941065	0.056935324913633775
0.020382569944759388	0.05721055373736459
0.02019632622233233	0.057302321327498247
0.020015883195298356	0.057328672645420443
0.019828588293356566	0.057493679211119912
0.01967524544626131	0.057289449296269675
0.019526380965733541	0.057180499053089216
0.019409491589963395	0.0571290489041631
0.019365729687430125	0.057546966951417991
0.019242650506557907	0.057520253724454178
0.019107236073488906	0.057398290819766266
0.018978985047844163	0.057323418085467481
0.01885124021416458	0.05721296924983469
0.018718312328493539	0.057064184784556396
0.018585573771619769	0.056906087755735177
0.018451006410180913	0.056700511601167125
0.018315645483538978	0.056495319733064507
0.018178617819737303	0.056317807915772108
0.018041529643103134	0.056182472647804543
0.017902555645221873	0.056008348528711623
0.017766206513509991	0.055912901982791634
0.017613032155592213	0.056955018815565049
0.017468201289663549	0.056939900309760261
0.017278448689244549	0.056389458958530481
0.017150396592575137	0.056120410979431809
0.017015939494481457	0.055645334193643176
0.016893664000312968	0.055367983750543366
0.016758765113832771	0.054503321030072403
0.016614834866013967	0.053873256306846889
0.016487136392595129	0.053136422564266816
0.016387255894993916	0.052993567995223721
0.016215539729603972	0.050827441561534299
0.016037543427472122	0.048095827137672784
0.015769525061995922	0.045857971036116094
0.015566087446630189	0.04338401441403663
0.015379894923656112	0.042510533398095067
0.015221211915741086	0.040145648339372564
0.015212229614500077	0.041609797076163794
0.015168832794829045	0.044783409050317823
0.015076798108076384	0.043512589334218942
0.014829277413448251	0.040196277052504704
0.014772020600191277	0.039232205030001591
0.014655083812185062	0.039226091536678775
0.014509438512558847	0.037803289036061678
0.014490502353803485	0.037681676138095553
0.014378299023454331	0.035909777977125745
0.01425814053922672	0.036765726454910871
0.014242024993285135	0.038383148826333688
0.014115684777114236	0.035514287738594108
0.014000812899025942	0.035634339856345988
0.013942303961230024	0.036293132843630366
0.013846547484384941	0.037833383720099388
0.013719983894740866	0.035166238116424317
0.013680867625132816	0.037888371095422778
0.01355506051080862	0.035635948847254663
0.013508516533483395	0.034383071951107382
0.013347515069973429	0.036395594122279995
0.013343567081516733	0.035013833872033218
0.013204550504823921	0.033220066129446814
0.013182486125790356	0.035531790847817074
0.013153143032421251	0.035577110302990482
0.012961992512311735	0.031570208447315194
0.012959467811301072	0.035659199958156272
0.012851334134443273	0.033797624113075346
0.012756530359840958	0.03481349219245651
0.012753453647547744	0.033443210756209436
0.012642634433149929	0.033568942172227126
0.012580714626037546	0.031458513018168446
0.012501165485338014	0.03354163213078698
0.012351838774125276	0.03079588414056746
0.012467104079182407	0.031887947285995873
0.012347905969015109	0.031941266352095453
0.012278485812844285	0.031665276751793814
0.012264683398192051	0.032918811523079711
0.012108934977084512	0.027991395571350965
0.012025513655117949	0.031406520033188917
0.012145278505674607	0.029978414260277343
0.011987571246944334	0.030790779838541046
0.011965880610238564	0.030594548821856714
0.011778592982766617	0.026533278179753095
0.011857387004956607	0.034738018433715739
0.011642609821697575	0.029403365901923793
0.011772336240113443	0.026556366782937959
0.011689051864755018	0.03162755938237076
0.011608006636665291	0.025811391381139939
0.011646883736978702	0.028276467699318113
0.011459793859991997	0.030529447920999854
0.011460222538489223	0.02679928051855052
0.011405870177001664	0.027316058311901443
0.011406757413194387	0.032902679296712319
0.011369305894139849	0.033699475937165844
0.011303770644530904	0.026803607230040646
0.011235363754003354	0.027941173346208034
0.011182152290914817	0.030597962442390578
0.011182940077319643	0.026421946057868718
0.010994093986436606	0.025622907079160304
0.010940720792215874	0.02580870681382598
0.010985532872979133	0.024382199122066406
0.010902987467594627	0.02780282124195485
0.010812481799327802	0.024534162203702584
0.01083361963717352	0.024255946293293286
0.010889485178536128	0.027452616843704095
0.010663322448833133	0.025804872781069514
0.010625933334000576	0.025197067144918501
0.010565308145830472	0.024961185518288045
0.010671503694916769	0.024831351247218251
0.010597402647054988	0.025811671049316632
0.010471966357661486	0.024024996269484129
0.010433663668443737	0.027269170932481417
0.010428149968438119	0.024594263235287253
0.010260530084639204	0.022220224902904435
0.010538987722288624	0.025467702207566976
0.010336158564829116	0.023146430155626729
0.010252259617591589	0.023490135865572078
0.99567545239390887	0.10214112183659886
0.60702895241171917	0.10206056159286307
0.43642597979408232	0.10206931198297481
0.34056421872314485	0.10214445552709599
0.27919518827273848	0.10198873295916988
0.23659660218562534	0.10131045653285117
0.20530395697228582	0.10030343939049328
0.18136987323583451	0.098969726588378049
0.16249170492935458	0.097386116226012606
0.14720166486517858	0.095699055611217262
0.1345563263970676	0.093986576027020804
0.1239197576274074	0.092366412373933407
0.11486701455666769	0.090710033858239128
0.10707478523294967	0.089058649911776366
0.10029580873132042	0.087505040144717203
0.094352942011003083	0.086020443148811715
0.089084193041652437	0.084604369291037498
0.084387525364157792	0.08318273369415026
0.080170285333329899	0.081819054869061339
0.076369577428164165	0.080487687589765794
0.072924808464107316	0.079230022465590494
0.069788133933946631	0.07803043455495666
0.06692680352418813	0.07686472169803929
0.064297231471484487	0.075744725803884833
0.061872383436487953	0.07468739042152793
0.059632519784111424	0.073675002331058906
0.057559115717041393	0.072721817079352824
0.055631470148074701	0.071841758906290257
0.053836490039338665	0.071014678151717373
0.05215816683122812	0.070248631608385639
0.050583944235835177	0.069526188755294815
0.049103806970462363	0.068817218815885386
0.047708160618872994	0.06813229829379408
0.046386075726380684	0.067477609519964482
0.045136747094758234	0.066864364562082515
0.04395682728617991	0.066273380517520394
0.042838638904805978	0.065708605727501618
0.041778868309313946	0.065201387374113254
0.04077164208315541	0.064719941398087094
0.039808042363103022	0.064245955962212692
0.038879790451441895	0.063780437986998326
0.037992662770090162	0.063352262779748508
0.037150204783587923	0.062944647738741075
0.036354163136007631	0.062514375726059751
0.035595308623642449	0.062068494018882224
0.034871523054166777	0.061592128950611731
0.034178371423209203	0.06110168999558889
0.033511987844953899	0.06061597232712479
0.032874849118862362	0.060134102623381036
0.032262388548453286	0.059667929883530452
0.031673730417911855	0.059211152480965014
0.031108610090352942	0.058776515163601946
0.030567763199151856	0.058368145297424269
0.030048171271880326	0.057971713531541486
0.02954877431902193	0.057601498397658817
0.029067017537408226	0.057228712648673671
0.028603773345268039	0.056855879418819137
0.028159492639561159	0.056492730493389383
0.027731916987238266	0.056146139652379447
0.027320424642867408	0.055819086863485363
0.026918619793422947	0.05548906154706857
0.026524306315766001	0.055143504222719311
0.026141227606102924	0.054794566124301308
0.025768111390894969	0.054446048607182974
0.025403405637270126	0.054094482503017571
0.025047942423423043	0.053739989560520104
0.02470246486416193	0.053393235942157391
0.024365629406641262	0.053047615417593702
0.024040854968423637	0.052696378958574701
0.023723397548043458	0.05233909445508933
0.02341385692581046	0.051979202889957263
0.023112644532948878	0.051622303198236283
0.022820011313067511	0.051262836818452409
0.022537722804720561	0.050925097335494614
0.022269654334445589	0.050633402636077927
0.022010211316847751	0.050372458315343378
0.021763744881730215	0.050164559769470214
0.021552388604836117	0.050255349592815621
0.02131802204805873	0.050192065564995732
0.021080376641257417	0.05008640225470936
0.020888145561532175	0.050252642792921499
0.020679146691125472	0.050182302827960615
0.020468085437311635	0.050005633438138318
0.020262900018505382	0.049846109010007134
0.02010117828732377	0.049899001486714528
0.019908019629180245	0.049751541634274823
0.019715701447842068	0.049608837956293284
0.019521722720151496	0.049489609735076587
0.019358883887342804	0.049409492020916546
0.019231179988870837	0.049716013156589967
0.019057921112921049	0.0495119586436744
0.018883059196800566	0.049122780996783119
0.018696394303041954	0.048335786945859834
0.018503254744622916	0.047392523931981845
0.018349364764573915	0.047170795142671619
0.018167897561900837	0.046269371905598593
0.017991644084495918	0.045803911101902947
0.017831476066427768	0.045658174224691005
0.017672140599475396	0.045238004437814082
0.017509565382277145	0.044438891749897562
0.017341787372487167	0.043660817466411449
0.017201224253356281	0.043444647715022607
0.017042732459774348	0.042822959283163591
0.016906423798662383	0.042469561040645872
0.016767085869265903	0.042267910911940251
0.016622905869765326	0.041627016044190022
0.016496416550939853	0.041579053993655864
0.016383122386204662	0.041460100460219695
0.016218218044875551	0.040812792627320418
0.01613008409246415	0.040944309163840335
0.015950993733823228	0.039728639103610359
0.015891327700051694	0.040818812400140243
0.015779029614752201	0.040638765038356978
0.015667541616576491	0.040750646788669437
0.015589554171237457	0.040867956328290281
0.015431588425015309	0.039482557932983359
0.015310680224583028	0.039121899395153543
0.015258882393414101	0.039725150829161976
0.015178508063213759	0.040600005672354361
0.015092011175249897	0.040115417784073723
0.014910515094600547	0.038072446639891067
0.01472203261297372	0.036505186878349187
0.014708748206905285	0.038417522520635516
0.014650669829908626	0.039163957544063009
0.014531884139054135	0.039356299535011519
0.014441792896704126	0.038979966345241909
0.014356432387013484	0.038438748196916527
0.01425398412061709	0.0371590385999402
0.014122906850305534	0.037691873682026603
0.014074674834384985	0.039393145434698955
0.013765107933220538	0.038432944860197556
0.013848890282768773	0.037015562045694672
0.013757537776062779	0.035675786054297165
0.013524127826225602	0.034133876917475818
0.013530399965687391	0.035553541691496937
0.013394659888973396	0.033174945347382002
0.013314997707328682	0.033457481791778619
0.013126400889494893	0.031360250014836021
0.013170600738334596	0.032829702816288733
0.013114112735514655	0.030858009062333824
0.012872768257512181	0.030074206888726737
0.012873662780727827	0.02967893730360097
0.012817654270102573	0.030602672294392081
0.012717764458081031	0.028922115470662594
0.012595033815613096	0.029772840539291884
0.012594715782110945	0.029125511178895575
0.012435620926734356	0.027787294024318381
0.012374043678096348	0.02867047799399516
0.012352180818444167	0.025735984534814446
0.012256207266104914	0.024377560463378408
0.012271230582158973	0.026530855607575142
0.012077175318265156	0.028538493677153654
0.012025392947700685	0.025272481802990111
0.011952283121545452	0.023396032529521382
0.011902283249675122	0.026672798415879578
0.011825805921812529	0.022968130712610873
0.01178835240303313	0.025124982212871381
0.011774534487551471	0.023160646578747529
0.011672564073720476	0.02587830164088294
0.011523638340451951	0.022513949631002644
0.011520332544765061	0.025969457373786423
0.011468752224876927	0.023952541617962696
0.011465983992010091	0.02437839671498726
0.011443209550856486	0.02198917180455293
0.011299523884999949	0.023644203541466707
0.011147545631951691	0.022211824238486784
0.011222325213851785	0.023083882719059756
0.011195386727543138	0.020026508806230671
0.011016282147171633	0.024097712302130286
0.011067612057611292	0.024090276810923641
0.010934470764452118	0.022230895948099513
0.010991428159372634	0.021873576698078434
0.010894976901967333	0.023538654272702235
0.010878429474746572	0.021526895441882216
0.010839502124221117	0.02064440512433147
0.01070234352719574	0.021460782637265672
0.010693557612849429	0.020063142479565935
0.010656803625001715	0.020883752411158359
0.010586065502852385	0.020100951159606428
0.010564632498724037	0.019291576698436886
0.010506624531518563	0.020766398144532766
0.010431323263328844	0.019348136855091975
0.010460273377873218	0.01939618170805384
0.010242176491717251	0.021087391588873659
0.010327896358988935	0.020229599909583854
0.010256215254128488	0.02302795580855203
0.010106947441886182	0.020022750090529146
0.010171751531491979	0.020187879853216475
0.010156318486843875	0.023285979483413721
0.010037166407844232	0.019598251731073872
0.010094485621929045	0.020101831798040332
0.010092505892456792	0.017858460666500962
0.0099416883356399678	0.018680159249586364
0.009930022922561196	0.018735530686070447
0.0098895697901451602	0.018781145314054171
0.0098573413129433088	0.018187272729565555
0.0098800633737439331	0.018508407991465449
0.0098979057001826153	0.018357260295958251
0.0096357482203075304	0.017640103064952964
0.0096238490097850654	0.018023803224877479
0.0096202633795507714	0.017710400635304518
0.99363581765117326	0.10213552902104618
0.60570823602912838	0.1021755021774701
0.43542908386416418	0.10230155953814535
0.33975348441383069	0.10251673412145285
0.27846429746551005	0.10278884480877262
0.23587449949458825	0.10272254677105547
0.20462530836862028	0.10201240724359918
0.18073043940749201	0.10094607596085715
0.16188286389307011	0.099573023097953947
0.14664254597606768	0.098097832059579268
0.13405269158212246	0.096606075589164467
0.12348044621908752	0.095143245401646676
0.11448478867049228	0.093688384179469078
0.10673296197993562	0.09222077337982286
0.099991537798036323	0.090810992300264487
0.094082269871527194	0.089388415085580403
0.088851499780617307	0.088046992041976455
0.08419274087593237	0.086791177756755655
0.080017891036895036	0.085581327330405244
0.076248608759983599	0.084391250572821375
0.07283824836586035	0.083232688832862223
0.069732890752454688	0.082110773724356753
0.066888291418732385	0.081026555524873742
0.064277647278909333	0.0799580303291164
0.061874007015315174	0.078865097172261492
0.05964259053408421	0.077739099716324478
0.057569602006472237	0.076607852939657176
0.055644550766854463	0.075496263840101538
0.053847185273718415	0.074426132455614441
0.052166984275876321	0.073399389642952853
0.050591118716064629	0.072405330673088339
0.049110393844376529	0.071441463508808131
0.047718092609104389	0.07052031568211449
0.046406691464433672	0.069635948956614416
0.045167178061371528	0.068785564324771536
0.043994904908135464	0.067973346085416414
0.042877854482923035	0.067183696447947319
0.041818552561430265	0.066431060712974027
0.040813025518094279	0.065717256272144489
0.039860647810211092	0.065038237777124655
0.038956886393367161	0.064385887042673728
0.03809345687432629	0.063748010971278204
0.037268834948973546	0.063121299762682798
0.03648174838991583	0.06253804885040265
0.035729940209298733	0.061997874450409211
0.035014857133542847	0.061477830608740833
0.034334250621711596	0.060988585317659272
0.033688754759767153	0.060548905976911059
0.033063707108193965	0.060164551289289277
0.032461748092722162	0.059834165016563794
0.031885105573786376	0.059495387399107424
0.031333179040341316	0.05918093463572089
0.030808935969890153	0.058849068760009296
0.030306961852327462	0.058526596702838316
0.029826305568916384	0.058220747741289054
0.029363363835171016	0.057948604439758383
0.028913391452786805	0.057698669216907042
0.028475598019441765	0.057457730583559193
0.028046714224390066	0.057211405956135206
0.027631477350884944	0.057007835177808094
0.027230051789834696	0.056810307988203218
0.026844996506900573	0.056584324244622002
0.026478297642034781	0.0563841713425604
0.026120561372194227	0.056162524503461236
0.025766692952718478	0.055911472546271768
0.02542349215029914	0.055650968179970173
0.025087666440376476	0.055389578322258153
0.024760506156429295	0.055138318318781014
0.024440121829435016	0.054889714319213599
0.024126268934127643	0.054644717541649374
0.023822845000496091	0.054405881393712531
0.023527922762455342	0.054183310944674372
0.023241417041732621	0.05395710213627896
0.022964643898925843	0.053745161071630243
0.022696704466111113	0.053548818097949522
0.022432837390832211	0.053342293342161541
0.02217537429604383	0.053158560773563804
0.021923594838569548	0.052974048809029478
0.021675623995515803	0.052770814442821133
0.021433699009761786	0.052578429669325986
0.021196535237333131	0.052395703465998908
0.020964692085847184	0.052200108359720332
0.020738119820509306	0.052001944059652118
0.020514362038562127	0.051779201965311959
0.020297852266034457	0.051531900712858188
0.020085540503343401	0.05119296354456504
0.019841333743508438	0.049997994428434479
0.019645817135204753	0.049733929309163837
0.01946099591567458	0.049536928263029328
0.019284584029034008	0.049370079789812837
0.019112953519028482	0.049205018242629517
0.01894325863128132	0.048956220702935219
0.018753227840429695	0.048369888115917248
0.018550870643582528	0.047922304823015342
0.01836978584167611	0.047710457308488198
0.018205650438645762	0.047411000155997779
0.018075807840828902	0.046892583679557988
0.017909206246332153	0.046807176062467509
0.017801592168001704	0.046216414438591626
0.017687603056953122	0.045761518366097431
0.017545059110109656	0.045564975868357775
0.017425133309024399	0.045458678009699501
0.01728045928059491	0.045163141292904552
0.017158664505797696	0.045068660974449094
0.01702399126519023	0.044650577876062046
0.016892063535671149	0.044691783139386161
0.016757598437345519	0.044436020904035679
0.01662928605426903	0.044171239784170722
0.016509090742034545	0.04409353320699462
0.016410804822619071	0.043883656368730969
0.016301306475234343	0.0436668042134115
0.016252830683416271	0.043767812875939886
0.016059550399286547	0.042870755922559338
0.016023230822764353	0.043470903008620131
0.015908702858967626	0.043267859572990126
0.015797596720125658	0.043201202014479537
0.015675941164238989	0.042955333869985769
0.01556551283799195	0.042726544642662893
0.015452958187651732	0.042526065640314699
0.01534731069724359	0.042335707279758827
0.015246603893653102	0.042114137753046385
0.015152712988216173	0.041930573034262099
0.015021264930821928	0.041425632432461279
0.014981963045464777	0.041271171248486255
0.014846466755766678	0.040721005250770138
0.014745438906879578	0.03986818344172454
0.014637710097977574	0.039608080068207145
0.014543646149587881	0.039641556531833551
0.014447755491488266	0.039510531474033404
0.014372755734456184	0.039187428840628258
0.014297895521381759	0.039086828809529447
0.01420357288080318	0.038773275165306736
0.014119144664795793	0.03853679167785988
0.014055261661805929	0.037452333980974327
0.013971969223834148	0.037327839834572142
0.013882961514670828	0.036816775437538703
0.013827590933423032	0.036529221565333558
0.013926212706201199	0.045702089886618745
0.013647436414442196	0.036869707964325031
0.013861454633790049	0.048307388812384125
0.013799326826197904	0.047832588402992988
0.013687378499413119	0.04599783503066094
0.013635778994724394	0.04708886559995408
0.013280929574122581	0.036098606887258231
0.013327417901911425	0.039785347419239461
0.0132997956080183	0.040459308900112394
0.013157321866850147	0.03826850450611035
0.012965382214362182	0.035398247606583388
0.012901898293506683	0.035197077249546224
0.012841404173543057	0.034690562660271256
0.012953371964860927	0.03871152878362262
0.012709419875415006	0.034502469816371041
0.012846415915349262	0.039594070542756793
0.012853204708015525	0.045022997651346028
0.012505977933557783	0.034487919686990449
0.012833989612109378	0.046095574862083336
0.012808565425524806	0.046431413888009164
0.012277043333280504	0.031549448857814175
0.012688517620318324	0.046241308091838927
0.012620862503702422	0.046130503953443806
0.012538045296370506	0.045647989846138562
0.012532089362088107	0.046154799268407799
0.012438527433396025	0.045514715233543737
0.012396334143422628	0.045574785779894836
0.01197647339390851	0.033410394877709741
0.01228238286104227	0.044937018347437956
0.012216143720490605	0.04499494352987999
0.012218168622198778	0.045533235566503821
0.012156259589084959	0.045245919635366637
0.01211789217192539	0.045152724121428851
0.012049386078142607	0.044785363649225467
0.012006846639157381	0.045259883043387218
0.01166675799035579	0.033685955190333149
0.011881544049765495	0.044868306142538839
0.011825209183813889	0.044953631420244368
0.011710512258841437	0.043327783058804484
0.011711994830585428	0.043737143872240196
0.011447977721797543	0.035941842682567726
0.011578400666022328	0.04343956033390755
0.011539648268282918	0.043024167744850239
0.01131679526372462	0.038023521691806311
0.011192328767341629	0.031897919048369576
0.011286834677550452	0.038609009207907413
0.01102165345684585	0.026643813628528606
0.0107351940530822	0.022460945297647507
0.01090732392862374	0.027581348492297333
0.01105286920020967	0.032222887715598038
0.01065751503466718	0.02208197204924639
0.010799637701975215	0.029354696649860158
0.010753788566238364	0.026400741226627354
0.011027354475853466	0.042014276559509817
0.010893149653935149	0.036879697112318283
0.010791515889330002	0.033124850854746632
0.010604637991334388	0.028532738396420572
0.01065800427035599	0.031658269792535686
0.010576174357875282	0.028307239827695431
0.01080044945955165	0.038949819606963254
0.010517595440926931	0.027349244634591006
0.010749040724023889	0.041287397460233626
0.01040318509997989	0.024953775932048495
0.010563675772627446	0.035862274891234891
1.0025186308430971	0.1028347986611868
0.61149166466554838	0.10299783978404574
0.43987314831523988	0.1032537681232284
0.34346118343518223	0.10359340336289272
0.28172506961434918	0.10374602208692381
0.23887480494955787	0.10338616937310799
0.20742002622028016	0.10260281272270506
0.18336893020541123	0.10143177027388679
0.16438017209198574	0.099954407854644087
0.14901704835653617	0.098370032892788839
0.13632710838011217	0.096764841863935594
0.1256627191415958	0.095206243589483958
0.11659468187046945	0.093653560741474393
0.10878083186035539	0.092134946279114949
0.10196683723681875	0.090719762601260703
0.095981190977279612	0.089337448653487334
0.090675834867470467	0.088016911032100117
0.085937942360524294	0.086767856245390462
0.081682607081062064	0.085604771804814059
0.077841120443836204	0.084529052017689191
0.074359532183792293	0.083503810557526745
0.071187668199727647	0.082525600570701227
0.068287935796364593	0.081594303674584617
0.065636794910674701	0.080682105124085524
0.063195421241341906	0.079780220685641584
0.060942934042938816	0.078921252321291338
0.058855446165177509	0.07810826883087793
0.056917648474374236	0.077289495361476543
0.055114738457462321	0.076504378975144879
0.053430965035928833	0.075767033319033311
0.051854965594129512	0.075014142945374562
0.05037548143110232	0.074279282882061454
0.048986616901007092	0.073560196650130805
0.047678154068829984	0.072844044172633834
0.046439907208440608	0.072157838198772264
0.045265363626411939	0.07148228695003879
0.044149603877420875	0.070803489865394156
0.043091939581473906	0.070123464059440546
0.042089527575306276	0.069462711926915499
0.041133179666392364	0.068823755202074996
0.040220856940577449	0.068204072842069738
0.039349249646274231	0.06759788193782082
0.038517529300067278	0.067026106888328621
0.037723853973349125	0.066493045166808096
0.036961587192478315	0.065927819651630734
0.03623222130626455	0.065368991394937848
0.035530123224369659	0.064818009094535931
0.034855211948965459	0.064292428121584019
0.034209699591887147	0.063819752330604551
0.033589417674510492	0.063379874559414962
0.032992283140491095	0.062952260118982611
0.032419190191871637	0.062549196051508285
0.03186699064738293	0.062165449320784896
0.031331233797276939	0.061777248845296368
0.030812793350797354	0.061399617094140317
0.030309794203915556	0.061014603880294442
0.029823655435629932	0.060642770008542124
0.029352321373683054	0.060274883698041938
0.028895234313711184	0.059909703572624325
0.028455840870745049	0.059531664179296347
0.028032508154761382	0.059157235777706839
0.027621777893059252	0.058780007679308716
0.027223019641009493	0.058393626134114376
0.026836291482773372	0.058035176075723324
0.026460254467846403	0.05767886005562417
0.026093693249850825	0.057381562423630163
0.025738324799045684	0.057120551453040853
0.025394872160740649	0.056872203357355877
0.025063636785872236	0.05666191681713291
0.024741351671809853	0.056464827349773664
0.024430205523731766	0.056193648129952464
0.02412718719535566	0.055914547615007852
0.023830620782357214	0.055619300982600074
0.023543416713904905	0.055341539030515051
0.023263104665152638	0.055052871133665471
0.02299108987390841	0.054737010680018169
0.022723417876475843	0.054451446179727886
0.022463658669127886	0.054132415406662637
0.022217783100669432	0.0538738969364711
0.021976699272784544	0.053695940134155663
0.02175315547196395	0.053571424300341904
0.021574551540113673	0.053835796268233392
0.021416752423626811	0.05430944260631989
0.021214553453508336	0.054214935294251948
0.021015725421098842	0.054076697923789795
0.020822166495757983	0.053929446713453226
0.020632619426124044	0.053769416744830677
0.020445959595605964	0.05360941561227521
0.020263140953404934	0.053445915326726434
0.020086083106373168	0.053278860732595412
0.019915211679200833	0.053086196702955911
0.019747414682656186	0.05287792748219787
0.019580530401833343	0.052658718945331362
0.019412762697198764	0.052434558837658324
0.019245306396135867	0.052192823355391868
0.019081842486406295	0.051955470102806461
0.018922859607277898	0.05173522594340748
0.01876721860260612	0.051505307369011988
0.018617522291272864	0.051253168829614282
0.018464924401179802	0.050720748228735874
0.018317788640778161	0.050472132600531718
0.017994329194636074	0.05046230766784552
0.017885963172890627	0.050434540155206965
0.017804664080548909	0.050458712492455156
0.017591225154024295	0.049828852301520905
0.017470859763658801	0.049674573571491756
0.017289545235947414	0.046251225520052369
0.017131130026538002	0.044174649568361903
0.016969474529232788	0.038210684957326699
0.01685163981313054	0.038253309435607723
0.016706044766722578	0.037476030890823006
0.016628475796216499	0.038793641095337651
0.016487021921195836	0.038926080401235054
0.01639382470278546	0.037899110046540369
0.016313030950091217	0.040663826581073474
0.016093563461030233	0.038905538475800708
0.01601532222990212	0.036321554875122675
0.015960250162130429	0.039903418944590187
0.015743377792937805	0.034572033557579693
0.015685898110394676	0.037088540082711903
0.015544203309835759	0.034632227076236345
0.015519165941398697	0.035923846178748914
0.015368512728025674	0.036516476028224318
0.015258267098546156	0.039134733666431151
0.015194864488883254	0.033913083016765815
0.015157088074925497	0.032788206049867999
0.01531126038716474	0.03312651056299043
0.014862623283992796	0.033151523040680371
0.014836220152152191	0.033496758252346784
0.014794518973267695	0.030947991607835627
0.014675585172853988	0.039174581570752307
0.014580708951759898	0.031593331648667504
0.014397139949453446	0.031953924878543614
0.01437532028848394	0.033732522872644187
0.014449263650763123	0.031359762999622225
0.014221742284626753	0.034757737004429586
0.014302218296579116	0.038486079449505051
0.014074646091058372	0.028838688303880915
0.014121972859261285	0.037153484266203483
0.013987219065526933	0.028876729359779512
0.013846838828536013	0.030659069433969753
0.013927001025257742	0.041906800052869356
0.013663170411747682	0.029231070649938167
0.01351190946074049	0.032592662533295472
0.01354561349654719	0.031490565416262911
0.013462713240189125	0.028268440705525026
0.013425364459146416	0.028401705628397642
0.013346674644868968	0.032670045418861392
0.013356810699718604	0.038642062768713598
0.013178992283211439	0.027440985825446934
0.013195394762033708	0.040979260049298867
0.012912239965096443	0.029366117345746026
0.013039464903380683	0.033426688731938818
0.012852611781867071	0.027107815160250872
0.012904955981554516	0.031863212777259044
0.012747537947683605	0.033315014309638208
0.012531143701002565	0.025438839767437976
0.012541949818157041	0.028995047613247702
0.012544952067805322	0.031688161347227545
0.012598741814322828	0.038717866360634977
0.012431170849381352	0.029552172067530483
0.012456148866086465	0.025596766418371383
0.012320449054344651	0.032950646690663811
0.01213800094320914	0.025342492722036047
0.012129336004299119	0.023169754918342337
0.012132416829991187	0.024136830077629214
0.01202207133763983	0.023978836289780148
0.01186404674364179	0.025484084109502602
0.012009524650736268	0.026760894299080414
0.011861526862007676	0.025309161243610902
0.011836817959977789	0.025810361159979908
0.01174243886072898	0.02388875550705229
0.011747575769978813	0.023225682998647388
0.012108080169004077	0.050666809079733942
0.011515073467551502	0.023043464843603666
0.012020886766700883	0.050709273498205733
0.011507738119275244	0.022990796941073009
0.011919644345115318	0.050331597938058699
0.011340509606442737	0.022959811476113028
0.011405255906127664	0.022242096864512742
0.011343129045809863	0.021553863542241435
0.011224852312064644	0.022553999461983273
0.011287950372838841	0.025058586660760343
0.011051923961247106	0.023690440768103567
0.011026913486411178	0.02135482099716245
0.011208962658427137	0.021853066483409025
0.011122474373786533	0.021645026767817314
0.010884981979166746	0.021458273971511153
0.010923558012119678	0.02495733148344936
0.010854010929941179	0.021451405395144583
0.010726194325085443	0.02075797638525817
0.010842428815913536	0.020377799269577862
0.010741177314149366	0.020478376284428463
0.010708613963918921	0.019539722394360137
0.010576919816186288	0.021010773996600181
0.010557508040531474	0.021749046603618528
0.010627600082990612	0.018606517025725123
0.010489419979321903	0.019753722401283147
0.010429608559541084	0.020562895042325537
0.010323500323245359	0.019866874996239552
0.010355770494364936	0.019359661769828024
0.99392834161601307	0.10063207257731531
0.6067151427134394	0.10066726531968924
0.43675502754750006	0.10078693238514598
0.34127854845163152	0.10087811336329165
0.28016393209101942	0.10078890725752374
0.23770462677869636	0.10057827552858951
0.20648889470994719	0.10009631939625842
0.18259557767504231	0.099273194482573365
0.16374081023756146	0.098174914501549887
0.14848649896188734	0.096846577801243672
0.13590571689523806	0.095413443086703784
0.12535820213645807	0.0938851080448658
0.11638679230678423	0.09237307967091643
0.10865768342187192	0.090939996792763281
0.10191973326179024	0.089534572598004208
0.095993875659580938	0.088212289945149555
0.090739087882311137	0.086964893958321521
0.086036425649363854	0.085778841872592659
0.08180984472306517	0.08463915994169674
0.077983960390065138	0.083531157705236156
0.07450495484902675	0.082434004599236388
0.071331720068070814	0.081370579680278943
0.068425833204401182	0.08036103087073318
0.065756269426731906	0.079415224882636429
0.063291432096188913	0.078480533351174733
0.061005541737724656	0.077538295415785566
0.058876200000801383	0.076598393778550419
0.056890823695661431	0.075688223298006369
0.055038549694332028	0.074837915449192383
0.053305555931095705	0.074023058928019775
0.051678661899505485	0.07323032132724093
0.05014960803415093	0.072462429117128385
0.048705872399175197	0.07170428359533737
0.047343518788735849	0.070961283748847095
0.046053535023745554	0.070224000353418609
0.044833185629632802	0.06950187531875858
0.043681164843116106	0.0688199111289437
0.042594190331320989	0.068182914679701265
0.041565883338016245	0.067590952909519025
0.040592763184298976	0.067052457028571627
0.039671055888982065	0.066579137398038404
0.038796592222460818	0.066144779642331994
0.037968664960802957	0.065720641723899867
0.037187501544428	0.065374034145850121
0.036436414818290429	0.064977038942167553
0.03571967092632531	0.064570502191917956
0.0350373279470668	0.064173746756727101
0.03438395938503918	0.063774319924222764
0.033757642064017164	0.063389479412726726
0.033157268460283641	0.063024378510829232
0.032582260862714728	0.062669345330353593
0.032033327590696312	0.06233957624790213
0.031501811920489238	0.06199275755803809
0.030994892106410817	0.061656377101911214
0.030502850462362032	0.061277694198791623
0.030023536707573656	0.060860207587518048
0.029555090467497193	0.060429161769910381
0.029103996408765105	0.060005520294533016
0.02866790502830573	0.059569078621296831
0.028246958889560424	0.059148274434393244
0.027839850785152526	0.058729306442692433
0.027446363022728477	0.058308869571422679
0.027066472361966361	0.057893659799581013
0.026698649114484895	0.057484001112216923
0.026341391017702925	0.057090229983851402
0.025990421712855087	0.056711200508928743
0.025650018019447701	0.056352671971923882
0.025317698025604334	0.055991423051791549
0.024993473090385243	0.055636551127075572
0.024674575991461389	0.055303642112998604
0.024367189223589901	0.055171418927148073
0.024055978884265534	0.05506744173501011
0.023753026986015377	0.054842034732107282
0.023464712794151219	0.054740302365636137
0.02323345956975888	0.054906457376792457
0.023042848817392686	0.055085288768334975
0.022821527169751783	0.055010298863705162
0.02258663781522045	0.054838511440244438
0.022350104523591249	0.05462072078783968
0.022116338000318606	0.054392933972069027
0.021888667104339215	0.054174610449211548
0.021665566716950396	0.053967221317479663
0.021448543890190665	0.053780073197661808
0.021205895701456	0.05350497138804846
0.020967690868248838	0.053223194771664817
0.020738593056576562	0.052925992930100266
0.020535262897270899	0.05256289003979301
0.020324238855139436	0.052173192863527763
0.020127327767389829	0.051823269163631121
0.019932447064394399	0.051548348500314464
0.019749542093241809	0.051219720108380648
0.019565073386638644	0.050906103891695503
0.019375993948118734	0.050702811050903684
0.019200071186475688	0.050389302512596809
0.01902246707719641	0.050107905760295973
0.01884670429487877	0.049811397708226915
0.018671340925444407	0.04933212193514952
0.018507938501953276	0.049088812227730275
0.018336817993519175	0.04864262980650004
0.018185582373563883	0.048579563732964383
0.018023345502753904	0.048168842543932486
0.017856802185521589	0.047679489499640883
0.017682422761693295	0.046878146984254035
0.017538978139193435	0.046688924893428171
0.017300838185728754	0.043366423847998416
0.017227138108841231	0.046360846687677378
0.017057169832494695	0.045940621956706749
0.01687709005925012	0.044622882119811504
0.016570484414558433	0.037746078541416449
0.016545716447669487	0.042835025838431302
0.016484010516830534	0.044250755329092055
0.016307426421430689	0.041570704026599771
0.016215521748068951	0.047660362309880071
0.016075053640336911	0.047661180383210711
0.015964949259738223	0.047362654697318166
0.015855407872122255	0.047418931356235615
0.015721146874186197	0.047339754821693995
0.01554287733367477	0.040536552168399541
0.015457523442626457	0.04360260511494915
0.01534132069201463	0.03654289147421217
0.015207770803625956	0.038976011943537357
0.015188622566107871	0.038693925302239453
0.015022648867668128	0.035823898817187526
0.014745120196228751	0.033132210886612355
0.014799945048952403	0.036420212674669557
0.014760943022068694	0.034734066600485572
0.014642037759353152	0.033427383139258339
0.014485849204499097	0.032816195199813492
0.014489083696415743	0.035096518339861285
0.014361453644437045	0.03445518700857967
0.01429702479395089	0.03196708205090952
0.014148156435568065	0.030868069648649181
0.014091613008393629	0.033594375651975761
0.014103941716782363	0.033928493655550167
0.013874530492368876	0.031148622179106931
0.013636083027466274	0.030411890970016554
0.013825158623027066	0.0309065571990997
0.013630182743538865	0.029878896399691376
0.013640182138668805	0.030839358022200537
0.013436335366088507	0.029100524417559899
0.013541745085289394	0.030522116482946986
0.013449403452227136	0.029006750725044682
0.013277578449296862	0.028911375987653143
0.013285279462594772	0.029165302363102982
0.013086394655299347	0.028334779566621709
0.012998694851309273	0.028791656059301281
0.012931638568721234	0.026688102139810696
0.0128977457214731	0.027125346212933887
0.012778746450452193	0.027168458112273718
0.012897895478650752	0.027267973614228332
0.012724217990587655	0.02784402282789341
0.01264755312241737	0.026405357516540256
0.012565634233229291	0.027075293682212745
0.012617467423447251	0.026900323981187229
0.012379372134074081	0.026239892353950401
0.012225312276683584	0.030525311046036917
0.012270039403158321	0.026109839726721946
0.012086192674730791	0.028986326607071008
0.012198901641267555	0.025536702758501166
0.012195661438771445	0.025822171665520022
0.012184901231508406	0.025002038186238296
0.011999788267063738	0.024748971924757255
0.011774873986495524	0.026912621564263224
0.011891973377794631	0.024362721928281896
0.011778246677948859	0.025323574493772493
0.011740596352062796	0.02385546699483139
0.011554009830902373	0.027604755867857274
0.011648694645548319	0.023131821014490531
0.011706456051289763	0.023623819955038834
0.011454112166039421	0.025181597480359846
0.011457987102166861	0.023464996623369476
0.01145421059713385	0.023205725233631468
0.011443641712272143	0.023376858263214506
0.011409296407384787	0.022627056166057952
0.011288510329420506	0.022609379190016848
0.01137273317806712	0.023393031568266255
0.011251940022617033	0.023542018127493416
0.011155777832600041	0.021747311178199363
0.011079508102283976	0.021805970345068683
0.011054634737955498	0.020826862989853034
0.010919884951155846	0.025035017233921129
0.01093989231716987	0.022469958073688824
0.010919144519075542	0.023474818645979986
0.0108174804093482	0.022334295099252839
0.010824343114078627	0.021507389690817245
0.010830992014701385	0.020416688161429764
0.01071690388012911	0.020235569494808116
0.010701328141824912	0.021257072340667156
0.01066842207071623	0.020898130659426382
0.010719848566180516	0.021610433712847727
0.010556025697472432	0.020470488363900027
0.010453998719484379	0.02060392891854319
0.010331522919580055	0.021664729045506363
0.010407100077305905	0.022466028189154337
0.010576998744935751	0.021825621386345084
0.010396392451252904	0.019838516965922773
0.010317119942897978	0.020469495234130278
0.010280560561495598	0.019639650045750794
0.01040884299104787	0.021092812068403303
0.010195982519464164	0.022222040156206397
0.010107152878056276	0.021733023317088384
