f	stdf
1.0000154692449905	0.00059476982701267588
0.55213218641047623	0.017426259299805427
0.381357017515084	0.024116301269220108
0.29127790323667296	0.02771314274289572
0.23562908146694123	0.030014160998640082
0.19783805591224984	0.031659407438365872
0.17049916491502798	0.032916036616886288
0.14980603981699392	0.033905024975787637
0.13360147366921868	0.03469407735889312
0.12057185677351999	0.035298031544814812
0.1098697536922113	0.035762769169251231
0.10092420883867612	0.036107804044949822
0.093335420368504576	0.036400110262794896
0.08681688348754904	0.03665527171180457
0.081157890554028403	0.036863386119613623
0.076199600751082106	0.037019632129989939
0.071819554023384427	0.037131997265493245
0.067923081810151831	0.037190772468908791
0.064434155268397561	0.037197624106359968
0.061292490501403847	0.037155600398564866
0.058448980853056817	0.037064625464469959
0.055863175504844473	0.036945420372955159
0.053500318193027835	0.036822672787629511
0.051333330925250588	0.036694545302237744
0.049339068124302603	0.036562207667431693
0.047498363327293666	0.036432669578534249
0.045794003048378301	0.036321958316653455
0.044211124958187457	0.03622279073405052
0.042737614466819326	0.0361066461911351
0.041362208548398567	0.036002206126317438
0.040074769086325658	0.035887971347128567
0.03886746054114544	0.035735112859281819
0.037733985683829872	0.035568689428261725
0.036667784354890237	0.035400522239274243
0.035663178480474282	0.035244374602270409
0.034714129050445519	0.035099319344489524
0.033816343187225949	0.034970519218511249
0.032966845592259306	0.034870812726607241
0.03216282222191668	0.034794590132930778
0.031400539852703364	0.034692587978225532
0.030674511877375771	0.034578570402830543
0.029983741936966381	0.034459021381726115
0.029325826199612763	0.034305468650941182
0.02869732198879121	0.034100571824778651
0.028098235333014115	0.033889274095190804
0.027523507025231701	0.033650269641002185
0.026969655787564918	0.033292714784119208
0.026437096535740324	0.032953379298591448
0.025924045905640875	0.032542107358862857
0.025436618160698858	0.03234718856894684
0.025009837877988401	0.03290261677765248
0.024570502878324307	0.032965092049303611
0.024128702630875024	0.032549098861023938
0.023723733488642453	0.032564995079501814
0.023323499267319293	0.032328586816455965
0.022934395861201239	0.031899699111926243
0.022565318687639415	0.031886262791251334
0.022205467556128063	0.031603677643246321
0.021860462252329117	0.031390018320784377
0.021519529089766551	0.030974200110870771
0.021195490520137836	0.030934290246032625
0.020876276596382502	0.030707011508237552
0.020583876726319922	0.030450275249092766
0.020297649788707767	0.030482111078649451
0.019995879709381312	0.029902618835600761
0.019718287779427211	0.029740056608897721
0.019455451139754023	0.029293400453881801
0.019185255636289485	0.02838767914401575
0.018943522207778164	0.02909610255136353
0.018684166501946636	0.028823282378634092
0.018452700877928472	0.028271687977837245
0.018202969530994116	0.027394182134302645
0.017985395208515439	0.027244836108213547
0.017761417798013858	0.027537797659656506
0.017542629856199369	0.026213836929351673
0.017333169767388017	0.026571127613013668
0.017131463489784827	0.026865687129113341
0.016919220593750096	0.025757907980232007
0.016731321188955511	0.024967345582399589
0.016513709513843691	0.023067520790143722
0.016322736697129463	0.022784771635536185
0.016170190276052574	0.02380639181044673
0.01598048095602805	0.022872981353982105
0.01582130002366907	0.023232808612553554
0.015661050229824711	0.022660455630579036
0.015491393499015252	0.02392131251480184
0.015324394470647812	0.022333576865362643
0.015204178765685831	0.022882217828570497
0.015063888102854505	0.024808279449600967
0.014908466232514402	0.023155468336594872
0.014735328652046806	0.021869870338450413
0.014578200703148216	0.021045821660048921
0.014448596256935843	0.021314789478070726
0.014303723125132237	0.020801891338783945
0.014192676885210453	0.021702665953437776
0.01401872637501226	0.020366275016771945
0.013907223841640786	0.019999978132069315
0.013778549914686095	0.02077154866055864
0.013663952086085557	0.020970034932609544
0.013529627195253588	0.020253685855669733
0.013393623986455725	0.019032583441251714
0.01327714813571562	0.018813099173671716
0.013209938881657219	0.019019556462531437
0.013063473037592829	0.019412145907582751
0.01295726740633097	0.017209483730314491
0.012885902998462137	0.018893469867454271
0.01275742524279589	0.019252113971538493
0.01264520676576484	0.017877786468961786
0.012528759970008328	0.016371155194856837
0.012418495285630332	0.01826889524380667
0.012346992892940552	0.018260329805215889
0.012242067128580079	0.017791264540798487
0.012144640381777429	0.016089631273094884
0.012076131271036983	0.017881750225835442
0.011965706287087203	0.016211965444102475
0.011888831162222691	0.016186608873862338
0.011765348665453604	0.016336485828898951
0.011726583515498752	0.018020334538791594
0.011599090758794494	0.015676101943889003
0.011513400019126159	0.015030387710221586
0.011416684330808382	0.014937131239544854
0.011404896602267652	0.015645636044461127
0.011258648199695503	0.014516377515992593
0.011198981050846324	0.014941168929273285
0.011089879703970558	0.014756006941222663
0.011033621022162777	0.014278850231658785
0.010966009885307501	0.014820051188490386
0.010869657754624515	0.013980869153177443
0.010784031845759819	0.01395356044673058
0.010734147574310021	0.014388554390725668
0.01063857514153937	0.014019534859419506
0.010612323462753245	0.013888560286150417
0.010530283327795754	0.014379346864942239
0.010482549239538612	0.013307574586817448
0.010422534609948074	0.012768895639586391
0.010317044215124513	0.014127796343147233
0.010289152080943218	0.013414303884828074
0.010230071402728122	0.012942966005968861
0.010157429932797829	0.013355935343118438
0.010149091847390402	0.014468806991899459
0.0100339758400171	0.012544506060070345
0.0099415944618786375	0.011338806585776363
0.0098676245855487225	0.012222379502445013
0.0097999697304211545	0.012160563008092371
0.0097573304387193454	0.012204791362944894
0.0096923806596974707	0.012291174550212371
0.0096838074368457653	0.011415657000120795
0.0095573786694475877	0.011542489897724603
0.0095518895702376063	0.011891777579126626
0.0095597648912327596	0.012484192790582476
0.0094651352008818853	0.011668954889862139
0.0093514850341206972	0.011137127763650121
0.0093651323290461132	0.012157564668382373
0.0092447482992985709	0.010943416033367251
0.0092665804270737687	0.011937244049229653
0.0092151805204693602	0.011590812900328771
0.0091490558919802602	0.010960769823118494
0.009109393422727749	0.011527273343759586
0.0090677911321518246	0.010553401160856624
0.0090042028776471782	0.010847716361710606
0.0089735118064071442	0.01100621867977746
0.0089179113086373801	0.011041828966710639
0.0089212046728881448	0.011281933188251145
0.0088188298371449526	0.0099548097192280697
0.0087415992582433044	0.0097584557245763964
0.0086954967324765035	0.0099626920345574129
0.0087181558696347392	0.010745732066297113
0.0087022245524185343	0.011955678592776754
0.0085923887374609112	0.01001761928946911
0.0085320178419328336	0.0095373514132717167
0.0085581060029414971	0.010365330675122736
0.0084867758998937066	0.0098391129374367052
0.0084884049008114391	0.0095581527741542324
0.0083829756373424626	0.010301977805013535
0.0083882999810154912	0.010000165473285432
0.0083065164220985834	0.0097669631641355316
0.0083255501611435197	0.0098907797331875148
0.0082409441076881727	0.0096408319598020147
0.0082698366888512218	0.010608542415962418
0.0081629990903924442	0.0095958983935404991
0.0081424714514092677	0.010402685275723947
0.0080863317501091384	0.0097674593290593206
0.008065423832965584	0.0092498681732587264
0.008009135115012337	0.0099704107451501767
0.00793346628391918	0.009047253180815347
0.0079302586786345469	0.0092296529898780472
0.0079170566452528967	0.0094992324516338829
0.0079175552581223618	0.0092832059596138286
0.0078467335013819653	0.0091657968455124451
0.0078031084220492718	0.0091745474647180747
0.0078392872782867707	0.0087585268607210144
0.0077922449640803453	0.0089331530428282957
0.0076760496924425494	0.0080176585629326384
0.0077120100160752584	0.0080470928009090826
0.007622241610592914	0.0086469333267074448
0.007648802749021094	0.0094107480471934749
0.0076111905650224883	0.0096291374346779649
0.0076027835884977923	0.0093335921188201117
0.0075833513646866762	0.0093612026589355943
0.0075332230591424135	0.0082059762709035082
0.007466387337874917	0.0086524104761485383
1.0000534110667265	0.0022248200884411348
0.55314413275097285	0.017490402583077831
0.38231011298347362	0.024122422412965937
0.29210508504061722	0.027676701544541691
0.23634636912538559	0.029933583922451407
0.19846726480845386	0.031529995323678464
0.17105864322524747	0.032730635719478873
0.15031130420513364	0.033646025531342189
0.1340648305158855	0.034346131223285781
0.12100244667512856	0.034864841420564438
0.11027382747821034	0.035271149197804587
0.1013056664610389	0.035612669375634017
0.09369901870029676	0.035888207320994396
0.087165616712479327	0.036133544685969361
0.081494111796683144	0.036347954546051185
0.076526309271283524	0.036478573749491268
0.072138440245651234	0.036571694321002476
0.068234928981762463	0.036618610362295793
0.064740635677975986	0.036614071351600191
0.061592933867662056	0.036606749611304536
0.05874272986392505	0.03661765565331012
0.05615031610111431	0.036610655887891225
0.053783062793355735	0.036579879986717946
0.051612712724040687	0.0365431292153909
0.049615762843420799	0.036515103632305736
0.047772749102144359	0.036498966866651494
0.046066831162004843	0.036490589919728034
0.044483848953016061	0.036497921015125938
0.043010821733675174	0.036491810797945272
0.041635934280851092	0.036471673715491461
0.040349869529839412	0.036450731608363089
0.039144474542832465	0.036427528944329435
0.038012424370503707	0.036427166660782266
0.036947123691184997	0.036397897108371949
0.035942073181027698	0.036350512049824153
0.03499302298230824	0.036294558251873478
0.034094674701827442	0.036269156479038452
0.033245322158533853	0.036269140392678749
0.032440159346109623	0.036268074488858645
0.03167564969914919	0.036260828263650374
0.030949084724460469	0.036255589508684564
0.030257146870142755	0.036264820754359509
0.029599618318765418	0.036302334843504147
0.028973151636169724	0.03630678585253172
0.028373482322906308	0.036304955387601305
0.027798730365450466	0.036305188468992992
0.027249170875753848	0.036286279720114216
0.026723500371711787	0.036266229027040894
0.026220597800779139	0.03626749109393286
0.025736110887976876	0.036219376654441936
0.025266010221048744	0.036075362018993681
0.024808023652987697	0.03584660056622925
0.024366288793232976	0.035587873378765497
0.023942104061814816	0.035376760128066453
0.023533008549940629	0.035151880186446285
0.023139722604968296	0.034916448783007148
0.022759926600532096	0.034636167764419794
0.022393635791687599	0.034358678072588793
0.022041624721933828	0.034100021077260449
0.02171486233369304	0.033934924469445141
0.021387020929310305	0.033704412894878688
0.021104106478525828	0.03353450668915603
0.020795451068158038	0.033247580213920262
0.020495247189013029	0.032733088115232491
0.02021288702133147	0.032414199891080478
0.019930989229279439	0.031876827800457107
0.019656626290568625	0.031815519311742861
0.019393389556216719	0.031589772705475916
0.019123768332001238	0.031901774666494312
0.018886152581182713	0.031112370036321335
0.018644635249394099	0.030537317803687763
0.018397769113618671	0.029958551883473489
0.018172191877184569	0.028538322498065476
0.017960091456231626	0.028848579226758909
0.017738299485682212	0.02895500661509191
0.017528745222426347	0.028368301095788057
0.017302881436806188	0.028212923357838274
0.017137156136105763	0.027717518071727603
0.016913333973315285	0.026884198076318574
0.016748756286593842	0.026100229941318845
0.016547904612241867	0.026635083475243734
0.016365827859095721	0.025968624099449705
0.016177745155639234	0.025570469996784063
0.016030507918020041	0.02530838018759695
0.015854775773555145	0.025207239491895784
0.015710397655770342	0.02505606414601437
0.015516240968581925	0.024431749464731388
0.015388904658982287	0.024020520096698757
0.015222616704792675	0.023618786076153451
0.015037504396879531	0.022931434551950045
0.014928552039922931	0.022386807819229346
0.014784037211385891	0.023027658032292283
0.014581156957325774	0.021440991348366183
0.014474327632817006	0.021366841879498007
0.014328379203969706	0.0217616212610473
0.014195359284520271	0.020452362126167949
0.014039606526704352	0.020789479638892751
0.013974074291029559	0.019998783374480574
0.013803942450039762	0.020338100300360928
0.013732928713308716	0.020371605320896689
0.013628659344303949	0.02041907066256984
0.013450736580637302	0.018736464055522057
0.01333431900840747	0.018971655007340434
0.013231917156334348	0.019400114064724014
0.013095718473574937	0.018805061830026226
0.013025932253263367	0.018405492557636158
0.012940102683424697	0.019481694959287813
0.012759577231252628	0.018290033353370844
0.012693927137477912	0.018396826390383796
0.012579753311155234	0.018084368935982881
0.01248899038416532	0.018313922751309442
0.012383756303980193	0.017344748397469589
0.012298390307284631	0.016532911470300941
0.012201306463951471	0.017188411593438421
0.012093365638845329	0.017982737123629501
0.012023658408472323	0.017676094080998756
0.011946046006291268	0.016528771810580059
0.011878496737308734	0.016881302704683011
0.011757097663146336	0.016048054562732013
0.01167583644460672	0.016245696902224136
0.01163374739036444	0.015948382780681218
0.011479346900585483	0.015780569102821836
0.01142003081801316	0.014955143469424826
0.011293031787730019	0.015804099039456156
0.011284720156523622	0.015767977428871437
0.011137350799906557	0.014471087678584885
0.011160655623611319	0.015631883388706198
0.011044206140846129	0.015781475020684173
0.010946354060976127	0.015263147389103952
0.010854204203862541	0.014789345805111351
0.010813566060784945	0.014125412671412315
0.010733718668574036	0.014474412285705557
0.010631249563884166	0.013368568866361327
0.010600849109438698	0.014463434565455997
0.010557986927454311	0.013369893330091691
0.010470954786840615	0.014321889672771905
0.010428589205490358	0.015047953161526724
0.010325962179875607	0.012985671081568886
0.010321391982807484	0.01416867924687203
0.010205017551341676	0.013548772148415711
0.010142266760434573	0.013076600568427481
0.010089186601703368	0.013747931672907049
0.009964083079508199	0.011703509565783738
0.0099673097097466093	0.012727827342713946
0.0099131994770046312	0.01302331239870628
0.0098735678234671553	0.01317868311499081
0.0097904844077286307	0.012108187091279175
0.0097393670683704175	0.012646925278834105
0.0097086082732316826	0.012798198109057286
0.0096115550638698997	0.011351859340352486
0.0095642731800842564	0.011576587878872115
0.0095289343707101355	0.012215047306472942
0.0094740003762140007	0.011916943889662284
0.0094089230865972134	0.012163238947342388
0.0093457069741799299	0.011511222817980105
0.0092906383873300278	0.01102613364392179
0.0092591860646307825	0.011405969065120519
0.0091758945266771121	0.01078726250120857
0.0091532670709789064	0.010771170245513969
0.0091136111412753566	0.011151866020716019
0.0090244412810083358	0.011099173556819086
0.0089931282192546712	0.011095592502199089
0.0089471925660789507	0.010515887407299945
0.0089450737864702097	0.010592409492734675
0.0089300129355188076	0.01173726042987645
0.0088366718951942026	0.01077783524211008
0.0088077311702299491	0.0103192474194307
0.0088006942907081654	0.010915491753880983
0.0087124621300540897	0.010863330882096709
0.0086910659522293557	0.010947063199023055
0.0086190134533477673	0.010095711282758074
0.0085722462845598934	0.01112487176998745
0.0085100707589909393	0.010073373132537788
0.0085152868877997855	0.010115614008117968
0.0084772024924272063	0.01051190714773682
0.0084222155531549232	0.010206832950816222
0.0083727765002796061	0.0094552142359842408
0.0082691737794413165	0.0092020410125981372
0.0082838166994161702	0.0092391835043944808
0.0082842678098820639	0.01082785428792235
0.0081981517753443676	0.0096085060528841477
0.0081288575601210361	0.010013773255251591
0.0081274520093728344	0.0097384711906295749
0.0081085205300782288	0.0093153053950474716
0.0080938672318842751	0.0096590594279112145
0.0080292176335641334	0.0098088129626029349
0.0079763506221447178	0.009391940387102303
0.0079450845010566162	0.0097077837450156145
0.0079521761156334143	0.0091236948567722936
0.0078528518245796538	0.0091977484523538718
0.0078408569334143616	0.0090381523229943334
0.0078159001384659806	0.0092578066114720348
0.0078241835457256159	0.0091753110393603572
0.0077409887472081051	0.0090729893184586918
0.0077377261242539122	0.0091390242869905745
0.0077241674147797154	0.0086884925317971262
0.0076664931582350717	0.0084108820106262132
0.0076249961188196774	0.0089461099219700479
0.0076289985403381914	0.0096231745464629356
0.0076228110145209358	0.0092202114684730007
0.0075143184730600545	0.0082350919823930037
1.0000116778920753	0.00083405339898488774
0.5529404600730895	0.017286761464919167
0.38211208223060439	0.023922167423300743
0.29192435018928081	0.027496839043362385
0.2361828340933767	0.029777185721589682
0.19832168822526899	0.031398980979254337
0.17092904809221043	0.032640405214820117
0.1501939864966027	0.033616066264042975
0.1339560798222294	0.03439068827033849
0.12089822499353388	0.035015514643833463
0.11017183041409948	0.035523135427951706
0.10120580778667343	0.035913895842915398
0.093601978376554498	0.036184734870101619
0.087073325679821637	0.03635741068336374
0.081406349481784768	0.0364828346866337
0.076441256739772742	0.036576506450526375
0.07205598284692831	0.036621469778551172
0.068153317415175607	0.036676664975634356
0.064657446323293968	0.03675070078194926
0.061509146652277621	0.036819692649554911
0.058659518283187981	0.036862490476986386
0.056067800759054723	0.036890410081168584
0.05369980779133942	0.036891650996117471
0.051528212352232525	0.03687472004523653
0.049529948593259668	0.036865806124937561
0.047684975805431677	0.036848967895951004
0.045976246382393296	0.036829538124789951
0.044389114544180701	0.036801366783621677
0.042911718678839667	0.036769774356621633
0.041533084150489286	0.036747133777784956
0.040244324448948363	0.036724061709874474
0.039036889579324878	0.036668124137547609
0.037902298896839978	0.03659830449532013
0.036835407903085066	0.036517917290079617
0.03582979553189726	0.036423161470235096
0.034880842174574808	0.036327979141837052
0.033982946804417657	0.036206312621433839
0.033132983040861444	0.03607199359316527
0.032327591787723535	0.035912792546240697
0.031561745215161363	0.03573031848575927
0.030833086996038192	0.035540616988532864
0.030141417907912804	0.0353693306387559
0.029485237218413229	0.03524168364820713
0.028860643565630277	0.03514243594883474
0.028265868553290788	0.035100891182473053
0.027701493081313144	0.035083693950151616
0.027160908170030369	0.03515245353818381
0.026637700720169428	0.035127079828215113
0.026130303130232731	0.034978444676143035
0.025642528848636437	0.034836836891239391
0.025175660243389825	0.034708020487011555
0.024726900976545878	0.034512965988621525
0.024295003859714955	0.03420637580893366
0.023877343520583731	0.033700074344711624
0.0234712660508022	0.033411309237770706
0.02308818624337617	0.033259908669093369
0.022713649616935505	0.032832104444237863
0.022344427796005348	0.032351810924169819
0.021995581346222471	0.032302617556560852
0.021674764588264932	0.031726957836293881
0.021346046261142539	0.032096407089243537
0.021031147860350832	0.031370118313223387
0.020735662128930094	0.031305581261462025
0.020396414415643278	0.029079948556984848
0.020161365119472502	0.030788007022332645
0.01986184851114144	0.029864717544823321
0.019602509124833745	0.030534340278802127
0.019357267411914531	0.030650414912358467
0.01908707932260368	0.028731753636904649
0.018872823778656005	0.030633316953958295
0.018618327503129216	0.029505814674602962
0.018361260606641779	0.028612499644850416
0.018147861368878637	0.028285716731671014
0.017930009490636473	0.02830489993185141
0.017740416995617323	0.029540782640513411
0.017534190112027288	0.029026427297061015
0.017334749027422009	0.028498430140740334
0.017137473271149756	0.028491174070606234
0.01691275088120138	0.027431820095601137
0.016723513531039243	0.027028924474230279
0.016529164347645349	0.026784631875985718
0.016336030766164602	0.026318113763133883
0.016182102574642566	0.025891726994548388
0.016006098882389731	0.02555389749877016
0.015810349465691927	0.024296198520352776
0.015674172762736263	0.023926248251958514
0.01549403847909254	0.023736610204398569
0.015372229782581098	0.024082686459924139
0.015201487125239638	0.024410945706775891
0.015041358522973279	0.023508799850970576
0.014957218745102566	0.025191706859542251
0.014780944708017661	0.023543898928010076
0.014557175905578977	0.020341788662573395
0.014467990249282352	0.021317118354731258
0.014329747293677737	0.021659669066380088
0.01420452149037162	0.021971245918451784
0.014061353704683156	0.022250647253646713
0.013936241584728242	0.020893101859620008
0.013852179353144586	0.02168676610733911
0.013711125708053459	0.021754536167576433
0.013524249574386353	0.019061222608216768
0.013436155042543601	0.020035721421990404
0.013373920885758707	0.020374000771147205
0.013215477834690223	0.018992551048784102
0.013137955317917189	0.020145317773063776
0.013010534586659345	0.019329501931669886
0.012932560943089803	0.020030294028326588
0.012810427781852148	0.018728574294430568
0.012722906034146152	0.019201475915019382
0.012612219367040206	0.01846443904500571
0.012483270227584076	0.017769028627464073
0.012406009391852081	0.018156389199462986
0.01227670135712527	0.016734050321754592
0.012159426667154286	0.017317732219330296
0.012110152775895066	0.01809614493876683
0.012011834703071425	0.017387842575357644
0.011929446592925462	0.016577726237476394
0.011870425089415939	0.01799898658901589
0.011728817165090742	0.016806417438609202
0.011646881851016375	0.015369625226749754
0.011531746051157459	0.015317526272394471
0.011478641073952396	0.014608451337987688
0.011358737680066523	0.014972006185125633
0.011307023115686573	0.015073990348773849
0.011242251765111662	0.014653716356181255
0.01119248289363773	0.015149321480858378
0.011097825078817672	0.015437273798497674
0.011003875076652457	0.014041718865245151
0.010895210375054443	0.014385207773230638
0.010839770181614361	0.014238602641244609
0.010798511848598527	0.013902875143511576
0.010729229031814792	0.013498577383924419
0.010614231943699563	0.012865143540404802
0.010616573142371702	0.015067651667346126
0.010517419007699645	0.013627480164465914
0.010427753760092874	0.012937034515487339
0.010405305061722917	0.014358604848819175
0.010308318517045799	0.013135229513857977
0.010207972048986047	0.01298025776108426
0.010191721410530622	0.012875543413198003
0.010133124765764895	0.012597846878344074
0.010052209361005598	0.013063220337251486
0.010045473186814086	0.0129065321587328
0.009932268990356664	0.012315309147421752
0.0098408464695271917	0.012009420302500289
0.0098386411515589186	0.011420618821368968
0.0098101574373088141	0.013227560361961524
0.0097076459239143591	0.011565057989571961
0.0096610042724377693	0.011557603946387161
0.0096218677309212689	0.011805356342669609
0.0095790414398272041	0.012454495937360168
0.0095140699592160382	0.0115791154537455
0.0094870794479659428	0.012271716444546081
0.0093619189900769652	0.010846348254919487
0.0093654032216120685	0.011813676691884364
0.0093024544874546009	0.01200455005051748
0.0092455160917404092	0.011771123475625969
0.0092327798443403459	0.012065790422499213
0.0091515597037725091	0.010632097474069907
0.0090806352895811474	0.010558936750486848
0.009023087040202481	0.010651821653254947
0.0089694916954145467	0.010489386301382509
0.0089307645583684581	0.010233503019402396
0.0089199839261945787	0.010321945342564752
0.0088456479259633267	0.010997785463550989
0.0088077081775609408	0.010194698374932743
0.0087586031746559184	0.01052402776162701
0.0088171840562552058	0.011585794461523828
0.0086440524208883582	0.01018895393443444
0.0086492853770194326	0.010456067779122108
0.0086271491203400927	0.010445148390298498
0.0085510107937380019	0.010658732778550783
0.0085044500909049574	0.0092194670782962257
0.0084746001632767139	0.010249357096169557
0.0084910788077724227	0.011843516498599035
0.0083758092814462445	0.0097406429717926575
0.0083286141918079374	0.0087268643068625223
0.0083103210187561883	0.0096382679915751838
0.0082871346000468124	0.0095337904156713189
0.008260795237247081	0.0096188381280137604
0.0082066497465947564	0.0095138934434984002
0.0081469388676204523	0.0092803760837578807
0.0081821655681855281	0.0096636812245477679
0.0081001210297246481	0.010382838463863651
0.0080759291157114672	0.0092676657744021826
0.0080632891291068202	0.010038254755018372
0.0079820825114204682	0.0090309860856300651
0.0079848906906975856	0.0094673114417253446
0.0078778221020894129	0.0086464896037949934
0.0078409646613235313	0.0086958317329315655
0.0078369450300253933	0.0089152492872295527
0.0078020402879127758	0.0090492172996830145
0.0077531451486726579	0.0091674291596937421
0.0077627243420252531	0.0093242332193242579
0.0077786072547625477	0.0099121875270272632
0.0076880066331167498	0.0092351141446055818
0.0076907668753747492	0.0085054543206015566
0.0076170868602879836	0.0087134990641796212
0.0075659237748089596	0.0082192858195734297
0.0076069426656684442	0.0092698808036224371
0.0075977737746907702	0.0087781352014694013
1.0000288657202758	0.0010305143819521706
0.55327158456280023	0.017305141322616301
0.38243757531695916	0.023896795852896158
0.29221858040225734	0.027409992956739102
0.23644577318433868	0.029630157104248073
0.1985540810720002	0.031197129635799684
0.17113392526940438	0.0323804573570559
0.15037479423053335	0.03329886696967535
0.13411627965931233	0.034016466637447902
0.12104121166890706	0.034580257660567472
0.11030028717049398	0.0350304573544108
0.10132175786753558	0.035383045532850314
0.093706922193242365	0.035623597895381359
0.087166378026077698	0.035807538853073737
0.081487720299244393	0.035964405668641529
0.076512116961082635	0.036091835405578337
0.072116927496288022	0.036186799119864964
0.06820797022631675	0.036193740688073323
0.064708643270681057	0.036156991021243118
0.061557624796425556	0.036091185864386616
0.058704892895885243	0.036007102514254034
0.056109984869071337	0.035899500626925637
0.05373948378658841	0.035787489102528186
0.051565763080253929	0.035655673890570984
0.049564560450428445	0.035514167622099274
0.047716564265060171	0.035370411645680257
0.046005204687577315	0.035220831751919091
0.044415914916386842	0.035063159510023187
0.042935307516551446	0.034907048941801737
0.041552312809733226	0.03475980260595686
0.040258077289241058	0.03463926717310762
0.03904543387106188	0.034523563412522704
0.037906186749339835	0.034418360398768381
0.036834671039848589	0.034319003476681251
0.035824969561809632	0.034242479386574952
0.034872249633030677	0.034189166238469362
0.033971120857766789	0.034130247161066059
0.033118390428411297	0.034091392192030522
0.032311033697999904	0.034015546605874206
0.031542518737496736	0.033900153559947896
0.030811075999392243	0.033734777009799724
0.030114516761296912	0.033595943516343041
0.029451951850951653	0.033487550654952396
0.028822271007468793	0.033410258925936909
0.028219496178441168	0.03330590609254841
0.027641395972945196	0.0331394311463344
0.027086873407971692	0.032957325221966337
0.026555892269293269	0.032823782874167706
0.026049270710403707	0.032715016705829297
0.025561571711827682	0.032607732043505255
0.025092819325243612	0.032387085753237947
0.02464183572515476	0.032262496753340066
0.024209079670789353	0.032135914348546138
0.023796898848724071	0.032164481538878929
0.023391193949790581	0.031919909416937987
0.023006373345790154	0.031721394814703589
0.022644385993505701	0.031204867449901193
0.022282011346079805	0.030961112967547624
0.021935084970783534	0.030514724387552521
0.021590012983163449	0.029837387759096206
0.021272705914119585	0.029998372581580487
0.020934453610411904	0.028176264950945308
0.020635861945898233	0.028332029023552162
0.020336314076759454	0.028917392867430461
0.020051374734663369	0.028178295576108903
0.019768218966523074	0.028184750214906868
0.019493867893187002	0.027003476686015791
0.019244259408334363	0.026553197435814191
0.018963618003911952	0.025910809774797157
0.018739230500218636	0.027035298118092466
0.018465908295179568	0.024919895543439978
0.018280219313186966	0.025809668384094694
0.018054159130076085	0.025095748133268814
0.017823446927910474	0.025025838843800472
0.017604629378741875	0.023733439898121763
0.017370380208709561	0.023881074965740511
0.017191941828179062	0.02394710250222927
0.016975984927088825	0.023626998236307376
0.016792881563501092	0.023127239076161384
0.016586063184101142	0.023914082314820874
0.016413322116154028	0.021899373513059924
0.016192857729713187	0.021721848499608776
0.016072044885482029	0.021712711077490982
0.015874919988418546	0.021604529024268022
0.015700029186190123	0.020807299669830973
0.015562335664283064	0.02005492997099911
0.015374454436861341	0.020595011813326229
0.015226408310389987	0.01979020820628135
0.015053481690958652	0.019290617504823297
0.014913154151903932	0.019433267723920095
0.014779505238330742	0.019432089022774643
0.014620185379058738	0.018246344343382528
0.01449828729059215	0.017585014509362805
0.014344064657409505	0.017908334626160077
0.014210668670881291	0.017953571077629248
0.014072215537212135	0.017626078211630467
0.013966943797980594	0.018581426006557739
0.013811774234280889	0.0181229841906436
0.013701699941066814	0.017333301289643673
0.013573950130357294	0.017197617683591574
0.013470553104453938	0.017018244107931815
0.013317775344548749	0.015064647977195434
0.013212400146858027	0.016209909623526059
0.013082555755471809	0.015140153110780843
0.012993716977871057	0.01546005878510443
0.012903805834412431	0.016279537280825023
0.01280068669839143	0.015170899568640921
0.01268863090357927	0.014725121635811083
0.01254283694672945	0.01507615204009876
0.012467740565032533	0.015417126227202656
0.01234285290714276	0.014224869187467919
0.012257591208881076	0.01392546265305479
0.012190928853206964	0.014196939634180268
0.012074362470403638	0.013516267306254491
0.01201720312671946	0.013937798697550505
0.011884304512480718	0.013320656119570347
0.011787864486333845	0.013002946906847175
0.011737951816487716	0.013773751687883582
0.011660385862292009	0.013674697670873084
0.01155751786312453	0.013539438136971076
0.011464214957483433	0.013426306892125423
0.011394442668240017	0.013067498321254626
0.011381603757462869	0.013955423975444642
0.011267324316552552	0.013296144528357576
0.011154736113293765	0.012407802418133338
0.011086725915092664	0.012670899980823127
0.011018480618662615	0.011805502238070619
0.010917425021104966	0.012092587622702638
0.010868201388076027	0.011673110377209837
0.010790182273762881	0.011427178397140865
0.010727998357410331	0.012243934273007547
0.010616696745494902	0.010999505631219299
0.010540819545099816	0.011334479427451243
0.010519493215301682	0.011121984683478896
0.010469393813828859	0.011214735423842779
0.010360409089700207	0.010668265939228806
0.010276930009017235	0.011536914471455927
0.010229532572755542	0.010697735798917777
0.010160978668009368	0.010059786779303014
0.010128294879703492	0.010618035684464826
0.010006504278634889	0.010654794846123699
0.0099933380248466361	0.010893433263439471
0.0099516697680031505	0.010596433095252884
0.0098405471382624655	0.01084128393676307
0.0098510557404034738	0.010334024975233981
0.0097456820610142166	0.010980473528620702
0.0097233638667016103	0.010420097556597169
0.0096533560204002233	0.010302750828789647
0.0095872519326965916	0.01018585393141107
0.0095354104678828967	0.010151622304441865
0.0094896217841794334	0.010184014965836491
0.009422038642449334	0.0095640999788256745
0.0093542485818699801	0.0094219677576274051
0.0093230532500309382	0.010566795961355605
0.0092613157045500112	0.0097253184211764411
0.0092259405413431701	0.0099524875454175266
0.0091640471482281275	0.0097114645765971393
0.0091115438911187289	0.0091870099536881713
0.009099970168834173	0.0093497194340516065
0.0090073914399844326	0.0093625634644827517
0.0090210991277173327	0.0098292298485171559
0.0089580880742299845	0.0089964801511714428
0.0088813376877341418	0.0088638889737974909
0.0088541157237025103	0.0090114256424593427
0.0088127560898599057	0.008985149520948213
0.0087174073820889975	0.0086356870083857586
0.0087045740675477171	0.0086875578732693928
0.0086800196322788029	0.0084358833086249831
0.0086073070521424846	0.0095608634837783622
0.0085893822581592574	0.0085885732511257005
0.00851010988487335	0.0086913644632964412
0.0084918246039266797	0.0087753184342087981
0.0084552317635523226	0.0087215267143985493
0.00841568361406431	0.0081053469127887346
0.0084170279249373564	0.008764234159490231
0.0083187170715656143	0.008599772864813145
0.00828606421277432	0.0087560211964227055
0.0083049834718545764	0.008404364518913977
0.0082106531355987285	0.0082127955198172814
0.008171940079499028	0.0080545626504619286
0.0081586857491503292	0.0084503445354386884
0.0081315250803757188	0.0083827755749572835
0.0080644732595342387	0.007644428159545991
0.0080315650180035007	0.0081475542004775508
0.0079810252581457714	0.00831815250525441
0.0080065563579477979	0.0084926202877329184
0.0079751421840218977	0.007936941468813059
0.0079220686374681989	0.0076313738815700525
0.0078615279442632302	0.0074760129630732719
0.0078488883082853851	0.0080394874747905902
0.0078221182887255204	0.0088263005008152543
0.0077551825206423142	0.0077525822747257344
0.0077621454153640589	0.008184065367828508
0.0077346925456636536	0.0077904647837208404
0.0076493179848078231	0.0075562361203110944
0.0075841366416037398	0.007711299249154379
0.0075935236845695812	0.0075728236525494713
0.0075374652838159709	0.0072104082111644867
0.007491982461613496	0.0074141922980487255
0.007546877577981499	0.0074310441068727298
0.0074776093253008224	0.0070339143235000744
1.0000023052956473	0.00028815273449124594
0.55284030776147597	0.01752276976129339
0.38200835939760502	0.024224018760441415
0.29182506226948873	0.027794863601639755
0.23608613200326065	0.030051953163859221
0.1982227309091478	0.031643375027098145
0.17082582808555796	0.032845937945057128
0.15008552427482696	0.033790464011725592
0.13384191753033242	0.034546213474689204
0.12077847525160669	0.03515856206706993
0.11004778985660525	0.035627477318871247
0.10107766125663545	0.035990905018772099
0.093469040835694267	0.036281372331231229
0.086933949072557179	0.036519767640048162
0.081260664848615993	0.036719804314995268
0.076289850561806274	0.036880585862433486
0.071899076214700541	0.037012759815501811
0.067993211535139583	0.037112639118669515
0.064496850420498422	0.037172588446975664
0.06134783396732383	0.037234919335595452
0.05849723971642834	0.03727825915111703
0.055904922881563748	0.037319171563801913
0.053537661184154081	0.037347973812456879
0.051367453551955509	0.037380807243599726
0.04937109309402106	0.03740166676588326
0.047528590818106932	0.03741071852584598
0.045822680430098593	0.037424106729630369
0.044238109698153984	0.037425278077795117
0.042763505558520508	0.037394428449395736
0.041387305309074744	0.03734772705627256
0.040100127329958664	0.037303308132016565
0.038894293131939144	0.037219477206411541
0.037761817314687453	0.037123953479240648
0.036695778127963249	0.03703087538343356
0.035691414674003892	0.03693180857393815
0.034743971082169464	0.036840976057641424
0.033847436770504793	0.036744813290760833
0.032998569174261035	0.03664782208541717
0.03219320823957577	0.036551649431842637
0.031427103533359743	0.036439560688894847
0.030698386422519409	0.036323524020821882
0.030005749603922497	0.036208364681447926
0.029343531012353326	0.036070234721792896
0.028711337449170541	0.035925200043646355
0.028108476054036817	0.035796978332905537
0.027531381117909027	0.035651783340370509
0.026980077799148228	0.035486626454486782
0.026451315359753466	0.035289383341796307
0.025944745878724727	0.035073722305094382
0.025457846353171412	0.034854578693893891
0.024989025652233918	0.034605234125725616
0.024538421014387617	0.034319605111666082
0.024107649630652608	0.034096771590164748
0.023690487741903951	0.033825586738675965
0.023292195789048023	0.033597512060493023
0.022903403506195616	0.033533456101702462
0.022533415192791822	0.033243655031302624
0.022173006969110867	0.033057655077504557
0.021816085401740536	0.032811360855727049
0.021483819838585876	0.03266022013968109
0.021159416116666309	0.032249329055238724
0.020844506207837062	0.031858712676689604
0.020549108303634867	0.031952031912155912
0.020257318361851039	0.031829794988017947
0.019970124804591222	0.031665906192275668
0.019691877365367753	0.03143137485197009
0.019430700623070018	0.031336817230809048
0.019180692503691303	0.031264124390345795
0.018931600758934793	0.030681207715550395
0.018703247068279184	0.03080726023272912
0.018462243494233612	0.03039489167027859
0.018239586071960821	0.030336530758053995
0.018001200491281934	0.030360562083918963
0.017797853300436726	0.030103740132339987
0.017576115350993085	0.029557556894897506
0.017374244048588311	0.029361619140604735
0.017169579031773432	0.028999430965862265
0.016965242922917016	0.028764288259677518
0.016787983004437387	0.028285776905898799
0.01660837333043105	0.02820313182536173
0.01643945721001152	0.028952333252824428
0.016259388468502431	0.028778101331965747
0.016064394984940361	0.027423514510261347
0.015903576018720656	0.027387071793866194
0.015732135555102316	0.027259917174337688
0.015603363704084966	0.027450875814941569
0.015407634438128565	0.025976774660808489
0.015242311805991973	0.026237429826459647
0.015104039703831916	0.026299092291514094
0.014961912783951885	0.025558700846153266
0.01484664462291436	0.026195097290664809
0.014676567611162344	0.025414288501779923
0.014547729285365286	0.02487696872086172
0.014413171491838505	0.025693365236356493
0.014281959797061821	0.025140052464700684
0.014101869295495877	0.022706713398311124
0.01399169752520881	0.023478253399209576
0.01386286007469404	0.02319359448568601
0.013775014758108248	0.023665852058970815
0.013594676534669413	0.021732375345890773
0.013539740013524657	0.024132419541704586
0.013377052140114245	0.021659264447874093
0.013293219027727385	0.023220273327957619
0.013132985530333808	0.020363460278517043
0.013069022486105766	0.021520289780847076
0.012980393636928862	0.022810448008421885
0.012815432414474397	0.020110566983618718
0.012719008551159049	0.019718047928057682
0.012592163423351586	0.018989310606825079
0.012507759932292422	0.019385648934578423
0.012434031469531674	0.020521359403932554
0.012333347510112535	0.019166649000225532
0.012256305868949062	0.020637490573764211
0.012100876709795585	0.016655551585012956
0.011964698456687082	0.016162049162130012
0.011925017612456876	0.01607035329144935
0.011844913307613595	0.017504625061004319
0.011766832879729251	0.017974388644113399
0.011657052743803881	0.016090297359982859
0.011548435955446539	0.016597328235428272
0.011491646808246582	0.01700694211046775
0.01145244689230742	0.017459522996048905
0.011320034569294519	0.016419828261111172
0.011232799437194669	0.013968465987193295
0.011214521146764177	0.017129751401662723
0.011131629551469131	0.016942471871281273
0.011062169624940017	0.017102000832882314
0.010958977451417915	0.015540030381688892
0.010864794490881057	0.014958364758415055
0.010812450498897381	0.015358914963963863
0.010712935279273281	0.015528187531419295
0.010618624082231996	0.013883941866395062
0.010631835339178278	0.015903242449656699
0.010545306714399013	0.015115529429471586
0.010443941861115096	0.014177438571816435
0.010377798073846409	0.014038543745052421
0.010258400138274455	0.011679192297898685
0.010243876653762874	0.013566715763154663
0.010174889526076893	0.013553974367356489
0.010099921370671842	0.013462042806679677
0.010055750069790977	0.013046741695611024
0.010002518823242958	0.013807286291767352
0.0098925553125044346	0.012697457330441126
0.0098285034124959252	0.012457059534384375
0.009796619688651205	0.011523893040178592
0.0097666688858960675	0.013007764247365872
0.0097713281009204466	0.013421187805292851
0.0096480041271040148	0.012563571323287901
0.0095852934123810806	0.01171468565885489
0.0095143608005462781	0.012422139536184255
0.0094659022277453174	0.011452271032589697
0.0094325269216971683	0.011861754976968061
0.0093490433719349651	0.011675949416073486
0.0093507222452587479	0.012312635303177258
0.0092423208067305002	0.011255399755686452
0.0092573067617963758	0.012525249072021174
0.0091762560041927406	0.011418604612151828
0.0091060981569080247	0.010684272637078171
0.0090465697013808171	0.010816355338643736
0.009061271307665859	0.011945448981054086
0.0089677646009340712	0.010878979100350336
0.008910666298450852	0.010731954507530629
0.0088789375663360388	0.010946934208929565
0.0087979023452745952	0.010568150981838035
0.0087750728457627429	0.009677151202949142
0.0087330727729180505	0.010771171570381531
0.0086297278526192931	0.0091945717935211588
0.0086799218748906237	0.010701667519171853
0.0086057179343929507	0.009611031163511698
0.0085855637168817233	0.01124452875228491
0.0085326397493397203	0.011594643147709496
0.0084885822079483614	0.0096794216141411864
0.0084508308856064921	0.0093670056712131938
0.0083884211027070287	0.0098758205163397162
0.0083760727110990807	0.0095925125886515607
0.0082903068401383121	0.0094964768403564132
0.008287022305019924	0.009496342246041593
0.0082852391275000294	0.010627102771040842
0.0081884655558561135	0.010637372600777366
0.008164025768611893	0.010303380525584358
0.0080767505483835041	0.0086552871638712701
0.0081297772251898021	0.0091761778880399634
0.0080091900308458426	0.0088878602407883277
0.007994080610526734	0.0091316621334946082
0.0079997261371342783	0.0092220033949320761
0.0079441199212686615	0.0089900786290483536
0.0078826288078637959	0.0079617106530329648
0.0078893928804602102	0.0094466039306765268
0.0077926903740023149	0.0087515500649062005
0.0078362825054739179	0.0095120158225653235
0.0078013124218590966	0.0087555122316261176
0.007732373590589486	0.0083919904481939266
0.0076888114357163244	0.0088293935637775139
0.0076901509089059893	0.0093762509495775494
0.0076709805862860535	0.0085611216325389445
0.0076191949778203474	0.0086687276898635268
0.007571904986844743	0.0083692623608485808
0.0075694451507650707	0.008162675532406698
0.0074702254616501361	0.0081493862422692374
0.0074688630264408322	0.0079685735627663574
0.0074625250750783552	0.0090279885380867165
0.99999045047522905	0.0023873620934867271
0.55313022356014563	0.018285761707484426
0.38228721144996169	0.025238695017440423
0.29207065308931546	0.028992084146548011
0.23630212199555009	0.031395461404173604
0.19841468918274716	0.033115056602317602
0.17099796760278543	0.034436291827178826
0.15024156357150736	0.035480491886701278
0.13398578259433494	0.036303893997535405
0.12091412466090595	0.036942102810435237
0.11017843553585711	0.037404215419721963
0.10120606763897289	0.037734473062927036
0.093596591611314867	0.037949599086783463
0.087061091473941796	0.038093433906121126
0.081388462582456633	0.038174732562506183
0.076420132648680347	0.038170968371127788
0.072031547056909298	0.038126815330309247
0.068127430693306526	0.038035107032814514
0.064631757729537415	0.037924326947368622
0.061483910055579336	0.037794939435881567
0.058634965640641426	0.037641879753164541
0.056044216100354663	0.037482761605112373
0.053678133416662735	0.037307040081349135
0.05150805006073373	0.037118053672283401
0.049510580417785437	0.036936539479093276
0.047666766648474877	0.036748842150161713
0.045959215888973018	0.036550736415237046
0.044373373219628399	0.036349326566576377
0.042896431061523625	0.036164407327997597
0.041517151466995819	0.035971849337651046
0.040226403684778547	0.035782009285378662
0.039017119769406111	0.035619126625303546
0.037881532783212907	0.035493393049071391
0.036814111671313855	0.035390381997305952
0.035806902311801253	0.035256483150662696
0.0348552796619351	0.035126963994584502
0.033956154819571253	0.035023817061803166
0.033104791196720898	0.034914219988961534
0.032296760713020928	0.0347921900681731
0.031528494073033257	0.034670954945925564
0.030798302848177358	0.034547573992296222
0.030103945632691927	0.034447225795894112
0.029442325683908654	0.034333681272915181
0.02880990245588208	0.034173911759914626
0.028205290662669767	0.034011506220494786
0.027627800381544047	0.033852344116175319
0.027075978566263474	0.033711026464221125
0.026550427068908398	0.033601774946062278
0.026057309537435146	0.033671155968405392
0.025572614082369938	0.033427992018935912
0.025107380565701398	0.03323775387365123
0.024672282282260136	0.033241149956423278
0.02424179442611487	0.032896620339128713
0.023830190833132918	0.032677529728290841
0.023429303669900838	0.032408791519145608
0.023045422016845035	0.03229180561215593
0.022674772418263007	0.032115430058344233
0.022322610990391435	0.031899288535655101
0.021972765431323787	0.031587178495355313
0.021635480419302855	0.031073066975073383
0.021297984550066096	0.030656985272475856
0.020990150672919202	0.030499966857516447
0.020674762939171702	0.029858483278636772
0.020380002803753038	0.030098663864494925
0.020069846076321694	0.029181346097461237
0.019784908407142025	0.028359639685025039
0.019526704018479026	0.027433792062027371
0.019280416177976219	0.027510845505375369
0.019003567243519343	0.028158091192789041
0.018757238981914292	0.027646377000050119
0.018507416425557383	0.026745632252125555
0.01824540663511386	0.025716725656440672
0.017992979901710528	0.025227253781275195
0.017787278167935242	0.024247344596202224
0.01758829225614076	0.024588772904385329
0.017310498675038838	0.023878118458562744
0.017151331914624861	0.023348416561716274
0.01694528256959987	0.023029772635076773
0.016756435239605814	0.022707867709302818
0.01656109066976881	0.02237568090527256
0.016374367462255016	0.022302155337713625
0.016172763211969747	0.021272923500612474
0.016041435422439774	0.021632246613481669
0.015842136077146879	0.021403604998400255
0.01569241449497516	0.021023832092605638
0.0155133013964785	0.020278184902864281
0.015331401934771055	0.01999210307035261
0.015215370881059518	0.020478808476976831
0.015051882727159398	0.019686360212086473
0.014934117997146994	0.020633292641208983
0.014724022888782226	0.01890199298448678
0.014616442253232626	0.019202896472377246
0.01446630410316131	0.017602588292418751
0.014349830383594008	0.018902438493317426
0.014203563255414935	0.018439960364868387
0.01408295250011354	0.017912024948503288
0.013929231421415562	0.017762625587843309
0.013809057994335487	0.01839227667795814
0.013666060733281214	0.016772626768171772
0.013576676539320291	0.016743472411028693
0.013436381128766094	0.016392340294287083
0.013331141281156955	0.017028409891825486
0.013203834874239899	0.0164791967278319
0.013105311130933066	0.016256627744296783
0.013009665198027343	0.016424885297826999
0.012874686132410107	0.01538005693654396
0.012775932852566332	0.016097422477713494
0.012702688945429164	0.014701098818745506
0.012588950351212101	0.015105827610686422
0.012481658480352568	0.014334388324894237
0.012372628979202709	0.015026478745087333
0.012255678186057313	0.014928972730981788
0.012176295761253677	0.014155762938992202
0.012162443322072067	0.015371509998969907
0.012004020362641258	0.014065974435940921
0.01191236227521166	0.013675894098842251
0.011789588301695932	0.014256685133298776
0.011710399465787013	0.013505255788395315
0.01163970941113433	0.01377630319208561
0.011539800972266026	0.013000821138114894
0.011469719228982812	0.013897753778831821
0.011384402424984393	0.01314633584972244
0.011292967497176466	0.01395755334914915
0.011241923251092018	0.012951772724884573
0.01116923903670753	0.013793973822057463
0.01110141669213909	0.013066336606886032
0.01099957853750741	0.0122868257734435
0.010905811022017424	0.011936032907414131
0.010840595574882723	0.01240514091228896
0.010750718866652178	0.012714196332835903
0.010741269184985703	0.013676200306146798
0.010679541446432924	0.012167194958052598
0.010580666347208006	0.012477965192730115
0.010512917285674977	0.011980496066716067
0.010447075135206735	0.011953781397103513
0.010388268438408331	0.011281869281587338
0.010358585395847721	0.012229230996742476
0.010249148754933334	0.012279389390860523
0.010176023474091607	0.010299419002818538
0.010114310178473097	0.011464029134311837
0.010055749898496504	0.010780900112055203
0.0099870789191161703	0.011346135559917935
0.0099234835764586814	0.010434361845770148
0.0098341525825180083	0.0098907699237788336
0.0097885836331354451	0.01083114068086664
0.0097746884489522089	0.0099495374046444755
0.0097226135908591652	0.011580125907254721
0.009642354921665628	0.010459015663725743
0.0095892627754558864	0.010414322460307405
0.0095144098354030086	0.010058215460337083
0.0094611578162260221	0.011098908122378742
0.0094465696226453434	0.010247174542948293
0.00937137603432453	0.0099592033368464585
0.0093136826269326154	0.0098463768966820346
0.009258265636312853	0.009840322507477196
0.0092486676722019108	0.0098953935274271685
0.0091815965711260755	0.01013604584077348
0.009109845501452345	0.009654699682432764
0.0090690606001857452	0.010111174389847172
0.0090558699789972004	0.010320805807535378
0.0089405747433327857	0.0091154249660974143
0.0089565348412311077	0.010012233451712508
0.008893518913930077	0.010101264737527796
0.0088320159014997051	0.0092705116551226596
0.0088110508079657871	0.0092839913165713734
0.008756385366310529	0.0090599602679111123
0.0087320770739825089	0.0094898066251067215
0.0086912882510937553	0.008908851864415852
0.0086780445060798319	0.0094706598128021478
0.0086130321412698514	0.0091471287956412881
0.0085577236705075607	0.0091132370171138084
0.0085112543128408706	0.0087433494516895721
0.008489543764405293	0.0085131926350733092
0.0084130747285481224	0.0087460015107368762
0.0084080013441469575	0.0091131449903328159
0.0083850711523351228	0.0089505684571564159
0.0083251892498098345	0.0088150163251955356
0.0082438911246876679	0.0082076105435090196
0.0082182324932792775	0.0089530261724558666
0.008200348167597387	0.0083024740112646964
0.0081456640238266893	0.0086142400241843494
0.0081511999868871966	0.008252157516056572
0.0080878047085576159	0.0083652330545137005
0.0080230763890206929	0.0082328654013051825
0.0080942627590356014	0.0084760115073564072
0.0079624011425561778	0.0079633720824813445
0.0079408121704687157	0.008174197598435259
0.0079218364381346534	0.0080166584929682212
0.007881951348446074	0.0077409695539685268
0.0078164419854211947	0.0082493012398215763
0.0078486126471780434	0.0083687424969190426
0.0077450326004437518	0.0077037953548931308
0.0077796941726471676	0.00864019582410867
0.0076664178772377356	0.0077045416421163354
0.0076569259847263163	0.0075270285876809567
0.0076351099857533064	0.007762846430912392
0.007572426325370943	0.0075803555188759487
0.0075887878115971034	0.0077180889005752183
0.007546281478802732	0.0077276055550534115
0.0075336311700330769	0.0076748425732832077
0.0074764587677696569	0.0074015143715048916
0.99998336285731981	0.00041559569094279662
0.55249750412456844	0.01700709973407704
0.38167803263054523	0.023534142431519155
0.29153137220767472	0.027030401561843428
0.23582518533784175	0.029254137275703463
0.19798806146000625	0.030833499120695298
0.17061202637943393	0.032034328153287536
0.14988931371446723	0.032973884471871912
0.13366147449227192	0.033716762366119792
0.12061320852316862	0.034301621331066671
0.10989664216697992	0.034753889693333463
0.10093880243424974	0.035130917623185792
0.09334029340340054	0.035459554307518328
0.08681485214162897	0.03573033779868931
0.081151272945808955	0.035940175735804832
0.076190264878886221	0.036093322255429383
0.071809282971797159	0.036190872931180181
0.067913614434851832	0.036231524874326397
0.064426576007044462	0.036215068754702338
0.061286324797375023	0.03616003891295401
0.058443641245794764	0.036055053651973104
0.055857411513955228	0.035953049335446088
0.053494951826372671	0.035835365973361295
0.051328928095268692	0.035709675418359392
0.049336158361502749	0.035585165232815422
0.047496608331244916	0.035490894838888037
0.045792641532735448	0.03543089852687463
0.044210620683431061	0.035381249728489168
0.042738091486124979	0.035292806773258439
0.041364295070816869	0.035176212778706729
0.040078623299085125	0.035048580893776569
0.038873377309038275	0.034936716583490596
0.037741236541288616	0.034833751633058109
0.036675635034724534	0.034737130908528792
0.035670343158904924	0.034642332204422262
0.034720073220767492	0.034546778172642803
0.033820045595072575	0.034455906007283994
0.032967844778026029	0.034411388428114052
0.032160041300628779	0.034355740720234493
0.031394621982435186	0.034267018554828048
0.030666105141988493	0.034174780904631968
0.029972079332354275	0.034086385729716694
0.029310355519882342	0.033976204039547778
0.028678968448802876	0.033845662029416204
0.028074958834376648	0.033702301879331591
0.027496681337406462	0.033538180552389156
0.026943596875781919	0.033359709452791368
0.026414368698162442	0.033188155325144873
0.025908181585271285	0.033017031238726166
0.025421250543012291	0.03286754247347972
0.024954221269907199	0.032612399666875021
0.024503917418652453	0.032147759710927704
0.024073932269125919	0.031935409465443279
0.0236629442777502	0.031710834209126813
0.023275778171024213	0.032056879576228978
0.022895954502702893	0.032027063157699133
0.022522409985074494	0.031770564030150897
0.022156270334694639	0.031453472639957444
0.021806966808099071	0.031253458026358399
0.021478279933369093	0.030742374227199956
0.021159625389631793	0.030474833827276202
0.020830792510235011	0.030098687440149895
0.020535345778934028	0.030142605423534273
0.020246322499904438	0.029841487927231347
0.019967106019402325	0.029795165580365671
0.019689329596028725	0.029624053208729233
0.019422592456470461	0.02892563056821237
0.019155046381394803	0.028830322191698003
0.018888668344547759	0.026978209021067581
0.018655015752543237	0.029036723763467165
0.018422894978213346	0.029266716921527818
0.018177146734422358	0.027288079765750321
0.017950927752524902	0.028302197921494601
0.017747322616765066	0.028224803077279873
0.017521369180743575	0.026744497640986836
0.017294397498193198	0.027226693204254759
0.017101744764565129	0.026403763563170049
0.016890896132641945	0.026537254359287003
0.016732409673028015	0.026197690494277556
0.016519463676040465	0.025750700560543512
0.016339675837967894	0.024483326095122483
0.016139881859204536	0.024953285405878118
0.01595452872217493	0.024229252596941604
0.015801505312428434	0.023664497772085558
0.015647973753038179	0.024312641654169433
0.015467429907136648	0.023391901818051036
0.015287604853799135	0.023948283548422343
0.015153204947393813	0.022553153177398623
0.01501467610736461	0.022596430523716463
0.0148583748139251	0.023437588322740142
0.014703734903644601	0.02150166029834891
0.014534432917433809	0.020294070698845947
0.014396304094717852	0.020414664136136528
0.014273358468378922	0.020813003993125929
0.014187607246502922	0.020551576313379005
0.014023511425383689	0.020386770741735952
0.013853133305748291	0.018281176454353197
0.013755958000640745	0.020580259314446403
0.013612645065944964	0.018663766107608788
0.013501137570491512	0.019678652192240197
0.013385754917879777	0.018463568494762921
0.013278807744313954	0.01776857445529036
0.01315307306336448	0.018772248317631798
0.013039421360072259	0.01838120595144567
0.012931718927890743	0.018276015307823624
0.012819961663859587	0.017189495910936048
0.012720037175079852	0.018302090268004247
0.012609317073869079	0.017081011887502898
0.012495176760864883	0.014991818908754185
0.012421409073261714	0.017562051680113142
0.012314448921730992	0.016977535120653631
0.012216796652183937	0.016246439682072705
0.012142665406488572	0.017563217618883922
0.012020034494736424	0.015746969828014722
0.011937807466714417	0.016612859242003123
0.011791838428199884	0.015236243923907199
0.011746363720647569	0.014671252740470517
0.011677572908417304	0.015071931592350601
0.011604529040757459	0.015219701308535593
0.011513943170477691	0.01619637905705569
0.011404346942614104	0.015329166769163495
0.011358627131429083	0.015304752671992621
0.011227577795513255	0.013882544405884274
0.01118233420705525	0.014027373830280849
0.01105910347164692	0.014343958333323494
0.010998528941330262	0.012898323295523277
0.010963137586853616	0.014237110650319271
0.010825354304938072	0.013308997099425745
0.010797054484328593	0.012754113358998486
0.010740601510710164	0.013404464288286774
0.010665101127881098	0.012709504731464753
0.010609329837999476	0.013553998871580266
0.010516882634859033	0.01206585283615965
0.010439469247220947	0.012915323721345108
0.010353489017027427	0.012352354212080989
0.010314316527905928	0.013092123155730146
0.010281843413872902	0.013645078312139529
0.010195521066965661	0.013201067710495508
0.010103343257321257	0.011541835223444772
0.01007702848431986	0.012556625653794961
0.0099847662864608003	0.01290433235849932
0.0099344994220711639	0.011699722200133541
0.0099050268757170934	0.011694714286392148
0.0097964178428273027	0.01156597703571146
0.0097558237817250235	0.011262655527483529
0.0097117304937488838	0.011422201300925089
0.0096500639056181746	0.011572779320418013
0.0096044237693737079	0.010922895279715945
0.0095269442894965733	0.010498039811917971
0.0094437836561723533	0.011201867049794147
0.0094500942491178141	0.011621042710898696
0.0093341475281782035	0.0094747918755048836
0.0093348891194654643	0.011313995799599123
0.0092927365944312727	0.011369810675814586
0.0092077951304416969	0.010339680664990004
0.0091793540546945811	0.010521067850403659
0.0091206954338024279	0.010591934296748413
0.0090245165306832957	0.0095220348921255752
0.0089888194341625829	0.0096809016505334574
0.0089674254081432807	0.0095219953554280656
0.0089245950754423559	0.01058607277265888
0.0088640458819728811	0.0095767641430733654
0.0088271178478660645	0.010026817148393718
0.00878375113873236	0.0091417078014900122
0.0087346981540507539	0.010489075045396012
0.00870096532844351	0.008870709994855671
0.0086498266978464137	0.0089294607131175877
0.0085746979016738459	0.0092702461693305194
0.0085468446636014512	0.009180389254326661
0.0085523561128201808	0.010147270349985214
0.0084660646988306866	0.0091626055406666008
0.0084226935549891694	0.0092519690012730551
0.0083919953997183307	0.0096742434998834184
0.0083543784508304242	0.0095701943172509778
0.0083122240646885791	0.0089991334604864262
0.0082540463943967506	0.0088905221302207071
0.0082690169894477413	0.0086694441782100857
0.0082127728479548332	0.0089205900180802256
0.0081413029490091191	0.0085471818446767028
0.0081279334737158187	0.0089951579853490143
0.0080450846140831481	0.0081344724109891006
0.0080676228735894872	0.0084033041921666024
0.0080317423702240386	0.0085209520510900558
0.0079491539052393562	0.0085038067218366833
0.0079425930450955327	0.0082291346544519309
0.0079093109317865534	0.0087942708425397427
0.0078620972655993274	0.0083741280234310642
0.0078412451698879806	0.0077247174392843761
0.0078215519242965329	0.0088908437071229911
0.00777676700513295	0.0091796802708299166
0.0077530377403471394	0.0085002066393892912
0.0077313040231452614	0.0081319857134163707
0.0076356367610452168	0.0074213445847695486
0.0075974873236305243	0.0077629332005116139
0.0075877244532247395	0.0083144595585151731
0.0075812610219729076	0.0082843867717850572
0.0075923004953769579	0.0083750299314756613
0.0074893290981697088	0.0075497280981324955
0.0075002365512683916	0.0082141346709160741
0.0074675926687763142	0.0071306400581263489
0.0074314592537977568	0.0075783355423685609
0.99989972748850209	0.0022767136518616372
0.55325838144884443	0.018273083655049007
0.38242808618925184	0.025246791650098958
0.29220204934028021	0.028973293465362718
0.23642179514218101	0.031329856473614248
0.19852440009344294	0.032985209839607184
0.17110149100154548	0.034220066902871125
0.15034221009432469	0.035171284553667616
0.13408474727463052	0.035917054315665081
0.12101100618304859	0.036510630920860217
0.11027122224280478	0.036985653938659512
0.10129299929457056	0.037364763462067123
0.093677776683543171	0.037632051695279105
0.08713775900334092	0.037809521366168206
0.081461095348817028	0.037919984580093186
0.076488191888501297	0.037957132619640406
0.072095529159553889	0.037954390859446838
0.068187420775832411	0.037912060892251437
0.064688440444530496	0.037819171549516188
0.061537083196036207	0.037688647407862624
0.058683235696359734	0.037535141168912517
0.056086271888797862	0.037397996343209429
0.053713690176691468	0.037266691946146881
0.051538012040249236	0.03711473473712041
0.049535151590662622	0.036959634704128073
0.047684945928957577	0.036812348090322959
0.045970871174444053	0.036665861157088565
0.04437869674419366	0.036531666682294781
0.042896127319332879	0.036383517971921228
0.041511893985331415	0.036234108529821299
0.040216795154061583	0.036082281427707606
0.039002331674483699	0.035909035002677316
0.037861205223973356	0.035748137563247871
0.036788105744316811	0.035619459313956187
0.03577642604715061	0.035490152721252929
0.034820923492554827	0.035365550939065925
0.033917986885823342	0.035236040722514551
0.033062395234851341	0.03510232114904864
0.032251432436739225	0.034962868767116247
0.031482791958953586	0.034817094339432746
0.030751882789767676	0.034667540774947825
0.030055608341934992	0.03451607506646874
0.029392534123240856	0.034344177017153775
0.02875838939676582	0.034140259622840188
0.028151525540809175	0.033969202834253358
0.027574192540268595	0.033829791965337301
0.027019696374359289	0.033648386753570486
0.026491592087574005	0.03357164089048028
0.025986436013244553	0.033395821471412207
0.025502349032777052	0.033220885088502364
0.025035042812493264	0.033120330513419123
0.024578639114904145	0.032739427036396679
0.024146201805536918	0.032560267263216987
0.023726194163397892	0.032335350418703938
0.023331857930434751	0.03243803736383255
0.022957662211428777	0.032506223364959411
0.022581208296297582	0.032207366972392723
0.022224306782059715	0.031791363975892592
0.021873338023510967	0.031546522025099367
0.0215312775473516	0.031142171140523339
0.021199893763324401	0.030389909345768889
0.020880232404145844	0.030479280225819437
0.020574339540031877	0.030188209248175977
0.020278086306179017	0.02978147491375311
0.02000307275497034	0.029398309733109848
0.019716084928283806	0.02908858574024872
0.019449957311252809	0.028466126994909618
0.019182938482644258	0.028398417162128133
0.018923050152525107	0.027859217599091563
0.018680000225307525	0.027765530179969061
0.018437340149683509	0.027548117110131554
0.018217688163549354	0.027559967232335048
0.017983977323952918	0.027491801353414919
0.017758235536917012	0.027137010656966897
0.017552503637480329	0.027092525251850845
0.017322817203064646	0.025211308155751982
0.017132648552571683	0.025544502326046242
0.016935229403947805	0.025531277015151829
0.016724505305182127	0.024653764942041145
0.016549076256160151	0.024469134354879914
0.016371873009783346	0.024771884146936419
0.016184820352433165	0.025189595977535097
0.015997999554228513	0.023694849714828253
0.015814758604641876	0.023353522212995709
0.015667014407473381	0.022649119012314374
0.015525000418792905	0.023770067477174535
0.015357593496512806	0.022932067497357843
0.015192408868199054	0.022687908187156009
0.015035978146558396	0.021261762768417302
0.014892988041549305	0.021643609090744267
0.014740728058673956	0.021721442910719233
0.014578139971371194	0.020986967097993348
0.014457078780699337	0.020837534535533546
0.014346154544963997	0.020914928050701838
0.014199434728065967	0.020863629924028786
0.01405331287779586	0.019818647218953316
0.013928898965201849	0.0203500549158213
0.013793758981865615	0.019002939365272288
0.013672087563941442	0.018636188109061841
0.013589550152912012	0.020064830731831972
0.013420543882560147	0.018600811541601717
0.013300373643343032	0.018785594427546744
0.013223388076011786	0.018963236293975772
0.013088632783468425	0.018555423777546595
0.01297968470048939	0.01688951500843118
0.012879609503582813	0.01734613987547309
0.012771389287760041	0.017547541947033403
0.012652984312409025	0.016626821410204124
0.012558384203278728	0.017201285537945841
0.012457599368203696	0.017023652086961341
0.012389656059439421	0.017367217583330978
0.012265007710002282	0.016616545852750377
0.012195759709435644	0.016517728310967691
0.012099598741531981	0.01559380853032755
0.011980217649475882	0.016053630591185336
0.011890324227691661	0.016441879744619994
0.011789585070492783	0.016511241672195608
0.011725357844717777	0.015251063969854504
0.011650374008398731	0.015697903722749908
0.011557035329004541	0.015866941578594983
0.011489151642935302	0.01468842738943802
0.011421937960995493	0.015321774363643651
0.011303173720773128	0.015175321462773629
0.011235941098150477	0.014816056074708484
0.011137646042823303	0.014687064176065689
0.01108711320221409	0.014903894921478075
0.010975354444129747	0.013955243665388488
0.010925604836451133	0.014233185772096786
0.010872970330427055	0.014023366369038441
0.010773742939601469	0.014976032800966417
0.010707400232660133	0.013579851074205462
0.01065872472686278	0.014002963442069713
0.010569045021824491	0.013660346095699988
0.01052828442538967	0.012757602519217471
0.010425926772944837	0.01348484529384263
0.010417231758760895	0.013949825926827692
0.010328969284449109	0.013102018635622867
0.010245369528431456	0.012742219609687744
0.010179712050533895	0.013479978057353648
0.010158532345511907	0.01328461074302398
0.010073417704696556	0.013558590902052676
0.0099891972891921511	0.012938055288836217
0.009927287687664911	0.011806289863217171
0.0099000651260745445	0.012883005571032866
0.0098701245271281251	0.01332938394420001
0.0097938248642355352	0.01196140056424818
0.0097053439333159852	0.011367799597973034
0.0096952044954104546	0.012339690364375639
0.0096296337598641406	0.012399933979356346
0.0095518580719345953	0.011450138487858729
0.0095288685779616276	0.011560024649788413
0.009414985632207537	0.011717368105689071
0.00938682423526979	0.011449622849560716
0.0093235212849971244	0.011535868057217213
0.009271753649808737	0.011294165351566052
0.0092358953782828313	0.011569011978296349
0.0092143456469343972	0.011988406769712306
0.009132154034390369	0.011299797452328298
0.0090801288094880025	0.011139639531597067
0.0090592300609123513	0.011090040826728259
0.0089992299102152357	0.01124972968727926
0.008956046833429961	0.011225474316473635
0.0088737154365791659	0.010844930649593288
0.0088490091758781156	0.010771537475111054
0.0087628827985817177	0.010655413561287156
0.0087447568652945663	0.010591408339543456
0.0086970878932874675	0.010967982403252122
0.0087037871657143495	0.011423241265412725
0.0085884568034295793	0.0099033756175393745
0.0085604897424695573	0.0098225863168910858
0.0085535737066233363	0.011112724544606406
0.0085578468461563733	0.010982321559854766
0.0084770914757019093	0.01075508631592562
0.0084325157433013699	0.010138015960927229
0.008394132404237151	0.010543626288724201
0.008323222835287563	0.009535266734372317
0.0083252752371140073	0.0098473233495112705
0.0083044886745369632	0.01082467911590866
0.0082180320307041789	0.0091922020338320674
0.0082086956888647034	0.0097547545063412615
0.0081165008438149455	0.0090185882072145139
0.0081637666966657436	0.010612191083223312
0.0081388429086117278	0.011054431178035196
0.0081127422292097701	0.0095761116043947443
0.0080127332290185361	0.009461755400691987
0.0079951291733070199	0.0097372879811664821
0.0079615755964484117	0.0099932998682154377
0.0079477842409913044	0.0095291313533153663
0.0079518224349938542	0.010241249786588554
0.0079104378370892323	0.0095748868993544897
0.0078447104878606351	0.0096961500478028491
0.007784133005755727	0.0094654617989659001
0.0077909438711147704	0.0094672260487812156
0.0077283536689797573	0.0093319554165731487
0.0077338393435083114	0.010128553065632246
0.0077219045084791224	0.010019486785271389
0.0075727095266427237	0.008740779260485795
0.0076285887141492236	0.0088611263002292984
0.00755997667026557	0.0089356886037600235
0.0075551866187041116	0.010051681781844091
0.0074958571589808778	0.0091215878083570068
0.99999077401344949	0.0004612070584532836
0.55322474301601066	0.017118780284542553
0.38238491549206821	0.023718225895146088
0.29216204977670746	0.027275509852637214
0.23638670547543938	0.029555299659144066
0.19849518852156631	0.031181323595695764
0.17107742885481042	0.032432961744555851
0.15032114137817956	0.033436534076353691
0.13406516358766654	0.034248326070100317
0.12099207258743448	0.034909688372011777
0.11025261558678887	0.035457969043614965
0.1012747649477361	0.035917629889678636
0.093659436769565133	0.036299087284011461
0.087120173614460575	0.036566504403325421
0.081443313128264375	0.036780152237893521
0.076470120907543085	0.036940279007940086
0.072077522108419889	0.037064577572150544
0.068169212282032668	0.037154129070736445
0.064669901926873274	0.037212023009974053
0.061518689245342574	0.037244721691691518
0.058666043449084042	0.037261738758761591
0.056071473761523265	0.037265796262651682
0.053701345724244676	0.037271358677349029
0.051528749725331703	0.037266650605969148
0.049529946743213142	0.037249924831956389
0.047684527415235267	0.03720512307937663
0.045975786559849151	0.037122631966861275
0.04438994135794732	0.037001481895199154
0.042912960179986567	0.036878484598857016
0.041533016570471606	0.036763605219532661
0.040241983148442871	0.036648496334033581
0.03903194639802799	0.036536156774999058
0.037894518682374506	0.036427249891553756
0.036823449309274649	0.036324891187679294
0.035812286986833843	0.036231454253453817
0.034858239599927225	0.03613862553290402
0.033956400006338733	0.036043387766998676
0.033101520459717489	0.035928435194269699
0.032290776084867454	0.035784618994321164
0.031521558659386634	0.035616167923379877
0.030790654239619748	0.035443178235078608
0.030095113514635011	0.035262765724077542
0.02942987881398865	0.035071522597762521
0.028793503119454441	0.03486207489055141
0.028184119466673086	0.034642551555397923
0.027604219865024433	0.034455492944568587
0.02704933032931929	0.034262209038155772
0.026516554683803241	0.034055483794715492
0.026005895436994504	0.033874970804640969
0.025523684161107028	0.033856457969589977
0.02505595211695185	0.033772877703751064
0.024604925057820672	0.033631829660212803
0.024168534341742036	0.033412403664926024
0.023749457885541878	0.033134283444762026
0.023349402794507028	0.033039026383401164
0.022959870739250085	0.03271189929094101
0.022582313721415618	0.032414551832605103
0.022222472290351875	0.032266424621070627
0.021870286158307457	0.031770804044961166
0.021531352897520912	0.031469368350316287
0.021208813071581817	0.02973896609288602
0.020898911452670064	0.029377462813506401
0.020588559135610581	0.02905846879422851
0.020272899676785725	0.029669351761141612
0.01996806950767941	0.028737278990246785
0.019704763091139568	0.027514565856957707
0.019431032862608114	0.028385324574623561
0.019192236414456991	0.027854826326241713
0.018919954753975021	0.027203615110625589
0.01866692096313928	0.026938682694376142
0.01842150034768578	0.025875288298547489
0.018185339383705944	0.025982684183183693
0.017990803540188831	0.026473210652080512
0.017761499557488222	0.02599800947526397
0.017533746821125362	0.025274848865152185
0.017355528991266425	0.024911754787034949
0.017128897942216597	0.024825901690175785
0.01692188594696702	0.023944658209287071
0.01671622913574548	0.024771503634433072
0.016518566832786675	0.023355207584804492
0.016352853214143353	0.022426262697363763
0.016185654346569284	0.023853566194156954
0.015991834660898166	0.022343786483884968
0.015804717822664655	0.021766955275834495
0.015673261375025734	0.022926076112433517
0.015516679085818063	0.021893050957757933
0.015361996545817868	0.02125019019037
0.015192545754100685	0.022953045793531947
0.015021847347572073	0.020401966529122718
0.014883011243305908	0.021165882954498175
0.014701657409409589	0.020058119239027877
0.014600595829505729	0.020666884151227933
0.014468371937880522	0.019681399560055744
0.014331901486033636	0.019660871557711353
0.014182488132415792	0.018888462799024543
0.014005619053351435	0.017575567236566295
0.01387179294164423	0.017987454540340193
0.013803817069168865	0.019596246885439633
0.013669015977167593	0.017597804262156593
0.0135262045398673	0.017499978379773684
0.013424903695427322	0.01798009075354089
0.013330599964074338	0.018086901530752531
0.01316513697420758	0.017507634858128483
0.013072089731656576	0.017255859345702628
0.012982249087266907	0.016953845905735336
0.012886823410852554	0.016321697567800938
0.012781977457275153	0.016117839146590662
0.012682920439923868	0.016348137729365927
0.012575274170000168	0.016023991943767468
0.01246669565814704	0.016081464288388546
0.012357083005687993	0.016106137934209151
0.012294551692545251	0.016029492797280637
0.012162626535539513	0.016763378911000014
0.012085362258564642	0.016248804320993706
0.011988029027440082	0.014493270598235993
0.01187499509176981	0.015214310422407729
0.011812340868696805	0.014817883739732115
0.011714273838716366	0.015788703658896102
0.011652226274434725	0.014628263404843684
0.011553871616242068	0.013951827596238411
0.011489523705787779	0.015252510820851757
0.011386049561550277	0.013887896929268336
0.011329249342527409	0.014442928792845883
0.011210875028930804	0.013890271930819265
0.011149661951965985	0.01348452141375784
0.011045866814985452	0.013469910968934354
0.010990921413206199	0.013291111011834417
0.010925770718274311	0.013316215620216842
0.010832420411428895	0.013181622496615744
0.01075261259538977	0.013036351579434514
0.010699983334827284	0.013238385234804839
0.010658495458674814	0.013609605589467583
0.010566034600277791	0.012968842970497723
0.010503895949168422	0.013091249838846117
0.010444481134854956	0.013418387646018597
0.01036297424099668	0.013134034054600492
0.010330108645557619	0.013356763900800471
0.0102414138684247	0.012270134763261203
0.010199936406432549	0.012670444243372566
0.010117546871651346	0.01224973827671085
0.010046116481314199	0.011743980210616116
0.010022602146862795	0.013238939193971804
0.0099309603157647294	0.011397013899828688
0.009945746617373739	0.013630886003278936
0.0098043041772996886	0.011598509171533856
0.0097229289441831662	0.011356570559222684
0.0097043658766820078	0.011079222663668524
0.0096236063228133557	0.011886727014178143
0.0096007317630918618	0.012066334429859965
0.0095180431514984929	0.011088037366213423
0.0095214870814807999	0.011869871099157901
0.0094282987288160768	0.011081639521330183
0.0093643130827858346	0.010210193377819109
0.0093278667716398932	0.01110673240906968
0.0092656191991922921	0.010514477473025556
0.009231214101503106	0.010918832249642551
0.0092163861137442033	0.011155435512775112
0.0091639072367315048	0.01067256488933766
0.0091005749973255574	0.01065114970390592
0.0090433088185499881	0.01079459427801116
0.0089885320862045683	0.010267743777037864
0.0089568531314063188	0.010244510680659406
0.008922951690483771	0.011367268995140303
0.0087905909976616174	0.0094846882107680729
0.0088135750349597475	0.010535218629137878
0.0087166481651776914	0.0096481361594485809
0.0087372277987833747	0.0097422608030953359
0.0087021034034962096	0.010137849502837436
0.0086030201186425275	0.0095445974549544458
0.0085886801575971745	0.0097371071080160528
0.0085887584589989952	0.010652760249178831
0.0084811088563136287	0.0092626940623185688
0.0084707538350964947	0.0097298640947567506
0.0084218825566320168	0.0096165487294055645
0.0083937834632807386	0.0088344523536690155
0.0083597810366424566	0.0089723600078002643
0.0083290524266621552	0.009706688535790332
0.0082663483898951853	0.0091413335764027152
0.0082242862732012124	0.0096833811193689258
0.0082139620695938775	0.0089715017703839908
0.0081158291151434726	0.0090293471858140847
0.008132097164957372	0.0096794411829662537
0.0080820854087086114	0.0087738088812223756
0.008061352174431673	0.0084166264203476577
0.0080601072047128009	0.0093649427525028632
0.0079543198198731898	0.0088874178392295122
0.0079749524270052736	0.0093584747418887799
0.0079357393227984449	0.0091311632584906138
0.0078720818728632812	0.0085977537736092683
0.0077483649650893251	0.0078398922660818885
0.0078111293756709665	0.0082895414381343319
0.0078020417717201522	0.0087821494316464282
0.0077793108512051743	0.0086115279502349609
0.0077200006346776467	0.0088822260005439
0.007666605632115994	0.0084241533117026344
0.0076355737257615668	0.0084495497767103495
0.0076562182123195285	0.0090015966320178501
0.0076112230301499497	0.0082605970781809666
0.0075541776116728986	0.0083637581166766343
0.0075548673400083876	0.0082971902331290832
0.0074826230756886453	0.0079267885187172434
0.9999898864707365	0.0002972847633306645
0.55289523124980045	0.017268776941979473
0.38207927793896806	0.023905863029940213
0.29190204262462294	0.027459048754637647
0.23616579339105789	0.029717100474077683
0.19830368835435241	0.031317518247006348
0.17090760448417627	0.032535849295043717
0.15016790327276017	0.033502385565522409
0.13392501249074248	0.034279996902658962
0.12086234651558447	0.03491121040781793
0.11013120970434127	0.035429264554813281
0.10116052944343099	0.035844693229292963
0.093551514561642679	0.036160090535531833
0.087017185463851066	0.036385949038593504
0.081344330463562833	0.03657086114146256
0.076374623125125704	0.036694935290431094
0.071984241338735322	0.036799480190843337
0.068078345538678461	0.036881831513561898
0.064581410168031289	0.036918713961962328
0.061431942064387741	0.036921741059970738
0.058580887974849873	0.036905836869927586
0.055988494884392524	0.036873665398441918
0.053620358719587598	0.036845176586592879
0.051448427585900132	0.036816159816108994
0.049449550803975173	0.036788769060625011
0.047604020476054679	0.036762917112333857
0.045896451283613547	0.03671909688449853
0.044310836014889332	0.036659838262336097
0.042834418742151159	0.036586178403269845
0.041456593764233017	0.036481910301900407
0.040166380652608712	0.036359398169532514
0.038956809863260035	0.036224253681913052
0.037820698347175427	0.036081790686699464
0.036751593740128027	0.035933625652649792
0.035744074867702008	0.035789471382714037
0.034792256276201181	0.035665045225527478
0.033891163182870998	0.035502236578272867
0.033037007239425514	0.035315445582710325
0.032226768445087588	0.035132127576842101
0.031457818204336345	0.034954184974176294
0.030726281810976155	0.034769257765911811
0.03002966042673022	0.03457443837787564
0.029365455943162196	0.034370514479378673
0.028731800101677602	0.034124982541122742
0.028127821231175253	0.033900955547153146
0.027549676796513104	0.033663428285975822
0.026995972149789913	0.033428912178081187
0.026466777622014988	0.033256998520436197
0.025958812104509635	0.033053791314973352
0.025469672254956485	0.03287194559219208
0.025000606886716348	0.032711538374542729
0.024546487375584031	0.032472900211160338
0.024108246507219631	0.032150307250655541
0.023689291251629961	0.031702357550895711
0.023282585482817333	0.031070210060567295
0.022883871268504847	0.030771977273547711
0.022509649559396609	0.030542771024686177
0.022147470074979546	0.030404169251806629
0.021805805065189501	0.030102211302186734
0.021454058955469684	0.029747795590658561
0.021136708909008369	0.029165233448597176
0.020829834447299904	0.028710082361951907
0.020505036966638968	0.028043380853976962
0.020237925663962153	0.02762261749535342
0.019935205397274638	0.027218521315090439
0.019671460312186872	0.02635014877810786
0.019391204409653803	0.026301429164742932
0.019115506631292748	0.025910915323795251
0.018886017786770765	0.026286131370220157
0.018619583421189141	0.025201192099264833
0.018372024354795031	0.024788222788629459
0.018144736691872623	0.025222973769347887
0.017935657109882583	0.025235402860273821
0.017740942771722994	0.024628681706189124
0.017485827404277791	0.023124709044581738
0.01730000602823736	0.023622780126408789
0.017075852311361522	0.023518700660854874
0.016889064579527834	0.02260360541060966
0.016717507986928202	0.023491237898170408
0.016500241065055168	0.022536729440311175
0.016305509705945985	0.022131364318091429
0.016145680532171289	0.022564587684525336
0.015932609296748643	0.020722602485011499
0.015766601394543774	0.021291029578456331
0.015601659651996535	0.020550365165688759
0.015456064935821323	0.020609575862078216
0.015310708594768683	0.020936291074552901
0.015137795587380622	0.020382791530602282
0.014981680238411982	0.020180430149729079
0.014848593952859684	0.019345732174403909
0.014741659021266531	0.020929430238858602
0.014518085617176079	0.018021533889157042
0.014421878688752226	0.019545768309895514
0.014291904639779723	0.018872777341870813
0.014161086220231201	0.0184191559512287
0.014004532459811947	0.018470520112102588
0.013889613840909089	0.01746012038249832
0.01375134881091401	0.017469101609750511
0.013646977876561647	0.01717555327318129
0.01350774402271447	0.01787994181189647
0.013403094515073781	0.016841064220467335
0.013272728311764509	0.017439740897637387
0.013139628242643944	0.016193000251213452
0.013057895823035445	0.01545903470375435
0.012938027721335097	0.015412449566297459
0.012848017290328745	0.016096877568996221
0.01273911563350732	0.015370892788551801
0.012612166431751273	0.015473322454537234
0.012541284925159758	0.014915984515907017
0.012428852975148683	0.015768411363421508
0.012335379442826127	0.015457873611830845
0.012241408801071541	0.015400330850404305
0.012133665678684095	0.014437020869541397
0.012074488871074917	0.015302067441706669
0.011963699898160225	0.014936356455813577
0.011835415587058773	0.014874408790514871
0.011756133513201572	0.013380231326878119
0.01170769025713421	0.01448530940880818
0.011623006801721139	0.014409863508559459
0.011519148253735911	0.013607145781715272
0.011420150861954543	0.013802602409121695
0.011328727315415538	0.013237780214379513
0.011256691665627925	0.013331799954983584
0.011203678318674826	0.013200294712893574
0.011107182745042724	0.014092882765065677
0.011116822434816244	0.013506957568397046
0.010940421329828301	0.012705931184389859
0.010856676673344626	0.012980451758265303
0.010796820787640535	0.012115440852992118
0.01077869985984853	0.013018185148143152
0.010699042683844409	0.013055559662456272
0.010579026631873564	0.012637393051527062
0.010517195871041041	0.012081041530455628
0.01048364113373848	0.012349523561595207
0.010400658880549378	0.012323899040501031
0.01032598012622872	0.011659047657370388
0.010275388253876923	0.012116580881404155
0.010221489251104913	0.012251586017828775
0.010129349536122326	0.011368037245823054
0.010083609282726939	0.01160322031331321
0.010024279792823833	0.011085071649408564
0.0099846750768984513	0.012091515492118524
0.0099396335958705905	0.011931381289012605
0.009833125363750422	0.011384930502434455
0.0097813627260898307	0.011891894798084968
0.0097086137038248626	0.010697251584987751
0.0096733768679204031	0.011584236797197663
0.0096188590438492285	0.010658591033087861
0.0095371295605654084	0.011335146181980506
0.0094874538810818584	0.010618695521235308
0.0094707758017771801	0.010796179592616875
0.0094186557612191343	0.011321643399479317
0.0093070646373018592	0.010418245708616769
0.0092895470327665625	0.010222989573005423
0.0092588128743265226	0.010104376394143964
0.0091603229679877891	0.010523279192729761
0.0091966957423392261	0.0097793184356850527
0.0091115066451734616	0.0099460176517954038
0.0090318540730699864	0.0099706053657531834
0.0090305501456461237	0.010518786532933382
0.0089669782667902466	0.0099960802444608067
0.0088957842293346558	0.009688863517584358
0.0088608426277477052	0.009804485604571268
0.0088152167283710916	0.01038349905120683
0.0087650012245326214	0.010128733130807288
0.0087234206550278436	0.0096685770952828626
0.0086956724161456125	0.0096273852882434313
0.0086557438538377302	0.0097888296990228853
0.008633394801060618	0.01026410332603583
0.0085847090082703872	0.0093987746878895443
0.0084973033175958085	0.0093857292463456476
0.0084916651468843543	0.0092752422777414474
0.0084468517000218374	0.0094924932249224967
0.008388764567852168	0.0091472693374733856
0.0083405242610688681	0.0093482455065061979
0.0082848765171644311	0.009270278210534182
0.0082889693062092023	0.0085437389391191335
0.0082232171569033563	0.0090068793451203791
0.0082731729383318745	0.0095433406200732609
0.0081281963753531521	0.0087337713139372802
0.0081587971576822689	0.0086489528273002558
0.008035398084017412	0.0085980831305691625
0.0080562961998917413	0.0082809425745462659
0.008018417624018467	0.0086344599098170938
0.0080331716742937133	0.008679578946303973
0.0079723854915013295	0.0090003830771110838
0.0078607743803989598	0.0080171594477334365
0.0078834153146587881	0.0091551070347993275
0.0078585908589436024	0.0081158233938854931
0.0078239762974193529	0.0083687877293057364
0.0077876088974490167	0.0083833670902182886
0.0077597811793823478	0.0084840350275088676
0.0076906036407903798	0.0080512152438739666
0.007691437668711827	0.0084167472315616002
0.0076237028056499994	0.0080405343644147382
0.0076207110282670481	0.0084015448103721743
0.0075885786362743894	0.007863827705298013
0.0075574057250802698	0.0079152613124172412
0.0074616925479283778	0.0079456434420783519
0.0074786106155299648	0.007487993641272693
0.0074650828703629653	0.0081699910756260052
