f	stdf
0.9999785810453975	0.00059458529501577951
0.6100614581328202	0.00059490482137968654
0.43891598035169388	0.00059573616439697577
0.34275857287526812	0.00059707937121030775
0.28116151143314655	0.0005989380552623132
0.23833083720885445	0.00060131955085884227
0.2068240980538141	0.00060423513736877082
0.18267475389855667	0.00060770034021700493
0.16357511126132573	0.00061179581186381797
0.14809179143607112	0.00062102237509917193
0.13528781095595269	0.00063864350636458778
0.12452335486504584	0.00065904504828801262
0.11534767912355182	0.00068605131435256104
0.10743410601655506	0.00072038447404900883
0.10053972608667294	0.00076462829112574932
0.094479949858056647	0.00081770404247323483
0.089112278863734878	0.00087925686132663786
0.084324930368962853	0.00094746795346441638
0.080028720360628025	0.0010198542041723758
0.076151922365643068	0.0010953214774749886
0.072635949254575047	0.0011726190902741078
0.069432735557803257	0.0012496148655892993
0.066502389756120661	0.0013252776251892011
0.063811495375324295	0.001398355989671439
0.061331870381143176	0.0014677341433189811
0.05903948580363988	0.0015332402062781755
0.056913837500767402	0.00159509913773862
0.054937333319897121	0.0016536429515099356
0.053094763265027822	0.0017093196884913045
0.051372951400444351	0.0017628499287129817
0.049760408480305295	0.0018149730683658081
0.04824702142304578	0.0018666903131849355
0.046823933931570035	0.0019187298923593781
0.045483265230166221	0.0019715750824790528
0.044217988787818283	0.002027177164956177
0.043021726040004905	0.0020895086133351655
0.041885660518195249	0.0021774555345291081
0.040792589239890598	0.0039334693674072099
0.039779786552171195	0.0038614117560045462
0.038820464113746067	0.0058337835454914666
0.037909433023748905	0.0074195515246463862
0.037046065978957966	0.0095883890237234582
0.036233157499259705	0.010060430434976094
0.035447025994786635	0.0097383513531265568
0.034710032246093238	0.010158410541066061
0.034024774983959165	0.0104386910437847
0.033296539038766428	0.0099219739799889569
0.032615361184630404	0.0096934947679916273
0.031937821614812199	0.010786538361716731
0.031362262791377327	0.011482933378861651
0.030786083681938095	0.012026596118878036
0.03021556249459929	0.012177577525132847
0.029678358111315282	0.013195400819653804
0.029156559222133085	0.011822705747391396
0.028627652616506134	0.012597176240402904
0.028143169492693489	0.011327880006332751
0.027664977458382888	0.015078929158486224
0.027194063734219627	0.017019739465603992
0.026762260313805027	0.016494521601186914
0.026333664766262012	0.019967336258075129
0.025918530116627665	0.011457020918374793
0.025559142452645674	0.015068115689125418
0.025234909309299454	0.014871908166743322
0.024854448726785262	0.012162197853236873
0.024459754233662666	0.01741463187267359
0.02416679525510964	0.014439336787632691
0.023799913841448066	0.014743201050862442
0.023512612914267525	0.017317274472895369
0.023183403906224864	0.013306460642600415
0.022923332831080407	0.016498950206438091
0.022580077717589762	0.014328892514593993
0.022313519226944484	0.010497177612351411
0.022016935310781294	0.012928615855648747
0.021822055168785871	0.013287671628112979
0.021483179592927167	0.016244332896535568
0.021329323359943413	0.019465606877503872
0.020994668820498961	0.015707272961875223
0.020762134644279933	0.010921975422925343
0.020516862922053271	0.016705865798667979
0.020525900792189959	0.027369589921496636
0.019976364123761206	0.0091859055242722257
0.019741172957491202	0.010124572243523375
0.019747346605261989	0.014930447055605072
0.01954256955667931	0.018390853717915687
0.019307200164872921	0.018125164846745031
0.01913524567043183	0.018294852164846255
0.018948827622941002	0.011084429662201082
0.018716901870909616	0.015852139179042459
0.018423466267651165	0.013498991748756829
0.018173994978912311	0.0063869865921218879
0.01810450029083607	0.01047302996690689
0.017891363967784363	0.01278880543709612
0.017736107118824337	0.010398579343973997
0.017646948817730348	0.012166740499704277
0.017349232956704933	0.013556973030803166
0.01731417757757573	0.016059933377193199
0.017190751578505959	0.013160871582436614
0.016996736696728604	0.012800206214696469
0.016617760221169838	0.0064833422425280823
0.016549260949164112	0.0087339542443454921
0.01647256707551914	0.012935249860432306
0.016343350869223363	0.007601795001702754
0.016193881414932668	0.0093452048012368418
0.016044449370571433	0.012307033039811384
0.016100661113003838	0.017521710307274417
0.015654439482161484	0.0069990940220664728
0.015690296990254499	0.0077701377150065851
0.015581641858482076	0.0096093335365610103
0.015374739276400139	0.010126888926428769
0.015325053561767457	0.011067317171457867
0.015205707597650763	0.0088287434584780784
0.01517713098682787	0.014491590838892555
0.015005373095523787	0.013124091848554576
0.014839801362842136	0.0084865776497624681
0.014663659891992397	0.0077440706427599464
0.014693812288231786	0.012105920486804797
0.014733952034070921	0.019478038968061471
0.014390494854115164	0.0084636255401311054
0.014253035338185874	0.0076287470928092386
0.014232894967564256	0.010893022845088239
0.01403287849223043	0.0071330273020005974
0.014075925660805408	0.010033242576563723
0.013947883268825578	0.010633156831995663
0.013806720862718922	0.0075590366181962987
0.01371635483931394	0.0080591432899719644
0.013634832310935388	0.011195626146993785
0.013437278742424567	0.0079684454543181675
0.013373609006888909	0.0090278511806686484
0.013319063363129624	0.0067446710161738754
0.013317036632434106	0.0095901582569706684
0.013062379879528475	0.0080654890917025331
0.013032126471364567	0.006715755931854769
0.012958674306385856	0.0086145605604286447
0.012925839643916205	0.0079591943223867555
0.012832744559088085	0.00635014783322511
0.01266607430878997	0.0068746376349753651
0.012740984815078505	0.010011832273927808
0.012623008949645822	0.0085977951469160367
0.012544586965058273	0.0091899482469437899
0.012344435887530538	0.0083429214323054758
0.012413035362674902	0.0094727212595929009
0.012362651335037434	0.0086329805267665038
0.01233525609891618	0.0091812078037285857
0.012096501434582706	0.0078547154525118387
0.012120926680181509	0.0084103464385954924
0.012165013228189161	0.0089406540352515891
0.011873783533660103	0.0066943749527797773
0.011873446590705468	0.0097422225260440642
0.011836124063669526	0.010852967412166689
0.011659134276437924	0.0058567382574071366
0.011673000982667959	0.0080259369395169877
0.011572715183395978	0.0064301365849740721
0.011500662418139157	0.0084503301031906477
0.011439886534319779	0.0063945722321040767
0.011449539114975588	0.0065341069851405174
0.011425201034939951	0.0081043549449814709
0.011340135860057448	0.008299849892834785
0.011221645708019892	0.0073524474780512217
0.011165867832056652	0.0063696502246475481
0.01108546236478463	0.0064636992866979404
0.011087462139289154	0.0069886788567126625
0.010941496211718306	0.006002457533101524
0.010924305073599627	0.0063161414530027256
0.010878194472626486	0.0074308823994842224
0.010808827768998547	0.0076470619093985262
0.010707375133835417	0.0065556525831004676
0.01066372755927524	0.0072693300331197648
0.010694882446791643	0.007663381715617242
0.010628973108816414	0.0072444080831021206
0.010544879604229758	0.0067570774732231987
0.010582909802143266	0.0060376074560049399
0.010506176612515185	0.0083631258775413511
0.010362531028683683	0.006123897845374671
0.010249764171889586	0.0054846616991892257
0.010293444415958589	0.0064519496662560601
0.010377109994219588	0.0081922401061483227
0.010337320474782608	0.0085548968841168416
0.010131404935401324	0.0068425119567469342
0.010160980206562276	0.0062306532645586745
0.010159870997939836	0.0052401256332283343
0.009983501504559537	0.0072702706143387497
0.0099858916250703048	0.0056605569224741185
0.0099467265214869191	0.0071471007478239711
0.010025658605591034	0.0098245968921838091
0.0099306292710314211	0.0077699566634795063
0.0099561701072672648	0.0082407392667722956
0.0099623925695866162	0.007600550967976352
0.0096047285794196285	0.0049634075810965298
0.0097441227720045237	0.0056959277056353366
0.0096363224973139011	0.0061295300486070431
0.0096118485091285684	0.0079442264070660792
0.0095612847934533288	0.0057029005230744166
0.0095970857059562865	0.0065086047078520256
0.0093725029416288283	0.0061072802813957406
0.0094461249571456286	0.005769701375302934
0.0092772894270382808	0.0049679881042178371
0.0094399983059085986	0.0068806304638163911
0.0093947282043337337	0.0079772323756607619
0.0093156163218529788	0.0060373503685783756
0.0091732596437308841	0.0055424671180202435
0.0093839711045034854	0.0080337426256841833
1.0000534110667252	0.0022248200884411322
0.61009953108095016	0.0022269873764966352
0.43893825700335504	0.0022308354911026239
0.34277220617293996	0.0022364178204591482
0.2811697742513094	0.0022438080519327718
0.23833548810291585	0.002253100423174839
0.20682618297497107	0.0022644103155645776
0.1826749395960523	0.0022778751635540093
0.16357383898609221	0.0022936556509891037
0.1480888426353173	0.0023121327130732829
0.1352826171156549	0.0023341231926201828
0.12451803861136654	0.0023587830559299713
0.11534552285776811	0.0023705563715715472
0.10743760710165211	0.002362006239214811
0.10055021599926917	0.0023386192151068066
0.094497909915409462	0.0023026077574960615
0.089137356450672361	0.002255288926976665
0.084356427446489218	0.0021994520935128921
0.080065759733414607	0.002139174175286921
0.076193381505522767	0.0020797399073175724
0.072680798047285847	0.0020253592639768495
0.06948004531271286	0.0019792281344952903
0.066551339245046193	0.0019429369568243282
0.06386138268890007	0.0019161701945756284
0.061382128924362171	0.001899023444476824
0.059089659852022948	0.0018904376670208826
0.056963552191014399	0.0018898521485376577
0.054986362505919657	0.0018970585161585658
0.053142915891628235	0.0019120013260588763
0.051420053409527253	0.0019349634351524835
0.049806315463926124	0.0019658370710896817
0.048291653089710521	0.002004699920980959
0.046867196923344963	0.0020516150292103105
0.045525117236496701	0.0021064216638310889
0.044258507281018794	0.0021700148718581903
0.0430611550686157	0.0022421324882852429
0.041927536069679847	0.0023225566774570969
0.040852823148233242	0.0024155217143067044
0.039832647592972129	0.0025264769459555671
0.038862747028072478	0.0026535671463200714
0.037939654097067177	0.0028021918817745218
0.037058413727905581	0.0028388575811688307
0.0362180024560953	0.002786828621568141
0.035465537475560631	0.010746478816882647
0.034725644580351198	0.01186849250803006
0.034017750189926414	0.014137013433293591
0.033341939795155588	0.0149838613700401
0.032686976518012001	0.016094014672574767
0.0321351856343925	0.017770264137279401
0.031620681882238322	0.019125439106760133
0.031044974540699585	0.019499656860739942
0.030502338955647489	0.019671978606647173
0.029829888241637126	0.014618525677117517
0.029369930053083394	0.013456790777544534
0.028861313122489796	0.014297721398086665
0.028345945626957348	0.0123375500327802
0.027879796913367234	0.012729058049370813
0.027332621102514984	0.012271558018105226
0.026932373845307361	0.011239831872550135
0.026538887090312629	0.014978504651948757
0.026112390429987243	0.011693359722359534
0.025681539633214633	0.011401424325337547
0.02530938040690554	0.0097388882298459906
0.024942732458753857	0.0096201620931752573
0.024578174878434274	0.014866045491046916
0.024235363136683119	0.010064167094945016
0.023892496906883529	0.013255608428860522
0.023550054984770859	0.0096001196395357098
0.023231426341247727	0.010625426822430794
0.023009603312362455	0.010258802952688413
0.02265723509530089	0.010293653446232412
0.02237707945787144	0.010413005148935608
0.022123784496815901	0.0092477641574532834
0.021824782466881892	0.0085865328371894697
0.021542945739836464	0.0087451416563794297
0.021240857391276121	0.0076299626315094269
0.020912232323204209	0.0083389887972152993
0.02081360201504244	0.011639754075258631
0.020598681969892532	0.010775399406147163
0.020404516537183916	0.010559425501918787
0.020130193351035344	0.0083245378594082459
0.019898853905974324	0.013152007660983307
0.019655994349994495	0.0073138858824757565
0.019528327239576374	0.0090150661302257924
0.019263977145192471	0.0098898115545162524
0.019080036482186355	0.00904570512532645
0.018859696168199783	0.0081200052890949628
0.018618281760396385	0.0073234745493789763
0.018301467467418193	0.007530260060637361
0.018285874692035561	0.0097970340541326389
0.017984966656361265	0.010460752824142971
0.01784066362532917	0.0061516781272975716
0.01770573284050949	0.0074567923548012572
0.017601689916447935	0.0086063625351746678
0.017268521800926178	0.006920359063736399
0.017270536327051389	0.0079492582116651757
0.017069355725292525	0.0064498539347712597
0.016927625036766203	0.011626367786647565
0.016742579968762359	0.0080159304852335262
0.016641456318774225	0.0085758242495380214
0.016622249654651169	0.0087140028085550929
0.016305462757206665	0.0075665841471094404
0.016181257455070888	0.006778436777652704
0.016068064023640829	0.0072107486437615097
0.01595844086412148	0.0086827231842361106
0.015768357358167718	0.0094004367130222626
0.015652272564201791	0.0087842373092300221
0.015565695469240503	0.0074152021721385526
0.01547174971477828	0.011296271758120849
0.015317261136476858	0.0068115455017601313
0.015186957064733504	0.0067363292744084743
0.015062670865297851	0.0080020840145966828
0.015025567332913478	0.0082778509109438098
0.014704807604897337	0.0061080547173783693
0.014823815382125804	0.0080031929813147839
0.014612442335619086	0.0077647597573311774
0.014503765713587627	0.0070120319424894616
0.014367919397001373	0.0074613861140706041
0.01427701000638412	0.0097514458841450914
0.014142956262481264	0.0057702542581089802
0.014103090812664268	0.0077634949512947783
0.013910564058094767	0.0067945637163319
0.013802319204851143	0.0062267606688181393
0.013769146107001265	0.0077153961292984055
0.013679945872917763	0.0062132900758750682
0.013443626269969304	0.0062892906757907631
0.013484852484641516	0.0073803413381979916
0.013484869518673705	0.0095212902033320005
0.013300997706673789	0.0059527500391527415
0.013129587871649995	0.0064960969260601294
0.013165218935648934	0.0081449843729536568
0.013039376505420384	0.0070073092765979735
0.012935746532275619	0.0074595482114940088
0.012917391292500201	0.0066516601734185072
0.012788321155360605	0.0063983713605435533
0.012727453104034494	0.0078918141005360539
0.012563289790514739	0.0065064751701442644
0.012624421613421404	0.0075012047262978283
0.012374113100682505	0.0063111926847209485
0.012443820375935544	0.0060544319502086981
0.012371045769867554	0.0078243026335744221
0.012148454540139249	0.0058071444927693125
0.012212163639754621	0.0067841831406873455
0.012086353262615247	0.0063686894108788477
0.01199930265681331	0.0074500973114786945
0.011927731221200118	0.005793906060751545
0.011908715963980665	0.0066390870351328611
0.011930972877843771	0.0079772536407826788
0.011762039401730264	0.005884118080229493
0.01167110811045606	0.005731971670338662
0.011594109464962234	0.0065249315433431971
0.011485097873229698	0.005835039297220161
0.011367993032272405	0.0052447170380838532
0.011463529619636101	0.0063445425430825597
0.011429867738046922	0.0067485252523514999
0.011319245346943309	0.0051335520690843029
0.011257243231903146	0.0064663907503604845
0.011122704109720544	0.0066469868607881236
0.011135505393569342	0.0061038769056414475
0.011241593744241645	0.0070508510771856384
0.011026080662267372	0.0052600522134895467
0.010939723037894132	0.0071082929820827385
0.01083676643921197	0.0061620451708947954
0.010886781693801618	0.0062175062547718011
0.010668523575140877	0.0049410428599173705
0.010668429053594893	0.005966455127858792
0.010678229781835202	0.0075552861398910567
0.01062071700459963	0.0064316099439507566
0.010591680229161101	0.0056648302439764719
0.010681950678156318	0.0067396064092107456
0.01050685253600012	0.0060022549799348575
0.010510480513260393	0.0053635169710962109
0.01032345602030668	0.0069366852097783411
0.010211498080534259	0.0049677161271872239
0.01032560969127644	0.0052246575506300639
0.010285210794253605	0.0052836047551627994
0.010240564438852847	0.0057955518882107215
0.010262303535143192	0.0058871216010338238
0.010074769765134871	0.0062994280219562521
0.010083519603922507	0.0062693879539322669
0.0098910377062145331	0.0047971132718598007
0.0099450394964926726	0.0060045435552556004
0.0098101168376106638	0.0056751681652531492
0.00994102866634234	0.0070487822607205163
0.0098187503499145498	0.0054523718886100364
0.0097336450042428777	0.005303462845903586
0.0096721427567675947	0.0051103521882088368
0.0098070878721467341	0.0057186675488990401
0.0096720632235605033	0.0068497630719659038
0.0096872080991516219	0.005415242317318705
0.0094739327846884332	0.0052653811031448672
0.0095625323784968297	0.0062983022329954584
0.0096069102952121271	0.0059417576341230655
0.0094854265879377557	0.0050305885457595503
0.0095047675733625457	0.0075061988223808739
0.0093575312484711123	0.005877937055154674
0.0093582285820223432	0.0056330093292422398
0.0091810878551916702	0.0054532294995340257
0.0091939316139823465	0.0055764231115537095
0.0091406630833137381	0.0047398836288170187
0.0092421175816021581	0.00573594092409083
1.0000100096217788	0.00083407508834241974
0.61008309114189774	0.00083255576385954844
0.43893336440490249	0.00083201248621478537
0.34277361405816614	0.00083242099662668
0.28117509294761978	0.00083376096023245606
0.23834366581471908	0.00083487297389224784
0.20684029028226769	0.0008164972366323447
0.1826957152698081	0.00078663964785325813
0.16360068079283346	0.00075140179019455168
0.14812221355326355	0.00070287054022911261
0.13532244960733383	0.00063939294246979548
0.12456175494966155	0.00056295308629013383
0.11538929805737354	0.00047689955562667231
0.10747818422691725	0.00039227240604495568
0.10058587996398632	0.00033078792543155569
0.094528464237611909	0.00031943346712385369
0.089163402779090101	0.00036608960465981809
0.084378466802960253	0.0004505519414865184
0.080084274455388599	0.00055197196521653588
0.076208962033569777	0.00066033501117491664
0.072694063193471936	0.00077136603283028959
0.069491402854165649	0.00088274883127357475
0.066561020925641701	0.00099302449541582871
0.063869641923176818	0.0011018584228923861
0.061389072944378148	0.0012100255599853101
0.05909541442838815	0.0013187288028430524
0.056968299067632726	0.0014291503724302729
0.054990227078621133	0.0015419021842177909
0.05314608952218252	0.0016588461450893436
0.051422800277288759	0.0017842595662970456
0.049809126295905816	0.0019265032355254537
0.048295449368048721	0.0021025705824232856
0.046874202699528078	0.002368612558700231
0.045542539197517058	0.0029701659610688346
0.044319078458818113	0.0054663765255217704
0.043175773493362074	0.0094009534320663151
0.042057519701764939	0.010835800823396559
0.040979281017214146	0.010430843465237948
0.039825479643641457	0.0028922773430573191
0.038855869297224468	0.0042570895851476226
0.037937867479823285	0.004762360884589905
0.037137268597741982	0.0072210634589558375
0.036191836080828724	0.0095923052152565146
0.035414035265730066	0.0084287723889452573
0.034620306225067662	0.0088560672331623649
0.033897216332883069	0.0082510363914148274
0.033205615188476839	0.0079259543036100995
0.032544167837879584	0.0076348116914060774
0.031899200074065555	0.007364022495423765
0.031302178145065099	0.0080062479066692494
0.030721696470977791	0.0082587059414578855
0.030176263742190321	0.007818850080265817
0.029640511015434114	0.0075509299788973291
0.029090753462186227	0.0094914411388948294
0.028547687194596064	0.011207820095542335
0.028103518605759468	0.010864669948506147
0.027610943256445222	0.0070906613309716596
0.027259070720270506	0.0097683459709188812
0.026753707551040406	0.010157701587607867
0.026339481955274118	0.011626457367110351
0.026046316559702989	0.0083715610277331157
0.025661335291149071	0.0078552538944361063
0.025298386784841712	0.0089460447513041077
0.024911209172895115	0.0076286712539347873
0.02448090323320435	0.0080164034437160692
0.024053616519719011	0.0092765967010377363
0.023860876407086184	0.0080265222770464894
0.023420927049700231	0.0086541147837469728
0.023108876861061438	0.0099346047162581688
0.022893580211702166	0.0076679128671900618
0.022589517163900296	0.013157237650602498
0.022254622121980129	0.0087908488237028459
0.021907520137635739	0.0095564708699317248
0.021679673044148556	0.0097055779325765784
0.021498408193327011	0.008642995469341783
0.02121348489150196	0.0071420431462589935
0.020978745271915896	0.0098034368690224482
0.020651727965027421	0.0088696529699221361
0.020425145480890916	0.0082341096994252433
0.020242302444165396	0.0081167729170122001
0.020008414884428668	0.010542988526478267
0.019767806369345834	0.0076434092985604033
0.019489489097440627	0.0070998326535912024
0.01939311992264154	0.0098091745472302719
0.019147518251443705	0.0073240423267562933
0.018987067304247804	0.0087932333512968676
0.018711537604179661	0.0092935406567943839
0.018508568207685299	0.0089096336777081137
0.018314843438469241	0.0075916781078734369
0.018237583405837712	0.0083756810277605918
0.018051210386525712	0.0086562144804445094
0.017795524324660382	0.0091210889794569872
0.017742287573846327	0.0083213796125973273
0.017452076323298173	0.0093151778861045587
0.01731329861227953	0.0080825918901210637
0.017231307318132862	0.010703166962553693
0.017018225292724645	0.008636035707770379
0.016811061360707511	0.0085141044954740331
0.016726604453647348	0.0081206833416163915
0.016560014281863662	0.0081183991176962539
0.016359554308505036	0.0087216200790621243
0.016286611031618606	0.0071737130298005526
0.016034179445867384	0.0087333974093114029
0.015985280183379583	0.0070473813233422949
0.015957909820864046	0.0077101653328893764
0.015726401939794507	0.0071749550578543335
0.015582415466137053	0.0066575468961594612
0.015473007042912223	0.010611799693673698
0.01529084673087582	0.0076414101825742911
0.01520222702780165	0.0085767993515510049
0.015095527436351598	0.0075062777267247477
0.014953315729122544	0.006810937235866607
0.014936918798325493	0.0080962977691942037
0.01478133951091351	0.01162235497347465
0.014660043402479169	0.0076426158743208503
0.014668787575495468	0.0072814617769476567
0.014526856331885149	0.0090874629483115102
0.014349634596182938	0.0070661223848334908
0.014250508379758376	0.0084115988646367486
0.014079463227513347	0.0094435055001856408
0.013983241616392243	0.0086494824255760501
0.013894718578398971	0.0094256975133785049
0.013796876654638787	0.0080742472482922753
0.013817987095839307	0.0072893079241940157
0.013554345909539151	0.0085214657563059178
0.013667239431225567	0.0079607775574453751
0.013395038744881871	0.0090126552064503061
0.013654725570073875	0.020990242123562829
0.013253061968824441	0.0079226654811203907
0.013094451014691252	0.0072594349358695177
0.013146266597718299	0.0074683073902181299
0.013096813137275141	0.0088082101212649411
0.012854736954624449	0.0073956796495596496
0.012866513119377818	0.0062770294955475456
0.01286226179728627	0.013491028793894518
0.01263574431684958	0.0075145478762141281
0.012797712312677298	0.008927188058159027
0.013107614058889581	0.034803088753428135
0.012488257757480302	0.006760551382398167
0.012424449121840183	0.0070177460100692077
0.012952313565369175	0.037504670369213677
0.012583281686052562	0.017530477413906183
0.012130565860405895	0.0065228267628213606
0.01238045748556766	0.016979494191369533
0.011918789925716758	0.007237340045940027
0.012033910819268271	0.0095295065619295447
0.011827175736088023	0.0074129637655310004
0.011812653034219543	0.0070920209792547
0.011744790767014479	0.0089682337805243543
0.011843391805611024	0.011054436487861525
0.01151986922306502	0.0063723941453468361
0.0118447381748382	0.020618041117088162
0.011502512028427253	0.0079728787105516289
0.01135438808932485	0.0063894384692847117
0.011387928502472756	0.0089477228717284776
0.011340138975605997	0.0060684168802004404
0.011329342934431051	0.0085162162046203433
0.011332353556455144	0.01241168906650251
0.011148043255307674	0.0068957041135760729
0.011397797646226513	0.01641740850814781
0.011092410956170447	0.0063017319498730609
0.011154745850182089	0.013971377326999464
0.010891084422890841	0.0069080038308482125
0.010858750553686519	0.0058467134525538728
0.010807766741615772	0.0068568315277359087
0.010752308468139566	0.0084308250416209561
0.010766888119375642	0.0078668971208818144
0.010832398759323755	0.018268946373598181
0.010735324009100359	0.0094117229092342131
0.010548641476715951	0.0059681418210898217
0.010545721994518526	0.0065800770060714794
0.010415424118701378	0.0064774002221629108
0.010398584235464789	0.0089686359467851303
0.010404738521308148	0.0064114970949009096
0.010243385201259506	0.0068231064361256102
0.010367761953746038	0.0065832607869979048
0.010251377456005158	0.0096608455021889757
0.010092498997874816	0.0056185208804446973
0.010001236758744916	0.0066433251917712276
0.0099389445599944778	0.0070337842708075218
0.0098720603979133553	0.0067185084219030869
0.0098632879456391452	0.0065556981984117996
0.0099214674899882945	0.0079506442559759988
0.009903733285845118	0.0063787262190943489
0.0099077842734619382	0.0085088369752838386
0.0097286792681890964	0.0072010962428568958
0.0097622539978021727	0.0059826878562405147
0.0096197548108659953	0.0056529983197698115
0.0095708835418856289	0.0078334936020961025
0.0095506678285607622	0.0065950524175164456
0.0095913554756824945	0.0098545072405792546
0.0095653606236084099	0.007716365964161062
0.0094622857872450113	0.0064349367056751143
0.0094476037423673713	0.006093720045851932
0.0094736473732859386	0.0074217567024594732
0.009475752149187059	0.0083555640131541178
0.0092648318378336196	0.0068202463087850967
0.0093815702943489867	0.0067326791674058185
0.0092329237614165501	0.0060439078582797861
0.0094037875193686456	0.0066418565260443208
0.0091755032428965065	0.0071276221861432008
1.0000804116493394	0.0010277777424462006
0.61012741779512203	0.0010283157273860593
0.43896640935932829	0.0010297358539999406
0.34280045853799801	0.0010320391551592398
0.28119808541770236	0.0010352344070232895
0.23836386271617335	0.001039339202032166
0.20685464495357064	0.0010443812593443026
0.1827035210230735	0.0010504000118227034
0.16360257467351533	0.0010574485194596672
0.14811772981819951	0.0010657012717866304
0.1353114681433539	0.0010786429804555547
0.124546076899045	0.0011030854123087251
0.11537122264444749	0.001124476896684652
0.10745948042478008	0.0011307697455311563
0.1005672256351537	0.001124479410346341
0.094509545276119988	0.0011097630591849711
0.089143942242304472	0.0010890511624821924
0.084358701323848942	0.0010639141954391839
0.080064516180845285	0.0010364080977623873
0.076189390389746939	0.0010094564874282253
0.072674844275021591	0.0009854867049056634
0.069472716830479495	0.00096744398416397082
0.066543058782571912	0.00095939561601486752
0.063852477981882788	0.0009641856735507822
0.061372846465355187	0.00098350640187531502
0.059080340707855013	0.0010174330890686013
0.056954515122636939	0.0010645941886152463
0.054977794613860896	0.001123893461156672
0.053134994217173256	0.0011937661832720793
0.051412977641085503	0.0012728306267098467
0.049800344455875799	0.0013605656623065362
0.048287011746842384	0.0014563155632742806
0.046864174322565802	0.0015618015564061356
0.045524336234351578	0.0016876850914838829
0.044262806394057989	0.0019214094630048018
0.043089671305361364	0.0034234269805428893
0.042028565791222855	0.0086724940938700656
0.041007163435641203	0.012394202807167961
0.040023579225839427	0.015017589085788272
0.039087289142695478	0.017005029621907333
0.038190728158752817	0.018059388074399097
0.037335231622273909	0.018554289857887554
0.036510105358482696	0.018708446394792941
0.035708611440047874	0.018390866795301351
0.034970171961186895	0.019720295047502556
0.034268031873978387	0.022506217865166243
0.033610451534802001	0.024571761506726089
0.032893227638062524	0.016330988674411559
0.032247866645917868	0.015968454425277202
0.031654807749043397	0.0172098920337613
0.031103294924918746	0.018352191263720351
0.030549775164956279	0.018872744276489977
0.029972201211336175	0.017360351748941273
0.029476783440433408	0.021681134543803656
0.028967625709061879	0.020821747075603469
0.028458911314225233	0.019543637333551959
0.02799026490564278	0.019057661155807794
0.027596920454516363	0.021962583183506738
0.027095500254514349	0.019446059089566488
0.026665514727458008	0.017606397689144335
0.026325291130950213	0.021318987321421547
0.025825865051053564	0.015415177108586682
0.025552606056612168	0.021422067274747318
0.025202447970458265	0.022463126152487637
0.024784358029770207	0.017027276199696111
0.024560619826079041	0.02418505833770224
0.024223950178384676	0.023829720388506764
0.02385327178835759	0.02196982377380945
0.023511977597677293	0.021172755152162118
0.023173562911099389	0.01882397497934889
0.022852454273315295	0.017095096901886375
0.022616055087571609	0.021611707802297233
0.022315377851329088	0.019352894885644244
0.022028893368418314	0.018916174344318384
0.021708515247215242	0.014583040970422404
0.021432845719014226	0.016129832595726548
0.021188241691295212	0.015213018219121053
0.021068876175082702	0.015615577560783888
0.020577213494324901	0.010273350225544799
0.02056076437862462	0.013447652998076398
0.020426856675358953	0.023395857212648974
0.020191637239552612	0.017744179107725081
0.019796222291390476	0.013274535817055582
0.019738871272825115	0.016683134855012046
0.019590463461084673	0.019344255684995273
0.019269275313129167	0.01700433158012386
0.019161112389278111	0.017206032131584715
0.018861050251994967	0.012057492556365805
0.018674981791240556	0.012160563852001257
0.018407343316613676	0.0099406087135367367
0.018238879941589722	0.010815890359262214
0.018141652082451096	0.013137430765651617
0.017858642893099529	0.0090765806615919608
0.017684872261178902	0.0099214170968338657
0.017406224569668817	0.0089381876435429587
0.017468116770496943	0.012230461588006846
0.017246450970271561	0.011690561523545173
0.016970476924375304	0.0082210369433580645
0.01692669544861871	0.00999739813388076
0.016790769872142786	0.010027550983175051
0.016506366532918336	0.0093044157737247266
0.016363389269885682	0.0078549279267284677
0.016475997008225596	0.011859185805389576
0.016190768148733974	0.015576584334744039
0.016104261652427475	0.0092574095973281673
0.015940245671599081	0.0090689856473494569
0.015578079475309878	0.0078638953981082591
0.015693033001708691	0.0098710906975282391
0.015516173474501446	0.013425646685046868
0.015454530738301352	0.008882074824114284
0.015233391358451729	0.0087657080482166968
0.015246775918080518	0.009141343664255586
0.015133985655620734	0.0090856276577458341
0.014997833653746554	0.010228209679854593
0.014860876472864231	0.0085106938628269155
0.014658388936513929	0.0073790551689617897
0.014727223211672597	0.0082113394901211188
0.014375294501717118	0.008039514168687114
0.014345066962983885	0.0090426963713533259
0.014169789885390471	0.011301922938187091
0.01439122899403133	0.0099773035967846008
0.014179150395489825	0.0093594268352519688
0.013896558170334508	0.0080519338161758446
0.013832897712855494	0.0092380091380545454
0.013773964970841442	0.01872370493471796
0.013781392779979324	0.0093517327823960175
0.013517780161361546	0.0080436455195886415
0.013498432639975603	0.0076210673913473014
0.013421228875980483	0.0083698721740002365
0.013227541880147959	0.0087253695135891714
0.013288132847495223	0.0077202142685188022
0.013322186714788296	0.0096922875788463415
0.01314671147480735	0.0091244935515039632
0.012992499339767762	0.0069510520568709941
0.012843970061855376	0.0070892727259401827
0.013047494405044064	0.009046429874052091
0.012711469503494589	0.0070303600821573324
0.012778918468298529	0.0082200990936439691
0.012660212872927356	0.012740255220619463
0.012501636134344282	0.0079147661568833017
0.012673825981295423	0.0089189659746038343
0.012332313878223112	0.0075174214117518841
0.012536012689880402	0.011004056708510465
0.01220074375074006	0.0069586156940920976
0.012084025801583688	0.0063972233879350552
0.012045877899517736	0.012334234162005284
0.01197098297709776	0.0071711804146736028
0.011981884619022193	0.0091337188337569201
0.011760443985839563	0.0080398094162071661
0.011860414140947087	0.0082133403012052669
0.011649626070499266	0.0062667131517950836
0.011742613971880164	0.0072560370879151213
0.011626363195958264	0.0075556674779312365
0.011496048029128937	0.0073122195984494445
0.011489436233847688	0.0075592970831516258
0.011515814473216033	0.0071298858288916496
0.011339568338086331	0.0062318692403127403
0.011261024922038744	0.0073566878299281633
0.011176473978053846	0.0069076138283880517
0.011405055115768923	0.008707975150499217
0.011108308641876605	0.00645724228843175
0.011159065927579632	0.0070092860065543239
0.010994473718039561	0.0071710455258983145
0.010996410744870242	0.0071291339022541362
0.010865939805899715	0.0056569990981889008
0.010880954889921584	0.0073044059983632418
0.010783881096643322	0.0065448240480459633
0.010684736666239229	0.0064369269876749895
0.010708335871023411	0.006585280360555586
0.010502953792815486	0.0060431383478053054
0.010548592265669707	0.0062880581882066881
0.010525277857838893	0.0066003009366172568
0.01049531101288757	0.0060483365712606174
0.010458422775243221	0.0061061430029965592
0.010280427859106149	0.0072649531191760252
0.010290411424480532	0.006464459416054562
0.010268038437740153	0.0069246921747953835
0.010248260480621635	0.0055333905129458689
0.010233897156515149	0.0070339933495808683
0.010397352667348534	0.0079911523760246277
0.010056251995128253	0.0061232354072718728
0.0099260367526315587	0.0056592782287747771
0.010024683542047566	0.0064282736285991458
0.0099768983287452599	0.0057497601327345486
0.0099053205417302375	0.0059982888409697652
0.010020697855140389	0.0070345544151947338
0.009929829188682451	0.0067572115435983408
0.0099702468120696705	0.0071896809588293045
0.0098552477406217177	0.0066725989872741471
0.0096680923460976727	0.0054557604818646589
0.0097107267928512164	0.0070411459581850647
0.0096900140464830919	0.0059710580978071899
0.0096808512344732089	0.0058080692958414086
0.0095981106443569358	0.0058741907069812501
0.0094965497817291866	0.0064402792076298015
0.0095000907798371958	0.0058902955235385071
0.0094278149499051941	0.0056345721136262369
0.0092149543288054612	0.0053803002568519453
0.0094281870529559723	0.0065829074073053655
0.0092950221046823912	0.0055945840474353435
0.0091506704180187165	0.0063369765337732724
1.0000063395630279	0.0002880922121880654
0.6100800530194227	0.00028781927692182356
0.43893060320828081	0.00028776058838034561
0.34277100865932353	0.00028791668793010436
0.28117258738343276	0.00028828984090191641
0.23834100648314549	0.00028888414507454899
0.20683363755658202	0.00028970570490553999
0.18268384685253136	0.00029075996763668917
0.16358408757511628	0.00029039983114970749
0.14810109265164159	0.0002829154812471655
0.13529676827408138	0.00026895697411913062
0.12453243015847056	0.00025050022833447233
0.11535708007824716	0.00023391691257942742
0.10744349670666224	0.00021938575611905105
0.10054866408871896	0.00020655448867653136
0.094488080160766819	0.00019983709442264491
0.089119281178070622	0.00020282973192996999
0.084330267752014923	0.00021797825051013682
0.080032048171262832	0.00024608220770631662
0.076153003909610384	0.00028531409689927219
0.072634785669516588	0.00033158941533139924
0.069429264269312452	0.00038229676580393992
0.066496448924761864	0.00043586370043565
0.063802913509514655	0.00049225096444083423
0.06132050536224027	0.00055124703784798553
0.059025362572751247	0.00061342215955070638
0.056897029524571596	0.0006796372162225624
0.054917989849346739	0.00075020578632816609
0.053073046803852011	0.00082538316034113681
0.051348997895815693	0.00090489458217072672
0.049734373574476347	0.00098897906316621018
0.048219097257009097	0.0010786421500639518
0.046794270444932076	0.0011738111962117759
0.045451896916183739	0.0012817147672124305
0.044187508433042054	0.0016057618634120637
0.043000860095782946	0.0022501644916518688
0.041874247996539639	0.0031351059821245002
0.040805667452964302	0.0039174472874521993
0.039793593375068478	0.0047413965660856403
0.038828647168261753	0.0055918111124152172
0.037911063301648097	0.0064008263258317948
0.037041889777162849	0.0070574784678424599
0.03621262408424266	0.0075095218567783938
0.035428531441451694	0.0081703367324844674
0.034681068636111832	0.0079921087816800847
0.033958871526998821	0.0087808292214799164
0.033268334319550251	0.0092073210154175293
0.032611320151373871	0.0094416803757113692
0.031987574449298256	0.0094560750026874644
0.031377483168080429	0.010185534961444052
0.030815414101497161	0.010804983460568247
0.030252998953408657	0.011031289298285606
0.029676913001017397	0.0093311986416564421
0.029207298346014945	0.011882288993575704
0.028698744968278869	0.010760292756605125
0.028229907926167107	0.012180776078729503
0.027793498451284593	0.014441175568372733
0.027315482070380682	0.010765517689425543
0.026827949810952441	0.0097821132285338223
0.026560299150769569	0.015152982740077861
0.026019673012837592	0.0098454778508006661
0.025733630646637914	0.014784336500243134
0.025283554898352725	0.010073298916736478
0.024883038088572468	0.012351474723385686
0.024515939676412159	0.010362028933270869
0.024218421791614219	0.011214911359507881
0.02388772274504938	0.012031920799768973
0.02352524720035018	0.011651105116452976
0.023220031288146849	0.013102524458373576
0.022867283052074815	0.010375032200776806
0.022624572522719839	0.011396729723965202
0.022362616119542683	0.010860758390934751
0.022083211118833639	0.0095475612246670692
0.021830076543233597	0.011700356434063296
0.02149208704411101	0.0092208296550509942
0.021138469266311879	0.0092347549762090055
0.020924272281412741	0.0087953020139689784
0.02076942621061962	0.0086459574299449105
0.020518359897173953	0.011689914779933456
0.020365056675034941	0.013740019900452052
0.020107639650051169	0.011906585107277294
0.019784175457914163	0.0093165096847592724
0.019607494871745713	0.012476571602941279
0.019500875258589439	0.010377438972160282
0.019217697322328569	0.010873633321250067
0.018933200014901255	0.011453473727628786
0.018751161670166955	0.013022637874822725
0.018678295345745156	0.011417397894502575
0.018387678359390636	0.0085897878903419891
0.018264467794026677	0.0094964125960427231
0.018043880425008853	0.008263337010723364
0.017931020190172054	0.011721325090525861
0.017756674815450114	0.0085571167830838374
0.017611677884153899	0.010422315939549747
0.017270163842160829	0.0088769042575780385
0.017249423824830076	0.013163593342565345
0.017039905332826552	0.011472198268793287
0.01689039938280228	0.011891632995848589
0.016771253831471062	0.011419601807406912
0.016662396718534915	0.009894186757598105
0.016461738484960447	0.011575628822854239
0.016404591280634994	0.0099268048638402918
0.016115396483731472	0.011128743625798833
0.01604888384188901	0.008803721118238312
0.015905730259098874	0.0096616890374650426
0.015734936532624151	0.0092783701817611038
0.015750174236461863	0.0093128370908254609
0.015736003985244301	0.015108300245883366
0.015460102675613843	0.011407656158654529
0.015378062155665879	0.0084726977462474123
0.015266214624550477	0.013887818059929814
0.01505266993995789	0.0085608862311534334
0.014961299827196007	0.0089132584789496146
0.014869518718789641	0.0089498361583586119
0.014883866223173538	0.01188364245156698
0.014563774261153682	0.0084543463694903842
0.014495604919232189	0.0084606245505297866
0.014312078717010217	0.0078968327078798098
0.014336679166749791	0.0074914812080530664
0.014213073102925723	0.0086540086306265036
0.014107074192083263	0.0092590154197741987
0.013886424176722726	0.0085232563962417043
0.013857387285886577	0.0088734867263455426
0.013836066888784587	0.008567969291163954
0.013715161505925109	0.0099364238793633528
0.013603206503397448	0.0093372409031078404
0.013566161077877175	0.0086286514918681115
0.013438723858914951	0.010779756998610541
0.013437519363138204	0.008841815256729519
0.013426032900544754	0.0096155409541559492
0.013208399922639133	0.0087749432438772295
0.013124930586150874	0.0089884888776662671
0.012910286451021911	0.0075807227884575014
0.013096448338704913	0.0088587805674017386
0.013026635032290172	0.010304064558293208
0.012823253915915857	0.0086543394107952594
0.012717496708956791	0.0081749042222966743
0.012538730196101749	0.0092576054367185402
0.012480042536651074	0.0069320818822447743
0.012366159106286943	0.0078764473526176
0.01258690485368078	0.0086566374284676555
0.012305111739251138	0.0068517064051025374
0.012161211264794986	0.0078454791243551709
0.012212305740970585	0.0083818370205349189
0.012012352887612692	0.0070536897101284761
0.011966829476219853	0.0064835720691691009
0.01190783767185599	0.0078626569858927468
0.012042156327257747	0.0084375287264442083
0.011798930609102264	0.006516165677649924
0.011717316340115158	0.0059658951103457696
0.011717587735720614	0.0068024623402667926
0.011605499391661583	0.0084223098891366456
0.011481939459471267	0.007567866183986467
0.01141871754256606	0.0069154437683406266
0.011449237752737453	0.0064258838360362128
0.011357848921288691	0.0072138504566727569
0.011201720068172931	0.0082507746070120038
0.011458752460615635	0.0094031690849537258
0.011149200959523528	0.0084100596166133048
0.011220959402460293	0.0076639682628031041
0.010985158914021385	0.0068815269041823642
0.010912224124272068	0.0060386668290292721
0.011126023431986987	0.0089990913117585537
0.010797283012762679	0.007670062895642993
0.010839450889970579	0.0071460210132589276
0.010708836556389741	0.0062070331311427415
0.010786648068088113	0.007252624796366151
0.010831160739809746	0.0076952614018678872
0.010512103523624706	0.0061197414513694884
0.010569246414019365	0.0070749570491251577
0.010583360815834318	0.0072929076241174161
0.010531336573023622	0.0075682670750304021
0.010446439507703712	0.0074342447022765915
0.010274127478677703	0.0083119920275010663
0.010329051444120657	0.006437029445287872
0.010331463883215708	0.0062321678440993679
0.010289196204243265	0.0073090886310399322
0.010189190305195793	0.0060945147375374856
0.010154214046878359	0.0078175964361226619
0.010166165753150252	0.0076569046415315301
0.010122239586629483	0.0075653346128720239
0.010005168600764594	0.0067808309206376658
0.0099463051479893889	0.007192943747141591
0.0100209421394749	0.0076152102042640708
0.0099526636184192867	0.0070149676788750122
0.0098160355537569646	0.0059763839380970636
0.0097984290952242113	0.006124241617769313
0.0098312580371306257	0.0063205075099689164
0.0096022909338435089	0.0062058754244798987
0.0097037093697941428	0.0076184579767103813
0.0097866773727014935	0.0080832867691337362
0.0094746963633223231	0.0052153706464157287
0.0095010826948738331	0.0062665007314835763
0.0095303104987911023	0.0067499347126202779
0.0092665596722124877	0.0056189224773182398
0.0096317836181031152	0.0072136353975939572
0.0093285081107163312	0.0060735099340167385
0.0093248467266572807	0.0055159802531318152
0.0094339172112037056	0.0064390608752358507
0.0093346354992134423	0.0067603882354671388
0.009145090367133079	0.0053277437323141471
0.99995702713853385	0.0023869944055271777
0.61003552751060008	0.0023852539677950641
0.43888861742005519	0.0023851476749718716
0.34273080645580151	0.0023866871409940322
0.28113383033837408	0.0023898951628048334
0.23830351783191417	0.0023948059924930724
0.20679731521298095	0.0024014660232733339
0.18264862678313115	0.0024099349314390187
0.16354972000465223	0.0024202873317285757
0.14806664610086234	0.0024322936275764451
0.13526171736111986	0.0024433348898857399
0.1244958312164465	0.0024507116103988607
0.11531866006672126	0.0024505529405100036
0.10740369493052193	0.002446704074094419
0.10050830785901192	0.0024376419429660342
0.094448060240332851	0.0024180264927570637
0.089080692430915265	0.0023871158957449951
0.08429413407383117	0.0023467001782190252
0.07999897197707978	0.0023015469675183794
0.076123164048569808	0.0022564694593939024
0.072607935165586751	0.0022152686684705019
0.069405205293034192	0.0021796046525006528
0.066475184988534886	0.0021507198665580846
0.063784553477243933	0.0021302986218118144
0.061305097404788428	0.0021196220535248445
0.059012721183299449	0.0021197315712265501
0.056886940843935078	0.0021310935893917487
0.054910149387101953	0.002153153994947532
0.053067164758362498	0.0021862185190276214
0.051344796085833054	0.0022307888188079941
0.049731507468466184	0.0022872240587221595
0.048217266137322537	0.0023559833791442879
0.04679314000429264	0.0024378627544657024
0.045451276737130002	0.0025331935827891711
0.044184690635997372	0.0026422537582759188
0.042987070345762962	0.0027658848655845751
0.041854428806264041	0.0028822832401836718
0.040788099161729284	0.0029216704535288411
0.039803461700287812	0.0037188180912834348
0.038773314313568376	0.0048146016148412681
0.037851416318940727	0.0059391151256369861
0.036952573471171049	0.0082272826845188052
0.036113387148301257	0.0093749412045096674
0.035374965526884225	0.0071876514950551225
0.034629683791291013	0.0096591661992875711
0.033891935771575149	0.011353672719390981
0.033193393991628226	0.0085363316835683004
0.032496924971665092	0.0098861149053416104
0.0318801718948203	0.010465285808171798
0.031272083370407239	0.010571880478821363
0.030696418228394116	0.010485262128923511
0.030182960857421118	0.007613954422405934
0.029572346711330091	0.01025978506626121
0.029040012982548789	0.010670563405814548
0.028553362681410448	0.012082724108858621
0.028092404865796665	0.012165903472875652
0.02762247633991113	0.01264325026774828
0.027256318921218707	0.017626402838264502
0.026761147602605461	0.012512572408502487
0.026373464958864591	0.016674549290304225
0.026070747528518453	0.020864353239998957
0.0255609036164949	0.013422168788180103
0.025139992752514131	0.010543595768310637
0.024947005594174846	0.016520991314300033
0.024558935755925639	0.01729082413770144
0.024104117718513583	0.013145480765423535
0.023762881943648791	0.014012151022007115
0.023480418841888714	0.015872306609310341
0.023166197243159305	0.016213398439762942
0.022900539445275172	0.015284775453532077
0.022675299004479725	0.015445937354263112
0.022344126186823219	0.016887102893054798
0.022143209801550198	0.015318264433123355
0.021794440145423047	0.014553036132340946
0.021606506393949135	0.014803141051008249
0.021284247734129205	0.015713240426311281
0.02101295378741885	0.013033125913223632
0.020858761523215516	0.016473423104207918
0.020500817108892427	0.018761876846295128
0.0203161911076115	0.017768312547312988
0.02018611957156333	0.016596315367627523
0.020209791109323211	0.021178143543173711
0.019598872973904603	0.011734025420600456
0.019701048621789195	0.021928091865239092
0.019443733420527843	0.018873145988291862
0.01905286774907012	0.012160168690795239
0.018782314522990808	0.0082732532022503462
0.018910657694009961	0.015022688819123737
0.018541588134711993	0.016733375317879596
0.018207577507904572	0.00901820902714205
0.018168488103328721	0.016545498390092596
0.018130426285660164	0.018767042776264332
0.017954911602536597	0.017120713745891716
0.017849988650522331	0.017651593032761679
0.0177282412584867	0.018060297203471309
0.017379521416884963	0.010017748709215346
0.017200048789268393	0.0093995797719138626
0.017101999859440387	0.012287991377133413
0.01767874951145702	0.035725098593009139
0.016748037478606172	0.011269988597492651
0.016581995012814672	0.0081718755111232534
0.017323342399746491	0.037563863210521707
0.016204990448409489	0.0081835778907870284
0.016327726476641963	0.015943954686071925
0.016787817101470513	0.032620716364172297
0.015879279562197129	0.0092489494247926952
0.016348543586791754	0.028689774549894242
0.0154866659565891	0.0077999491580301875
0.015390316302588417	0.0085305882978829045
0.01528870515995817	0.0064315106820125312
0.015354942974633502	0.012924078843259235
0.015594093600711989	0.023336415596707395
0.015158211611401165	0.013184352385258179
0.014994966164315676	0.011201225406851471
0.014855090321276004	0.013559260894293082
0.014863119012908297	0.013226691091273593
0.014524899632087966	0.0081424905686802371
0.014554641684897314	0.011965643905961847
0.014289055969339744	0.0071341450593870115
0.01446395930635083	0.015237592033157943
0.014409525558252024	0.016047473099847491
0.014733454541826131	0.02796713946408504
0.014314293302999643	0.014690718638579351
0.014130061529462907	0.015911689186919011
0.014259125213230493	0.018948408248474772
0.013929537605798039	0.015239217753421862
0.013698484514200445	0.011235043983968077
0.0141745972060658	0.024280070110063622
0.013769587605732546	0.0172279922991335
0.013539464921542906	0.015363981790589513
0.013447644785014251	0.0098490323385586886
0.01314432112657501	0.0074504852521097131
0.013420114216601071	0.013730492205985668
0.013128848311621548	0.011365360562801659
0.013136099129799961	0.0090383012172658081
0.013359759449651693	0.020696068186467281
0.012727484982019558	0.0068870257653886663
0.012665371575588591	0.0091478199526281792
0.012892154126213213	0.015113736948877887
0.012574994422437411	0.010107905877048072
0.012583104599008988	0.010864776231083624
0.012527057459802836	0.0074272306005562939
0.012580529210464155	0.011700862168059581
0.012289466779897151	0.0079265272447127701
0.012459693251884322	0.015655851686229114
0.012425268119173783	0.017680468614205982
0.012464758907917848	0.018384940778755535
0.012009097566935679	0.0084179230001425933
0.0120954918994598	0.010120331261553777
0.011842221781947956	0.0069952186912992367
0.011729379083099591	0.0069117086193548867
0.011661289845758815	0.006463768193168868
0.011959319629216779	0.012568004399515349
0.011414823491396537	0.0059925259506833691
0.011831131584600736	0.015228204694179752
0.0115653760822895	0.0089497100018273695
0.011365841110001447	0.00874505531907868
0.011499818325360149	0.009101486625445035
0.011233908337692593	0.0060366084110768633
0.011287785630964055	0.0077369443776630024
0.011406802628474235	0.011982532630736504
0.011213820897381738	0.0067799838714748591
0.011235710071932225	0.0097068027077729969
0.011138566127617763	0.0066880074303860308
0.01090202468013534	0.0073754448291673746
0.010734924234582338	0.0056458183632090292
0.010839659088460494	0.0082507152643204115
0.010961955754554985	0.0082711091588634437
0.010805361793302251	0.0083060023745833052
0.010632133616778476	0.0059975634928320261
0.010535906788723128	0.0068426914141504766
0.010569190666072316	0.0070519282126957255
0.010471117200059294	0.0061343070427232775
0.010485615668570729	0.0058464619984757993
0.010468032257802233	0.0080918113894089764
0.010444888571464332	0.0085197533786494344
0.010426102230130553	0.0064719705915385912
0.010399972176047545	0.0089627078862026966
0.010206657888791571	0.0062055456850473503
0.010323917796879207	0.0073473103964941874
0.010178889720478583	0.0064969708987549371
0.0101609855079245	0.0074772689223770545
0.010220302708725886	0.0092357143053415757
0.0099861368642553579	0.0068704392524034253
0.0099292852769861037	0.0059578866029713117
0.0099919696775581917	0.0062399404933620208
0.0099035255266736646	0.0057537373541091856
0.0098108389414756671	0.0061395966911008924
0.009729770018067619	0.0060635457760439201
0.0096900735888848458	0.0059574577005100304
0.0096588010871292602	0.0069776635625022126
0.0097700987892215835	0.0072431990653705732
0.0096320679496465899	0.0068792349164217862
0.0096413959217170452	0.0073266839546934064
0.0096911093872621475	0.0085904673389866435
0.0094136387903098577	0.0058167796231126502
0.0093579289559380611	0.0059509399727846659
0.0094220482060149973	0.0061223040871561324
0.0094903061852744455	0.0059073497891717871
0.0093522122184183758	0.0057331508364549975
0.0093985866166545542	0.0069824807275112684
1.0000041592856699	0.00041590777005183488
0.61007810227044623	0.00041593468023093643
0.43892869695728487	0.00041635064664251374
0.34276908422944047	0.00041716890578661329
0.28117061662419229	0.00041840566799338885
0.23833897485609662	0.00042007999217219435
0.20683153705587579	0.00042221366336080732
0.18268167278288672	0.00042483106429190158
0.16358163047269295	0.00042797332283192504
0.14809752847042837	0.00043320443787076972
0.13529189656703725	0.00044824969367425558
0.1245266097053034	0.00048785708038413057
0.11535101709664709	0.00055431063928723992
0.10743840535665392	0.00063713153076103439
0.1005459171262898	0.00072654081800299164
0.09448860780592401	0.00081808986896805597
0.089123596381129253	0.00091152077507553975
0.084338848445319622	0.0010100225464514049
0.080045060872812393	0.0011132375498054481
0.076170328357288736	0.0012189119673285491
0.072656095352189115	0.0013257611570043385
0.069454225837578237	0.0014324021895645207
0.066524776007605563	0.0015378309283226182
0.06383430908171725	0.0016415620265062187
0.061354617570239904	0.0017438180654231611
0.059061811473259528	0.001845198091047732
0.056935496764465014	0.0019459704378916541
0.054958146494832945	0.0020458386861129346
0.053114573635341458	0.0021450638151772456
0.051391594513876954	0.0022434766213645986
0.049777722997171717	0.002340359927608106
0.048262906291658837	0.0024358721711029438
0.046838282877564606	0.0025312465893623003
0.045496039413495094	0.0026275655986618411
0.04422925208097625	0.0027272775262386167
0.043031829545978749	0.0028362471694842344
0.04189854221204696	0.0029737052420422305
0.040825591410483329	0.0032343590742081162
0.039814124826142772	0.0043716722557199869
0.03886597539819283	0.0069821783393155612
0.037944242639709344	0.0078503266932414533
0.037066693714244932	0.0082843940874151954
0.036227352222998305	0.0077397236368318117
0.03545001143438857	0.0077117677729431717
0.034729721533224213	0.010324143052704219
0.034019110590518715	0.011220194976099149
0.033326050955445947	0.011042443951817959
0.032652216244881516	0.010317389518682057
0.032011742891341691	0.010272555937239133
0.031396811205484786	0.010277208290013558
0.030801979288602673	0.010026419919684433
0.030206745001039977	0.0076486721602693547
0.029752613174747554	0.014407797430037566
0.029230709550864674	0.01505357440358843
0.028690166482434609	0.012872778732124975
0.028204680369957973	0.012960891949353315
0.027723859931208471	0.012855085018897637
0.027258116441084914	0.012234735014696435
0.026740551193957556	0.0088427030594964359
0.026311283153115667	0.0083781094401066004
0.02604424695651528	0.01382511356075437
0.025569484453868776	0.010381042751551278
0.025187315261842379	0.010282732698897908
0.024761652213956466	0.0082555080395872848
0.024427490158411117	0.008561375552722305
0.024049358114518138	0.0083099834996608994
0.023758173969422921	0.0089682316528802014
0.02342469069309008	0.0070973475022688458
0.02306825171306531	0.0075803841136311504
0.022792305575939354	0.010293499761980773
0.022464566800533433	0.007417976477185147
0.022192075871853321	0.0092073049039524939
0.02193368822689221	0.008922275854948267
0.021587377599219811	0.0077728371547742267
0.021382034982080269	0.0086823509329330122
0.021071131214976817	0.0073572048267006307
0.020896512202268375	0.009517157607869876
0.020600312691682277	0.0076326306138157522
0.020365673423331947	0.0069241342100676648
0.020202087284577914	0.0089076009412056116
0.019950964936876366	0.0077267331497992454
0.019689077073134796	0.0078793857190097589
0.019436809258227185	0.0072838590715991452
0.019276235361446986	0.0091567982754750983
0.019053705917427874	0.0070349197624697676
0.018873861358526541	0.0079741627719773622
0.018589192095281391	0.0069134965917491192
0.018448243743399127	0.006805140005518461
0.018180897232037224	0.0065258909099631243
0.018078328657583371	0.011222794757806579
0.017937365523338186	0.0074647128721124405
0.017765037293550664	0.0080061622686217852
0.017516075404921023	0.0048849096193030322
0.01741813385683233	0.0087349431376314429
0.017249387178171517	0.0078206771380892534
0.01716414429021353	0.0099076845303353728
0.016878018937998181	0.0069947598043625788
0.016685770749726794	0.0093062889439240338
0.016558628034107372	0.0072700400689529113
0.016416104283247749	0.0081851359661740779
0.016293489452832308	0.0074537664445444678
0.016280304835049369	0.008759696338002285
0.016105379957226648	0.0094476178169946821
0.015824725683376863	0.0060860826984734922
0.015735937031874533	0.0060141115825961778
0.015620876045327452	0.0072893365246580232
0.01556022553411468	0.0097153094024042558
0.015357795733545281	0.0067470917814404499
0.015185306616203598	0.0052734713980530559
0.015109669485578582	0.0066102883467332877
0.015018157987607143	0.0086339911531841534
0.014951325019996934	0.0089847641593461414
0.014743876914973491	0.0066047766038815434
0.014570949751556688	0.0068231362944310599
0.014663999586320302	0.0092676422526248321
0.014424857224311548	0.0093592792165766592
0.014416111414283709	0.0088528812530478812
0.0142154985345854	0.0073943700532147763
0.01404601566525562	0.0071619320603370481
0.013970215806090468	0.0082268441895636361
0.013965224631297105	0.0076839607132295137
0.013903533071058381	0.0074644950398376712
0.013745511800822055	0.0070250498426355033
0.013571361476726693	0.0065665858847462023
0.013639831333184194	0.0078916072186350356
0.013363255571415898	0.0058569058651580901
0.013264387516360745	0.0059134450258652065
0.013202660491656	0.0058460455590499116
0.013150312515057621	0.0072137296683666826
0.013143665167471607	0.0067498103840114721
0.012937232230314453	0.0064576540859774068
0.012733173908856251	0.0044184633061242536
0.012756110729287638	0.0059814216420702752
0.012650986516207144	0.0062102923538057608
0.012625093529891888	0.005451460987948996
0.012722606807439458	0.010653296327741636
0.012453827759465911	0.0065530730679788634
0.012347899063744311	0.0050748336377755207
0.01229479617119208	0.0063677942210697948
0.012254347383011397	0.0074476210777330437
0.012185318443393054	0.0065472337650875571
0.011994744335016266	0.005692636714059428
0.011954408721079151	0.0054493814992274932
0.012051156994919513	0.0073919285256760277
0.011841958989039586	0.0061211754240341103
0.011722202461210305	0.0058609951740706727
0.011872235409977647	0.0062686405896859847
0.011726126915027925	0.0066548579774709698
0.011623687499720786	0.0056260372641429189
0.011481405934517953	0.005547046620479233
0.011337784241067	0.0048636719863475678
0.011420393860601955	0.0052104605057165781
0.011226866014420368	0.0051812432872462306
0.011152081422059354	0.0055763226263343879
0.011230443182359049	0.0055238905890681242
0.011058294566239241	0.0049300248936957778
0.010950223311131612	0.0043612331630085762
0.010934794249564572	0.0055510543615309533
0.010925743996711465	0.0051492218586873676
0.010862942397039941	0.0054056689017350119
0.010807611437567416	0.0049754472948532625
0.010828471647344665	0.0066905656857918459
0.010731454186462394	0.0056671324982699419
0.010709155225075848	0.005654561332503881
0.010639337746806359	0.0054159304992036023
0.010601551580167569	0.0047855691557390483
0.010613240052065051	0.006096826063805248
0.010541987154927466	0.0065165416478663403
0.010497354948901484	0.0052922457407058353
0.010390389971332457	0.006042773684385383
0.010276717501919067	0.005377766048611554
0.010305347887852791	0.006675203967620039
0.010147932572168457	0.0050728619621964299
0.010263839036086604	0.00537121262804513
0.010054789119244675	0.0051419023696446155
0.010048239803184547	0.0052270594983225647
0.010088440837299746	0.0054151421395587287
0.010005293914315892	0.0053334843057591579
0.0099584010418249606	0.004605950931371579
0.0098272694228258659	0.004567718894837129
0.0098999912797942003	0.0064722340680754978
0.0097784709711160357	0.0059933263617091472
0.0096986238989767767	0.0048213801492621869
0.0096562817655574517	0.0050978797745167012
0.0096685503766905535	0.0053595372858904373
0.0095979949815634524	0.0055173820500461707
0.0096086548566305247	0.004912103219489654
0.0095606799473155878	0.0054504286457089796
0.0094738560323007932	0.0047406513081165369
0.0094252968125068618	0.004931468459183937
0.0094403483506597507	0.0058021027226929523
0.009455213224174315	0.0051911403428071944
0.0093174409718928992	0.0050532889505620791
0.0092569991109115145	0.0047961971642213408
0.009227292347318403	0.0053131538392076887
0.0092267583889961043	0.0050120401082846822
0.009186109501480114	0.0052889848182548502
0.0091022903510711781	0.005098295537280197
0.0090021944224573259	0.0043048943015214572
0.0090407814640157264	0.0047935933398344805
0.0091240581075443423	0.0056726182787485892
1.0000091156828632	0.002278902484412417
0.61007592363492802	0.002279433896531589
0.4389232057818464	0.002282092439789868
0.34276161225976876	0.0022868973881548364
0.2811617958436633	0.0022938836932771141
0.23832916456533948	0.0023031010533634665
0.20682096885962251	0.002314613194790829
0.18267051450519733	0.0023284754861065664
0.16357045635210862	0.0023445519059154107
0.1480887418057015	0.0023613838877918972
0.13528745756565189	0.0023820957863159679
0.1245265204812139	0.0024071266025656756
0.11535544770823787	0.0024227600547817112
0.10744668787924151	0.002429241390186456
0.10055692720714081	0.0024292905261200939
0.094501354401151386	0.0024255486540160072
0.089137236321310861	0.0024200826143684008
0.084352428833671986	0.0024158902318183245
0.080057798034715716	0.0024137634977228488
0.076181712025991513	0.002413929017387146
0.072665962523977182	0.0024153867324759465
0.069462525718989851	0.0024179574853635138
0.066531491533419279	0.0024223569739740729
0.063839413166921113	0.002429411211303324
0.06135809762460772	0.0024400744821383427
0.059063710418004518	0.0024550217805060057
0.056935798694151711	0.002474567650811338
0.054956877666031911	0.0024990865718707601
0.053111734632291734	0.0025297353003221547
0.051387124661169396	0.0025665349494519416
0.049771528426917046	0.0026100347771740818
0.048254918532377629	0.0026615770236970413
0.04682839667921522	0.0027230839868542006
0.045484119299855304	0.0027951815289604782
0.044215187901984809	0.0028759711348684009
0.043015659442787971	0.002955127723026996
0.041880804803789584	0.0029973441026160457
0.040808995520764772	0.0029082398466779053
0.03976989295023204	0.0039126785730924365
0.038767177519414116	0.008158758687798329
0.037859368983579784	0.0084545516646748683
0.037027108739831248	0.0061719769832740438
0.036213165497154719	0.0065014608026578227
0.035419548536744824	0.0070349390590244585
0.034662790416033554	0.0077414851698719613
0.033954192500861423	0.0073410720096241328
0.033248300236702062	0.012012790776207417
0.032599457582422338	0.012185438271101403
0.031988180981969358	0.0080505957936429021
0.031368824285054428	0.0095795799667592677
0.030785442341585721	0.01592470759968909
0.030247233027704389	0.017186397969638421
0.029720762153788098	0.016168233597674258
0.029218613088815275	0.016969431851519588
0.028751334532521614	0.017101072301562919
0.028232743135547089	0.016838820215668852
0.027766954625482725	0.013183024697134074
0.027323308825996182	0.014655118617131091
0.026812841548723477	0.012297764053103993
0.026465763633289157	0.013497878725242392
0.026050880548168599	0.011482149040048148
0.025637419201194514	0.013450320656066585
0.0252449937995586	0.012716501281138206
0.02483707051232998	0.0084144051176281032
0.02449297544922905	0.012894987546201562
0.024121608889130442	0.0086096244780167249
0.023846099769949447	0.015313524922779341
0.023419480714663692	0.0096767076080528595
0.023191046887895663	0.010951939239628292
0.022942653330957068	0.01047529721500085
0.022604258610692134	0.011449491613286806
0.022267792388372325	0.0087292364089972038
0.021969100822386539	0.012299672221575048
0.021717158693620817	0.010254802041673634
0.021559856437438261	0.012763660383611994
0.02115345565318499	0.009942537727750082
0.021017391217914651	0.011010263936285387
0.020685608564784342	0.0097065643309162588
0.020461424555018717	0.0098656281476451543
0.020321298564600274	0.013714197418199021
0.019954619130540523	0.0091179382621132364
0.019779827281021085	0.012736966551612655
0.019612393192013827	0.011051883530264003
0.019329733442423457	0.0073214008463876688
0.019065341135672105	0.011740494611228029
0.018987415532491718	0.011778066863801336
0.018746908755455118	0.011854839799193467
0.018586119594660767	0.013782286851691489
0.018429324990517613	0.0095097727858574083
0.018137485443426807	0.0096199390473747544
0.017988492548552969	0.010609605895568391
0.017841244270518614	0.011921843000137692
0.017637873655284055	0.0092011647113330406
0.017436837735827049	0.011327948228948668
0.017240884486770015	0.0084300820354330057
0.017052937688938445	0.010401704997438753
0.017036027130368659	0.009377374364246658
0.016843753126249261	0.011128295666352074
0.016643000733693666	0.009765670968706763
0.016519586386705861	0.0082957795273985013
0.016457403715370085	0.01285848342639013
0.016260239693267408	0.010588952735752787
0.016072634890431727	0.0075149706137826785
0.016049056226406705	0.0082297872269964326
0.015826239158948294	0.00841114169775555
0.015645172487216853	0.0099996761131364818
0.015611865807554309	0.010125294338128241
0.015437349894761497	0.0079401825913427721
0.015362955187893797	0.0080850803166236974
0.015192802208694768	0.0060590257347232198
0.015008877897026885	0.0072410448583353926
0.01494682413262549	0.0088641716460101661
0.014822175733807822	0.0073935415908071862
0.014715660706169597	0.010716841111379438
0.014512917945441323	0.0077169428425087703
0.014458344885469576	0.0078285853066515695
0.014485090915360245	0.0086899688788555623
0.014542256667548525	0.017374240274099402
0.014146708531897052	0.0072760014618387971
0.014151307239484514	0.0068450340134374133
0.01402271768740653	0.0066853429442468044
0.013921033492903776	0.010647504781446947
0.013772335325386499	0.0080116857071747295
0.013633409939950773	0.007996889042545861
0.013555052495643729	0.008468082405034048
0.013458011140947928	0.0059278259657820874
0.013547462983129281	0.0095384924940309403
0.013437154195301953	0.0081460805684273486
0.013118633386858331	0.006159063221493284
0.013111872381057139	0.006867516079602471
0.013090058437439135	0.0053029969976081375
0.012985029087234061	0.0065959926498824909
0.012832086705265946	0.0062196099875103904
0.012792485520203791	0.0058104803457849309
0.012935383949325472	0.011094996561075425
0.01263083131550142	0.0076425567364975626
0.012589427626938793	0.0067027249862187865
0.01261028724161304	0.0099843327711055252
0.012490463060513797	0.0088712725225785095
0.012311784080938601	0.006769510583534635
0.012278684827056978	0.0078289824048523859
0.012163309671737352	0.0064666887397947948
0.012086492949137212	0.0069408590138258716
0.012052460520010154	0.0073856699518345991
0.011933079425184763	0.0074181475953503532
0.01185855944550639	0.0062290701547823377
0.011810597800298368	0.0051799650072404772
0.011744692754077348	0.0059118920935254983
0.011835375565188577	0.0069338558636482901
0.011584374371784605	0.006696009103449716
0.011529468867763785	0.0068951598300005662
0.011641259739570579	0.0078269006749563715
0.011403718474196339	0.006555998865516938
0.011378421779742475	0.0073557756460739124
0.011287146157323182	0.0059356787960155467
0.011377097612047572	0.0068450087564515183
0.01130316640403168	0.0072407747834475778
0.011099548404574805	0.0066031757733993916
0.011062023451413761	0.0060365734605014095
0.010982458991384397	0.0061527102834984778
0.010973818783356695	0.0087148563702629054
0.010971148328283924	0.0078367804708536024
0.0108276460392185	0.0062364904901059956
0.01088416759964749	0.0071246002269039072
0.010711806367729435	0.0066036404857561289
0.010625421808108524	0.0058337095828417361
0.010628663289215662	0.0060717072651602227
0.010508421934589663	0.0065228690092225148
0.01051710421718564	0.0060600482220735932
0.010479310257736674	0.0055835533646915797
0.010456565910707722	0.0078579834342348154
0.010467926214744757	0.0069192395147347381
0.010399423116593276	0.0064740221412422291
0.010308287575061009	0.0057589774654666602
0.010262716646553779	0.0068911206896357831
0.010112437690905999	0.0056513043166011587
0.01024251770333658	0.0067805455369586449
0.010033508591359422	0.0057735614643740036
0.010132680985073752	0.0071279930969519612
0.0098967307522592526	0.0057176144063425787
0.0098668910966311536	0.0063320333670127968
0.0098190627412634689	0.0060744180111481786
0.0098441360638046194	0.0059403877110642345
0.0097507202897700179	0.0048421038490449771
0.0097184732978340769	0.0060352501261090666
0.0096998942566393787	0.0064139046730184047
0.0097625656264228415	0.0063194989605790779
0.0096381307044804843	0.0059886143433960882
0.009574936753610189	0.0056695769671798648
0.0095332799609456464	0.0056225656452177468
0.0094924686200119467	0.0071595757936875788
0.0093906812070546301	0.006023279329290491
0.0095488958121942285	0.0063739285581498224
0.0093257744894739078	0.0046592922249963711
0.0092919677144321297	0.0052845491671734178
0.0093166949199270672	0.0051501407314669479
0.0093352304020896323	0.0052136618714293901
0.0092111373488303443	0.0058750462567289455
0.0092841738036153285	0.0057628205558282602
0.0091235919926514857	0.0050059643600317526
0.0091687697368015228	0.0055719701017440887
0.99999261921075921	0.00046124027745325294
0.61007570820921275	0.00046160261196696563
0.43893034401386116	0.000462402184614975
0.34277302430630313	0.00046365287775705074
0.28117604543613195	0.00046537257564904186
0.23834545676111515	0.00046758347616634364
0.20683915067023489	0.00047236978021938388
0.18269270553285605	0.00049109825619467206
0.16359787623305705	0.00051191960039985213
0.14811941665345804	0.00052837635277680961
0.13531842130100472	0.00054218887402635095
0.12455648675290019	0.00055678106720858538
0.11538370114325722	0.0005731306831226467
0.1074726177483438	0.00058712223813953851
0.10058037111433465	0.00060310121063563045
0.094522988198170024	0.00062673886787679035
0.089158079988874192	0.00065726561296394867
0.084373377378686679	0.00069236536196710106
0.080079804401487611	0.00073179970531555541
0.076205616810961802	0.00077559997059722626
0.072692018139632664	0.00082389411637741599
0.06949073797511926	0.00087697642824162533
0.066561717735510409	0.00093501973829504125
0.063871535632239365	0.00099829908802448377
0.06139208847401896	0.0010675514668966022
0.059099487720119373	0.0011432589653432828
0.056973266943133864	0.0012266168221434486
0.054995860124877179	0.0013203752771536194
0.053152145248257406	0.0014284633318976737
0.051429010276454426	0.0015576498175993657
0.049814995474938402	0.0017241905064448674
0.048300099397439948	0.0019783782543995841
0.046875661296514409	0.0025482634864886678
0.045535560088391977	0.0052163517892892504
0.044257266462251109	0.0082919015281104156
0.043048459336731383	0.010069174643877275
0.041914992412657309	0.01311464707898707
0.040843881806177693	0.015055816994546969
0.03982522177098561	0.014026256541900664
0.038875345880535275	0.0046729257719315825
0.037967103335750298	0.0059767482078697132
0.037086866997558608	0.0081222665333234145
0.036264686457200067	0.008541689449639735
0.035457787777664507	0.0074141494717511235
0.034711441205354326	0.0067761471325189669
0.034000105166918759	0.0063151062460931615
0.03328219940656324	0.0082072838999726425
0.032672680082481448	0.0086916483189743866
0.032048929804866032	0.0081704705075067909
0.031468742451371365	0.00801466848886314
0.030842400639501583	0.007566541758165333
0.030333035829930417	0.0086304481910668765
0.029798464921497889	0.0079053473833233193
0.029232964298495215	0.0081213772320778178
0.028828145174041565	0.0086347797401833785
0.028324284239425766	0.0087861084607701728
0.027830687229746444	0.0089991510432444778
0.027354196700647058	0.008159766308525539
0.026905899469452127	0.0089754846121389686
0.026484573992669597	0.0094104452632355652
0.026095266421313369	0.0096071605206564555
0.025708766353163527	0.0082060761733171624
0.025337683812069498	0.0078691280977913978
0.024993753139400124	0.010220153685446496
0.024597320935352301	0.010857005763016346
0.024299666553746262	0.0091805083784398146
0.023923027867483359	0.011158393511026991
0.023679162412273618	0.013703774084609169
0.023163307415238747	0.0099564040093407385
0.023049145934828708	0.011647408600860977
0.022782565460388062	0.011793984980387836
0.022384176598061536	0.0089350776493636753
0.022182056823350081	0.011110741378613375
0.021859040386271077	0.010951961815781513
0.021692991450495341	0.011843978769507919
0.021311187206132565	0.011147134772737866
0.021227120312732772	0.014985012658614006
0.020799245897828122	0.011480957184883572
0.020719931970018989	0.01247421789067539
0.020366785113989559	0.0097676124016251899
0.020082518274674208	0.0087683638758060001
0.019954116631251195	0.012431097853104221
0.019712336261747929	0.0093225703821331104
0.019382303783141833	0.0085708294928486042
0.019287675441764157	0.0082093351417194729
0.019213714499752725	0.012509468811617826
0.018909753199218848	0.0099874906511531122
0.018622610222644633	0.0076044274697265107
0.018572552125596581	0.013211452585595322
0.018365757040962515	0.013384670197210851
0.018134022860306586	0.012207413541796495
0.017978372551254097	0.0092779806922182913
0.017887351280415544	0.012926799031093776
0.017727299305976878	0.013428391727445445
0.017598907593577295	0.012624499783995914
0.017438431828161099	0.01003983066740201
0.017137713356184789	0.011745104110185561
0.017074613715563403	0.017892539940179548
0.016787972985646177	0.0089230284416360519
0.016692853322306418	0.012043445744526749
0.016556642166181017	0.011307544788198157
0.016401724784283929	0.0092080347887760101
0.01626430079878419	0.0093355433536204922
0.016176717968345748	0.0092744555136233028
0.01617505995169494	0.016435622307236067
0.015857670709313987	0.010916396573519236
0.015810430581947685	0.011913267690296658
0.015688257636007369	0.010994579586828795
0.015639352321474054	0.012895640726190438
0.015204503926480636	0.0088437622583527834
0.015236990437015163	0.012012139369787731
0.015306004485600046	0.013311311022343847
0.014929057208600913	0.0090948817659356612
0.014918768252719369	0.0089913726793330075
0.014858088981587081	0.010189720938059796
0.014622765129565014	0.0096255922739321743
0.014583547277188472	0.0084452929960340956
0.014470142031210232	0.0083602798168587091
0.014302053222592231	0.0085415366290685271
0.014254341744439939	0.010092668276985085
0.014090945730177645	0.0083375614343342338
0.01415702922236369	0.0098741639330861344
0.013891310705149814	0.0080780744324308699
0.013827185878476613	0.0066401851891390732
0.013739619037498624	0.0092196057011704382
0.013574858443795105	0.0072044238015380561
0.013565988633037592	0.0081506875877796914
0.01333474889935206	0.0080315580950521721
0.013361905644597211	0.0085205482887602633
0.013277175013838424	0.0067298495600095175
0.013091508004326995	0.0063877750339553074
0.013186575498367216	0.0087727060453608764
0.013019016422651662	0.011752565524794891
0.013028946799517776	0.0092236051197136047
0.012838823445809474	0.0092252476668294309
0.012758381578499012	0.0090591105909946963
0.012743244846433768	0.0089646178225517674
0.012672235524797917	0.0089777880267174152
0.012589366615754336	0.0089370512264808823
0.012363270566056083	0.0098564828783218733
0.012392462550535412	0.0076018407044899103
0.012400042707784571	0.0087441810068442424
0.012142587544933404	0.0062643609420895861
0.012192397899885606	0.0082305403682912878
0.011975958666268457	0.0059671397106919573
0.012108953534610924	0.0096858727066696376
0.012014913067324997	0.0077191780679089599
0.011944535886918619	0.0087116933561385071
0.011844248910284128	0.0094127903075524339
0.01184823175616218	0.010048074000735208
0.011560905517692619	0.0064193077449906221
0.01159690211519597	0.0071832389147768834
0.011600665337138143	0.0077568536163544251
0.011476053318989089	0.0057036242331749889
0.011326978794655688	0.0067015662460619876
0.011291470761767168	0.0070567983340359139
0.011327952751851736	0.0077773656093972224
0.011104722952323516	0.0051117087063427659
0.011219557912598687	0.0071059408931443266
0.01118263052205457	0.0073502652805632167
0.011043435297699154	0.0067625231580854929
0.011189650476055288	0.0090943753180783397
0.011017181632205629	0.0093103152350448078
0.010993530664836673	0.0085513361614109797
0.010708227062487197	0.0058921071971698531
0.010695770931744217	0.005897992434273993
0.010572544784297562	0.0066647911280491414
0.010581316689022274	0.0064819427148257456
0.010547290481686726	0.0057873039077798345
0.010633849926978908	0.0079836680153299987
0.010521123916863238	0.0084370255166235485
0.010461244657099083	0.0072770360372569317
0.010448094891856033	0.0077493725092724784
0.01033588927212286	0.0079380052328300796
0.010271786738871868	0.0070891591005123496
0.01028570128502858	0.0086578497320405276
0.010152520472360352	0.0050379989264045669
0.010264606132234819	0.0085712497785979235
0.01015287791108932	0.0077927210297673438
0.0099671171044613711	0.0055734720908063489
0.010123274526546678	0.0072867271710953712
0.0099153659709246503	0.0062599102550956387
0.0098765661426109125	0.0060481940412863118
0.0099632097334330493	0.0077879868927368838
0.0098217855683427301	0.0063414158271058573
0.0097492936702377863	0.005831073666228267
0.0096491942935173335	0.0060705601524569984
0.0096837771986144853	0.0060327869087271752
0.0096217729866847693	0.006055369545774591
0.0096293816694490719	0.0059903640918083862
0.0095218040452598168	0.0051294256530701344
0.0097176256235487913	0.0072118185206823558
0.0094856715447469778	0.0058038671958339479
0.0096126919930733419	0.0073044626124554911
0.0093864540828973546	0.0056564578552775581
0.0094940308892246823	0.0077545667769430482
0.0094496832529504735	0.0064648705625637076
0.0092336766114439334	0.0066788373606318958
0.009254095100569161	0.0056760162182101529
0.0092623706985690661	0.0077749812970758806
0.009231967421841859	0.0062787212766931997
0.99998453224936112	0.00029705430929869369
0.61006860291363729	0.00029769298939005823
0.4389237061570937	0.00029859451211507242
0.34276667316818626	0.00029976505828681983
0.28116989419935123	0.00030121370868662153
0.2383394554985655	0.00030295252058064792
0.20683292643578857	0.00030499664121535916
0.18268380540024201	0.0003071311139180784
0.16358504877813898	0.00030434603223125899
0.1481038368326012	0.00028705650394529267
0.13530163949932014	0.00025859259987959997
0.12453863596100186	0.0002312181852690975
0.11536423855908311	0.00021338934343042589
0.10745182306032965	0.00020593734971116303
0.10055843937403604	0.00021688488331251439
0.094499966650034337	0.0002460965335357012
0.089133881559837744	0.00028977138396595314
0.084348261934231311	0.00034387437576153575
0.080053811747348894	0.00040603735164871252
0.076178668325501103	0.00047415099237417497
0.072664247034449875	0.00054620418366530552
0.06946230109820152	0.00062056136716260907
0.066532800770391531	0.00069599260656936417
0.063842426425094065	0.0007724584561685404
0.061363082144577079	0.00084986991623990573
0.059070834220367657	0.0009278749343379877
0.056945182702076477	0.001006373571537226
0.054968543826396578	0.001084869047086092
0.053125769148408108	0.0011652922522188325
0.051403664675291165	0.001251592389601669
0.049790711489132	0.0013599102493785809
0.04827669282130078	0.0016327212645781506
0.046853302384230668	0.0046041880982273234
0.045540759533238773	0.011451490344657398
0.044298538951483307	0.014413977575797874
0.043114272528317475	0.016078949243247931
0.041995804104436985	0.017348838347125622
0.040937792201360873	0.018248548178648578
0.039941857759355132	0.01916053215344932
0.038994380532045785	0.020163128934843629
0.038094373815045102	0.021342920451297022
0.037239930580902934	0.022568555320383026
0.036434296121325573	0.023927399979548042
0.03566781790429583	0.025444399024433975
0.034928766796623038	0.026637022060924307
0.03422434547627641	0.027725526739957315
0.033562598990755477	0.028727060192958197
0.032966668135175368	0.029937014953024331
0.032359187302398777	0.030841602051227279
0.031756857235861004	0.031216389493530828
0.031183421479249979	0.031500803681586531
0.030664908028408738	0.031494695676904085
0.030142750395345252	0.031538980272436394
0.029650459797165418	0.031793384265788531
0.029194677556525255	0.031925990874702388
0.028747762444133164	0.031962666552765494
0.028306621794174178	0.032044756266969059
0.027882778559634596	0.032274341724594612
0.027458388621746658	0.03203677254166766
0.027048471821253705	0.031944972759557613
0.026625288407489293	0.031745155217401781
0.02623903572327815	0.031733321986240258
0.025856386446224768	0.031476895959525623
0.025504427554136573	0.031549436705866553
0.02513884485061392	0.030647380256841866
0.024805053900617734	0.02954453268725328
0.024421997296180276	0.028288754828167933
0.024114768330215114	0.028465211988219441
0.02374692588225789	0.024181092605819691
0.023467932927233988	0.023276589703923326
0.023145018183162315	0.02108749378054121
0.022901005230363539	0.023639882111139248
0.022548518387688583	0.024964281270752842
0.022160561856546246	0.018594445389787266
0.022013814903384315	0.019660592714993427
0.021741959426176471	0.020219328525791499
0.021466196693349551	0.022324202691960768
0.021231339559928116	0.021081470789394909
0.021047297545873651	0.022912414456285651
0.020805792043084973	0.022714201997278555
0.020449766450076731	0.016265327874309756
0.020223321572394062	0.020196133773884305
0.019857184831434432	0.012680103057698167
0.019791859801978524	0.015234877474998782
0.019647870469071991	0.015194393726566825
0.019308576868088571	0.017124080269081871
0.01919762138417682	0.018063323210506091
0.019031128926790385	0.018282613025241867
0.018803409122352791	0.013450362499288654
0.018504847574350228	0.014238216056293938
0.018219623890435917	0.0085461551142896591
0.018346218862451306	0.020433497420969025
0.018117907490474126	0.016324810321392668
0.018064688978174169	0.022831875299778405
0.017621572465660006	0.011306182111005985
0.017479194688227145	0.014602463831499365
0.017450178506405466	0.014275830696087772
0.017353662518650528	0.021125821428436858
0.017120072448287983	0.015587547464326343
0.016909229766801107	0.010746518336048767
0.016656658875478916	0.012364657766605142
0.016566160003672187	0.010921049733621105
0.016569333104884204	0.012693955333515269
0.01624708745553971	0.011316701667651537
0.016212781551847785	0.012287282611706097
0.015908927241046998	0.0082885722838873712
0.015813344937922046	0.010566348803757985
0.015648054717899439	0.007364349121741093
0.015728905660760514	0.010741369023520814
0.015467643737359538	0.010911440876786414
0.015271665857121948	0.011042866654496667
0.015421362246018496	0.01731323527565248
0.015268627148032088	0.013611387716223257
0.014910985810473253	0.0078881355819559375
0.015120596155364242	0.011913478126153088
0.014619410169911673	0.006365623601497044
0.014656789866109916	0.01083609643947547
0.014637270474122272	0.012767689115653373
0.014374816317510999	0.0068813584292513634
0.014467988571984818	0.012049690567586651
0.014350920903254764	0.010153834855330906
0.014146789954910135	0.0092735192745387902
0.01405823506367173	0.010435089196952645
0.0140021566666569	0.0095600609716737506
0.01383139616895997	0.0096288627422442714
0.013775107626950689	0.0073358443635850616
0.01375340235831596	0.0089899722416830457
0.013494372399532818	0.0072068050227444887
0.013522067595211865	0.0091994350663835295
0.013371867375222902	0.0080329870382344834
0.013318773353103833	0.011509990235298948
0.013280418134105828	0.012433189184346247
0.013297113189607229	0.014468724798279091
0.013145607619100332	0.0120997633069136
0.01292579814256764	0.0075927268837014785
0.012934252417055038	0.0086626411766110717
0.012775192266577747	0.0069940558030997758
0.012735644475227584	0.0088021081839068371
0.012720566479844727	0.0093956098560821644
0.012432817179186723	0.007648787558852059
0.012530906365376664	0.0088374903009089522
0.012521029463730068	0.0091358473201790837
0.012438248577320817	0.0096390365080144518
0.012181725968186657	0.0068215721028465565
0.012134894502915885	0.0076243450034087171
0.012267559696216115	0.0094113824147994806
0.011931984057983005	0.0074622792698546816
0.011912641163879245	0.0069868989813135106
0.011827322469986154	0.0066502380261549855
0.011932460291474772	0.0097407922655433684
0.011982855664357021	0.0092412150702726945
0.01176580373464098	0.0081655268944357436
0.011764600848898174	0.0076360613179641381
0.011612475136591164	0.0090717403591221747
0.011625521701954192	0.0082775795631881994
0.011558558758442604	0.0099577609419123081
0.011248939196350893	0.0059070355591001478
0.011472533737983862	0.0076961057514761972
0.011247339483030401	0.0072014198203869118
0.011130448593332577	0.0069165396224029965
0.011127090600854228	0.0064798354317762387
0.011056684201638255	0.0094482573017320472
0.011104682694934547	0.007710112762056515
0.011087066888205366	0.0069686039465840536
0.010821773036647588	0.0062809356671748714
0.010975860386634624	0.0069758608044310309
0.01075611370031423	0.0060075911429441848
0.010789415526753214	0.0077468719958930805
0.010835649093995727	0.0062493262398873387
0.010763627187465321	0.0078085300931937437
0.010618517638184412	0.0068600101227246722
0.010680539272680221	0.0071448292675744592
0.010649910900930114	0.0087088747710331576
0.010455306264763181	0.0066276043301494456
0.010328127406520195	0.0067046376145867099
0.010469229221944747	0.0095930566572029752
0.010312058041519421	0.0072028517489693576
0.010256684531966005	0.0059767128060970141
0.010148827472403338	0.0050895588436771031
0.010217358089817094	0.0078430137342694346
0.010189678602037464	0.0065944052127150593
0.010043752482553519	0.0071636769080788299
0.010080053942657732	0.0062896910423033683
0.0099725817977149057	0.006691129372093603
0.01006208443983894	0.0074708607884699917
0.0098325696874957298	0.0061715884971800875
0.0099570908287148086	0.0073357809237607676
0.0099022893953346937	0.0090062197419272499
0.0099120633465293716	0.0068370534341295197
0.0097216295064084437	0.006403195121812694
0.009669240804255597	0.0059950507579376944
0.0096403935289557201	0.0063832742464763389
0.0095568353936164845	0.0063427237854237362
0.0096164542702493437	0.0071612050481052788
0.0095489593941989349	0.0063647236619921626
0.009465797125885864	0.0063016462172493567
0.0093369818022831005	0.0058710121135591396
0.0093377111896766358	0.0070171618612169979
0.0094446055589409682	0.0071025959768032821
0.0093307978949710591	0.0071179208277227998
0.0093564166597596525	0.0062294279981753463
