f	stdf
1.003038767954894	0.1031947444466088
0.23445233296042081	0.10270770292100542
0.13124031766793581	0.094080824431761495
0.090713903188852502	0.084017133958876333
0.069059231541878083	0.076269496524139557
0.055545408010600719	0.070208983215555298
0.04631563115958276	0.065282011059201686
0.03958309701243725	0.061162844677458181
0.034431179662563365	0.057659600663904249
0.030370011975378496	0.054699661153183345
0.027096020710064436	0.052229449057232188
0.024397877091972484	0.049948891312957884
0.022120095975171391	0.047860378459144627
0.020196015450185938	0.046156867523487972
0.018515930169908681	0.044488078844157182
0.017059690554037322	0.043099491825920676
0.015845986821781292	0.042057988749384191
0.014736365468381005	0.040871792580259199
0.013775349347591269	0.039695933431973709
0.012904335623605651	0.03879465346535086
0.012065649230934131	0.037544254876680484
0.01128815592190428	0.03620471846413334
0.010562932896309125	0.034867969722213926
0.0098976766241858794	0.033624628730380905
0.0092853280935979183	0.032382958258737
0.0087524650196880351	0.031247335816410326
0.0082359808788190457	0.030005427761676147
0.007742834040645308	0.028783405357821475
0.0072746323078183399	0.027544313517984979
0.0068123834685195053	0.026212357913917794
0.006393899199871377	0.024783339884030222
0.0059781925434778541	0.022866072950841556
0.0056214416590893938	0.021526907379750635
0.0052905850298475129	0.020454043395056923
0.0050339618905420299	0.019739319955805541
0.0047989067457427292	0.019288369894602801
0.0046261513198961254	0.019200080053341645
0.0044099171518492816	0.018882875119941786
0.0041673871757398045	0.018328491929278119
0.0039290914669934179	0.017753709410523122
0.0036978263737788551	0.01713574815415617
0.0034701259530076291	0.016571325337236417
0.0032604206173208147	0.015959643028616004
0.0030486951527969636	0.015520303998609521
0.0028470178182373827	0.015203460592399156
0.0026444710709487475	0.014583868974743992
0.0024747945308502251	0.014194959631233123
0.0023056840207654108	0.013577187313199299
0.0021391517146391115	0.012923312238822029
0.0019753651196700445	0.012332926539716014
0.001827784330384282	0.01188596575307372
0.0016822560888485993	0.011310758694428337
0.0015383640349807574	0.010567882860716483
0.0013972847089078022	0.0097731885565430082
0.0012481543686796647	0.0088474381365019877
0.0010967032339970787	0.0078274583606537749
0.00096224003638401088	0.0069526189425754238
0.00085743655969707259	0.0063498167773302482
0.00075515494500615673	0.0057207640471501307
0.00065318659922585084	0.0051140472256545402
0.000557058424045819	0.0045736801477585442
0.00046419018968765768	0.004131823328936717
0.00040755053307910827	0.004087102920490783
0.00034343322897733414	0.0039520215384648205
0.00029182630680934873	0.0038764604446050342
0.00022948906762694312	0.0034130041493729861
0.00017696756231435452	0.0028957281740799412
0.00013448272765041364	0.002364841124398079
9.5533365785372378e-05	0.0018239700239137849
6.4602449748386932e-05	0.0013281482262483511
4.1929753922829756e-05	0.00087308312272858834
2.2360616880473098e-05	0.00044168936835296092
1.4500653895190085e-05	0.0003106550284712583
9.211177669838152e-06	0.00021431386143802355
5.6948565365891057e-06	0.0001425994698345962
3.4162490817547979e-06	9.1074677637858318e-05
1.9377588605592901e-06	5.4162054891005093e-05
1.0066127390459481e-06	2.9075664310041562e-05
4.7613621575188797e-07	1.4262237308394843e-05
2.2768927510756465e-07	7.1756762479761399e-06
1.1657212601533885e-07	3.6844906707945841e-06
4.965696339395477e-08	1.5695057182103782e-06
1.2196668967438227e-08	3.8549964353728002e-07
0.0	0.0
0.0	0.0
0.0	0.0
0.0	0.0
0.0	0.0
0.0	0.0
0.0	0.0
0.0	0.0
0.0	0.0
0.0	0.0
0.0	0.0
0.0	0.0
0.0	0.0
0.0	0.0
0.0	0.0
0.0	0.0
0.0	0.0
0.0	0.0
1.0009576980401313	0.10197975493519827
0.23310734855699508	0.10197884900825466
0.13025222998840399	0.094807749921325804
0.090047828902121554	0.085947324385098972
0.068588872252394392	0.078324487597184383
0.055242100718324381	0.072152686476604902
0.046052936220153433	0.067068900724816263
0.039334228560950937	0.062727781364254928
0.034180305735016361	0.059095484379617362
0.030123330491997044	0.055893940970397772
0.026866189454051465	0.053255869613422845
0.024153572016145937	0.051431786864132106
0.021891885689192054	0.049808210832944233
0.019951160073012474	0.048091362278663424
0.018274759435419816	0.046358755763966079
0.016794646866061452	0.044631331850651351
0.015510607693907339	0.043435321252170873
0.014456384703969923	0.042752237472103397
0.013411225900880492	0.041411264499941668
0.01247086060680303	0.040257858262892333
0.011624888108447915	0.039324550300314863
0.010905922761127623	0.038259272941814505
0.010263131391890844	0.037232345384169106
0.0096829408446419719	0.036281709136923863
0.0091312236357528748	0.035291108779642005
0.0086424164420452806	0.034603689831931725
0.008193145040767404	0.033798262382298619
0.0077331347573813738	0.032523308789281072
0.0072916051369889398	0.031125847419672555
0.0068827848990691415	0.029686668547105638
0.0065050165810192073	0.028310462363151285
0.0061578755067418708	0.027108395182501122
0.0058410198617911717	0.026041086636902924
0.005536073611154416	0.025069342289909109
0.0052328498881290646	0.024019496871705483
0.0049494283377015643	0.023145592340215758
0.0046841437358407867	0.022426836823266499
0.0044018441498843508	0.021350600617032787
0.0041664246273331431	0.020673378240707169
0.0039128360504527273	0.019769485353462114
0.0036817573211766221	0.019103433196506824
0.0034718088810902583	0.018614299823566549
0.0032720151647103149	0.017974039322717496
0.0030833615675954669	0.017308351636360294
0.0029057895598370927	0.016680260153482059
0.0027392533350152509	0.016103383580739865
0.0025719151155333825	0.015473306038047703
0.0024000127046063698	0.014708028841766922
0.0022279453960899016	0.01389181800083171
0.0020740811342209358	0.013280235023338494
0.0019280532016279417	0.01269199115079853
0.0017905087926807673	0.012097169032808127
0.0016726374338882457	0.011963934275332403
0.0015400203381141374	0.011535419575927588
0.0014123072155155002	0.010964258184263649
0.0012758403311298524	0.010253870864185537
0.0011470939002048855	0.0094987451470552424
0.0010272789809305689	0.0087159443754863536
0.00091412920188464004	0.0079559425474059042
0.00080125942036837739	0.0071560048816620234
0.00068895339829283129	0.0062752204394362857
0.00058227226764314907	0.0054527112128932723
0.00048404294706712753	0.0046532834386594328
0.00039136435461961899	0.0038679297041777625
0.00030400002236199785	0.0031421837791052944
0.00022739507017117893	0.0025193751222475488
0.00016410135717161015	0.0019378247051135618
0.00011264754022302173	0.0014369031166020605
7.9778195206046471e-05	0.0010180032776443281
5.1279291201366238e-05	0.00062232296551618287
3.1985737379024451e-05	0.00038876030194343454
2.0533837101859074e-05	0.00027745749090830695
1.250359517323624e-05	0.00019066022047722837
7.3169000343812632e-06	0.00012483887246426991
4.1194941602014347e-06	7.6170465177129696e-05
2.0950117459784391e-06	4.106146769353242e-05
8.9005206270121847e-07	1.8360001643052489e-05
2.8992597744916518e-07	6.2923833287270352e-06
5.8263470626214278e-08	1.508763682617267e-06
6.5590093767684794e-09	2.0731035526604073e-07
0.0	0.0
0.0	0.0
0.0	0.0
0.0	0.0
0.0	0.0
0.0	0.0
0.0	0.0
0.0	0.0
0.0	0.0
0.0	0.0
0.0	0.0
0.0	0.0
0.0	0.0
0.0	0.0
0.0	0.0
0.0	0.0
0.0	0.0
0.0	0.0
0.0	0.0
0.0	0.0
0.0	0.0
0.99980111232130875	0.099541910465708233
0.23238500344909677	0.09930537942792296
0.12931351203992911	0.091964129345435949
0.088940981965417845	0.083513941948974477
0.067509377640303056	0.076485134767259266
0.054248854515396149	0.070600625075865189
0.045191497286856619	0.065744513861544313
0.038628290057988582	0.061376474914875426
0.033617801301262178	0.05742647616278361
0.029672950383396682	0.054027038043317405
0.026475228004756782	0.051158623147242691
0.023817700901173963	0.048686846155086907
0.021562059554897574	0.04656900363930188
0.019633223646514118	0.044485229104201031
0.017993888504319922	0.042622998436719843
0.016569070144195931	0.040866218913501368
0.015320820408950376	0.039297669429650912
0.014218601719887747	0.037707202303423018
0.013238865726106479	0.036477619188672455
0.012362804672341727	0.035459195658363057
0.011542561657572168	0.033908262654142006
0.010816352288894777	0.032522897710997277
0.010164343366207295	0.031458554924740707
0.0095444621842210465	0.030275527566880556
0.0089607225399212162	0.029066792930017939
0.0084236252354244808	0.027936869873973164
0.0079134277673204804	0.02688484063152808
0.0073757432434279511	0.025806141062589872
0.0071036952860056898	0.024767956989238789
0.0065949937260624319	0.024082351388710947
0.0062905497926898212	0.023398485919039456
0.0059498974294771041	0.022708914377499501
0.0056181909910898139	0.022109113132448458
0.0052962187516694716	0.021397283926781068
0.0049862960938137201	0.02052897055568938
0.0046767798507794771	0.019615731633428696
0.0043775195220776995	0.018694590197254633
0.0040923731350835284	0.017778238419749504
0.0038295505533300586	0.016847723415443615
0.0035735216162591506	0.016071816669859677
0.0033287044232259912	0.015351232328352078
0.0030867794724640549	0.014601002988690314
0.0028650290311411169	0.01372961049614845
0.0026303633515379374	0.013893139311488074
0.0024538787218483997	0.013600875019005034
0.002281521788107848	0.013269120725380366
0.0021080057809771415	0.012787352800522699
0.0019429689814860387	0.012217095220115813
0.0017856804227654153	0.011669672148578818
0.0016263152261461853	0.010890880990841744
0.0014796397848012364	0.010331690736664447
0.0013453086258847632	0.0099073287371054027
0.0012131969932700662	0.0093489617089190964
0.0010910913420452157	0.0088832260924544514
0.00097536866677114384	0.0083496878202435516
0.00086807368908293375	0.0078292611758670125
0.00076958184450295344	0.0073147379646882216
0.00068294592584714517	0.0067856839170866165
0.00060230448604626141	0.0062689085270839513
0.00052647279766449104	0.0058342658209584106
0.00046420312864980072	0.0054613394201044572
0.00041052368482124885	0.005143195652053476
0.00036122552784532687	0.0049602004820955984
0.00031599578896977895	0.0049145376835027094
0.00027403726831366993	0.0048659098036739606
0.00023444659140583942	0.004624712885280915
0.00019689116663842383	0.0043085015677145604
0.00016068016418766855	0.0038432078499998647
0.00012982304603709649	0.0033476228510111831
0.00010618207275263628	0.0028437813362667467
8.4325252659627097e-05	0.0023305042849627133
6.4161013535658106e-05	0.0018177961310165505
4.5734028430427886e-05	0.0013191321587714467
2.8999589521786887e-05	0.00084116861142038274
1.7648647276677757e-05	0.00051166542293552234
1.3127419560098235e-05	0.00038405702635015658
9.5095044739830273e-06	0.0002791258609050492
6.6142297573370382e-06	0.00019445161572684627
4.3773056855353678e-06	0.00012866358398300366
2.7187065897673657e-06	7.9583098774511967e-05
1.515834686955972e-06	4.390233400953764e-05
7.1710028542206589e-07	2.0221921829290495e-05
2.9811811343914181e-07	8.0870733622891616e-06
1.1351510219587992e-07	3.0608070619399775e-06
3.2037134488041935e-08	9.7829952130038316e-07
4.6535724365959295e-09	1.470852837173812e-07
0.0	0.0
0.0	0.0
0.0	0.0
0.0	0.0
0.0	0.0
0.0	0.0
0.0	0.0
0.0	0.0
0.0	0.0
0.0	0.0
0.0	0.0
0.0	0.0
0.0	0.0
0.0	0.0
0.0	0.0
1.0008088763569758	0.10136774877266758
0.23426581500856428	0.10072512658979496
0.13126439289017622	0.092438294267751769
0.090842830819198223	0.083217461659200728
0.069296261463061712	0.075548693875119227
0.055803173029983194	0.069418114510235773
0.046493600422318197	0.064279635446726172
0.039687221889584803	0.059965635382978701
0.03448847465751443	0.056356788392340089
0.03040234441811647	0.053358977196510983
0.027118028975855565	0.050924228240052154
0.024473836346634678	0.049132520962160101
0.022265944863581362	0.047547836792620667
0.020404575478305761	0.045996585226183287
0.018735453124910116	0.044705402143232459
0.017237256730940374	0.043026290329938127
0.015711496535568577	0.041251737813903823
0.014505066060923014	0.039456252077918405
0.013427216602890773	0.037903822664101965
0.012494178137282251	0.036716107394964753
0.01165141843440402	0.035535769171280172
0.010888696380315189	0.03417762340230069
0.010162954858243837	0.033264757553004017
0.0095310868554821758	0.032249840753476693
0.0089505775626228367	0.031362728118238349
0.0084033600720817853	0.030445442393326035
0.0078962753093516341	0.029457894084863628
0.0074186196648661261	0.028690359392575637
0.0069679740387768845	0.027721668506496915
0.0065481972955553167	0.026663969048274758
0.0061477081801970699	0.025729455057559428
0.0057674652941946862	0.02474392886748766
0.0054668427017780111	0.023885077410570461
0.0051470500336501298	0.022942993290920678
0.004859529773943775	0.022085627549430501
0.0045900374465714872	0.021149323694392794
0.0043327916770125032	0.019923714079309159
0.0040759437032157758	0.018548593887105135
0.0038226331947976227	0.017746490384971017
0.0036234191760941082	0.016028301375252307
0.0034006859353977602	0.01528984336125108
0.0031702049006579287	0.01461551487281525
0.0029658408912506184	0.013955308556596708
0.0027706369465170027	0.013314760159649636
0.0025677233163586867	0.012707662448686933
0.0023809765350084337	0.012159177252969873
0.0022040485222544898	0.011562543857995886
0.0020405892767771188	0.011186376316810239
0.0018726977418996203	0.010570872225033973
0.0017126010008097683	0.0099383812612392503
0.0015527731539254509	0.0092776818011410366
0.0014176241248086421	0.0088351585496318167
0.0013104482217669972	0.0086681128677347334
0.0012380545215388988	0.0087262397219631353
0.0011670382628078543	0.0087230416154784208
0.0010601104415745937	0.008200479545064145
0.0009521599726452386	0.0076298651210219741
0.00084776901517756771	0.0071108370443899033
0.00074788140839584193	0.006580381481445745
0.00064793292394802751	0.0059620352176769269
0.00055337366972616582	0.0053388485680787362
0.00046469447384454664	0.0046905208567900427
0.00038092230754975721	0.0040457039261586353
0.00030211137150454331	0.003445694920322968
0.00023448867343272157	0.0029281867299781545
0.00017720247794457522	0.0024312988634322156
0.00012625558939869614	0.0019574454262724409
8.9352400617266297e-05	0.0015311896343733803
6.1533049266197955e-05	0.0011024375584732268
3.7843663616816924e-05	0.0006841013868906828
2.1975312187203581e-05	0.00040982354088342406
1.3973663774630973e-05	0.00029887708476272713
8.5135843968990245e-06	0.0002079761518170864
5.0340083260904652e-06	0.00013806996969409639
2.9824889828867261e-06	8.9336757012412689e-05
1.8287203302246353e-06	5.7270341650991757e-05
1.1023521097686124e-06	3.4842000426746525e-05
6.3637072713552291e-07	2.0113744918653002e-05
3.6140828298239905e-07	1.1423017598746634e-05
2.1370885209332997e-07	6.754687408724801e-06
1.0550385430845784e-07	3.3346562357560131e-06
3.4627358730516536e-08	1.094465585881647e-06
2.2824309637077855e-09	7.2140707045245555e-08
0.0	0.0
0.0	0.0
0.0	0.0
0.0	0.0
0.0	0.0
0.0	0.0
0.0	0.0
0.0	0.0
0.0	0.0
0.0	0.0
0.0	0.0
0.0	0.0
0.0	0.0
0.0	0.0
0.0	0.0
0.0	0.0
0.0	0.0
0.0	0.0
0.99886784431520603	0.098180864946434104
0.23278693326438921	0.098264836710155762
0.13019838743144771	0.089992407750609821
0.08997187702733106	0.081174046685884488
0.068487123813027545	0.074373222587665433
0.055122888498677851	0.068779431891854828
0.045952752907543026	0.064034239779085539
0.039234104915077922	0.059902103831453682
0.034151676397469945	0.056150656426601477
0.030111928414774076	0.052754333059090344
0.026793898347713011	0.049643666859936063
0.024029454662170352	0.046816528714850932
0.021713407852295748	0.044277904606578232
0.019745895867749042	0.042034400896695384
0.018051347193878044	0.040001873897280382
0.016576516107154441	0.038100354888670036
0.015275697687155485	0.036305010987158236
0.01409858558604392	0.03430417895590579
0.01307360295185624	0.03247919653109349
0.012181992810318572	0.031226938909121187
0.011362364046360136	0.030046935737021541
0.010608094668387868	0.028859047099197854
0.0099265464486129953	0.027596329411715692
0.0093099960964406672	0.02609251143733346
0.0087792613113133206	0.024305345062823266
0.00822411393502793	0.02342983862046949
0.0077283613462090679	0.024365217642160823
0.0072645182498643594	0.023985578017906569
0.0068334004867347054	0.022682296173926798
0.0064755026249258075	0.023148135511882065
0.0061021108733765881	0.023003275809972731
0.0057237442184311605	0.022539026559642791
0.0053773351254486649	0.021923543191808451
0.0050643033202823892	0.02174854965909969
0.0047457082010685372	0.021075871238109684
0.0044485497695450496	0.020361750449764297
0.0042122082890192949	0.019935883670873858
0.0039416965028249542	0.019176563552857726
0.0036904734522916981	0.018450731754869949
0.0034447787344343895	0.017624400492659245
0.0031989511900114486	0.016833118069459259
0.002952606734419278	0.015872941721140021
0.002738661431878417	0.015074854132354241
0.0025377961469222679	0.014406567281934145
0.0023618121429187637	0.01379038331121815
0.0021849490590443183	0.013200786898366205
0.0020171149449223894	0.012697323757124582
0.0018474015435158519	0.012088489480007871
0.0016731757954447342	0.011365360286712778
0.0015040806882764394	0.010605377848920936
0.0013374905045599231	0.0098338405945880489
0.0011895685546706792	0.0090964991817708112
0.0010496870407125821	0.0083287937095721607
0.000920023607158414	0.0078746338861818525
0.00079937121326061099	0.0072998692872984034
0.00070121010256896132	0.006896189775919586
0.00061327182967144318	0.0063874629456346374
0.00053238413774801048	0.005958802263860332
0.00046018627577144655	0.0056178140909338087
0.00040225082829374744	0.005358847009066782
0.00034994234345568729	0.0051463607419048344
0.00030074947576777967	0.0049061923903809604
0.00025399257411520002	0.0045739169344793081
0.00021055101415985597	0.0041785944511309016
0.00017251048832267571	0.0036987820665596192
0.00014007785396182533	0.0031935189294395251
0.00011064639892626535	0.0026689882639604687
8.4961853810243998e-05	0.0021441269381867341
6.4018993317531211e-05	0.0016369168073517668
4.4664667653198364e-05	0.0011445536358119519
2.7149883546234921e-05	0.00068312180800284309
1.3819338478085462e-05	0.00032906027961618231
8.6437176362871043e-06	0.00020809773769591905
5.057232602205103e-06	0.00012202657319542453
2.8541531228521928e-06	6.9761512131484517e-05
1.5020700558441701e-06	3.715735877253731e-05
7.2189634744997864e-07	1.7813446987193417e-05
3.4283535395694828e-07	8.3990336468655523e-06
1.4775227525880046e-07	3.6484560086873138e-06
4.5736703546704561e-08	1.1054452045413812e-06
2.7058748552864383e-09	8.4749210776997796e-08
0.0	0.0
0.0	0.0
0.0	0.0
0.0	0.0
0.0	0.0
0.0	0.0
0.0	0.0
0.0	0.0
0.0	0.0
0.0	0.0
0.0	0.0
0.0	0.0
0.0	0.0
0.0	0.0
0.0	0.0
0.0	0.0
0.0	0.0
0.0	0.0
0.0	0.0
0.0	0.0
0.99914882292417706	0.10355220716653864
0.23372356492027602	0.10352716933243848
0.13101239523779196	0.095449437509819504
0.090628440208475589	0.085836530326567767
0.069084664947090146	0.078239159141535827
0.055671042039631857	0.071988802194053139
0.046474406248619399	0.066599592524790599
0.039774449240188858	0.062003340696193496
0.034643927109452757	0.057969561260108569
0.030573767913140208	0.054385568186526012
0.027287469776112679	0.051391926676137858
0.0245574703868673	0.049284889243214544
0.022303536012914228	0.047727085690085339
0.020373568580186237	0.046204377647244402
0.018716571567270867	0.044865056854173635
0.017284597915572481	0.043474357087538849
0.016021337934338749	0.042050333166451549
0.014889261044633848	0.040601864228602375
0.013866621206733527	0.039058011299409869
0.012941579547975483	0.037402355289492879
0.012089049439447025	0.035824826328215105
0.011316349879511781	0.03432097014180964
0.01059464199330188	0.032787261115225529
0.0099482313262019943	0.031748705357633189
0.0093601104976614655	0.030797463972663992
0.0088428957685862623	0.030174944409802201
0.0084525062791851839	0.029906118791355553
0.0079788621651044472	0.028783694580293371
0.0075367337793758723	0.027638210472827131
0.0071112007717066012	0.026501921537630507
0.0067481033470007347	0.025504047645864471
0.0063792734309467908	0.024632526429099477
0.0060265102432579204	0.023699252703574258
0.0056867188243535103	0.022979935754138234
0.0054202100825465	0.023011662691116729
0.0051063316878232137	0.021963368629548355
0.0047273955311540423	0.019483966388953038
0.0041941010588320091	0.016524839159643704
0.0039373513805235306	0.015749560833401562
0.0036740911839679134	0.016100585140856917
0.0034306544080718602	0.01579058321413649
0.0031979645519666197	0.015143807548182061
0.0029911032080282528	0.014779607986513434
0.0027905906359062252	0.014534762546167299
0.0026108259489091646	0.014288464024173166
0.0024448638527870175	0.013842706054036511
0.0022696309243993998	0.013198460485443262
0.0021088373824236293	0.012667205628343848
0.0019516135869138672	0.012168339503414966
0.0018129250074345703	0.011845993411222706
0.0016526388628830015	0.011208202565641418
0.0015415945272385847	0.010799424831406234
0.0014140864314524549	0.010332287514045182
0.0012807379778533318	0.0098200637611461656
0.0011509366007095641	0.0092662506687302606
0.0010245552620305911	0.0087542898498404378
0.0009012147880855506	0.0082253790718876535
0.00078650092280690379	0.0077856680114593542
0.00068347747931554064	0.0073634869733733019
0.0005857989339419586	0.0068305582918007238
0.00050732904647897642	0.0063486256915178492
0.00043192557294131759	0.0059102005653641678
0.00036294850207412276	0.0054802564778035972
0.00029687764003100104	0.0049778857548421519
0.00023697067925457587	0.0044220278697877083
0.00018612190333231249	0.0038854211775097279
0.00014445176100606001	0.0033097922562214353
0.00010776991652957195	0.0027604348443487268
8.3002954190738008e-05	0.0022533371968126181
6.1706924733444273e-05	0.0017536630410936518
4.3106829364577697e-05	0.0012685790169698571
2.6682478346867084e-05	0.00080501103949570489
1.2386767553374152e-05	0.00037776536568612961
8.3785450242360259e-06	0.00026064995963904895
5.4405117979781936e-06	0.0001711744970098303
3.2833859574564546e-06	0.00010377785275422028
1.7508362278932046e-06	5.5338612825101074e-05
8.6744860964307058e-07	2.7417414598778698e-05
3.9564026749573644e-07	1.2504986607063439e-05
1.5485107996652731e-07	4.8943720853479293e-06
3.3751703103316418e-08	1.0667887723968894e-06
1.4426742347694283e-11	4.5598548647077613e-10
0.0	0.0
0.0	0.0
0.0	0.0
0.0	0.0
0.0	0.0
0.0	0.0
0.0	0.0
0.0	0.0
0.0	0.0
0.0	0.0
0.0	0.0
0.0	0.0
0.0	0.0
0.0	0.0
0.0	0.0
0.0	0.0
0.0	0.0
0.0	0.0
0.0	0.0
1.0026833192339544	0.096076131002631626
0.23382575813155848	0.09627883415390362
0.1306320854489946	0.089025068963905205
0.090111909199491774	0.080159764644982284
0.068563897177761249	0.072580686502621269
0.055128870062681759	0.066802886087396554
0.045954701549582706	0.062321294408982049
0.039346774611164009	0.058628542385606226
0.03431013709498177	0.055240855209464396
0.030345598666715035	0.05214515507511043
0.027129649322489596	0.049200730840886032
0.024446240929748963	0.04642994375256497
0.022160024469163871	0.043880706818499204
0.020219265488529498	0.04166934872441632
0.018517522698489289	0.039552960604033544
0.017022792681477408	0.03772323489875988
0.01569746386091225	0.035837589169834712
0.014530295094131845	0.034282267318654892
0.01353780463630587	0.033083893071264893
0.012630080059131131	0.031897914403997689
0.011831289421637465	0.030703645887803194
0.011070252330768202	0.029888262003831184
0.010374991024895083	0.029291199980063003
0.0097275660479146393	0.028833187518161177
0.0091303285224403653	0.028263895248977728
0.0085676750257648177	0.027115395289046162
0.0079838500905693461	0.025584206655856392
0.0074362673385201406	0.023874048921861617
0.006959949994115382	0.022641615757821382
0.0065600985558773106	0.020606640651268437
0.0062061841970138384	0.020063124587844244
0.0057622337699123659	0.017979615258248594
0.0054308738312116214	0.018736646066014197
0.0050742588996851743	0.017019038027967788
0.0047765287827037303	0.014129254427859587
0.0045029030480000449	0.014501509468060973
0.0042268938280163064	0.014865313777591024
0.0039683830493481677	0.014894677769318828
0.003707137124665718	0.013903786862161602
0.0034733963570963144	0.013064631677672019
0.0032303179108095254	0.012524646441172302
0.0030067225763367356	0.012122268223951528
0.002804179062634552	0.011269224022598723
0.0025946354470733277	0.010599422510543287
0.002496078746428054	0.0098555526503546417
0.0023710116491298281	0.010241616404121938
0.0021966776269147816	0.0098558378902162003
0.0020237119287017692	0.009354285027734487
0.0018065657137283123	0.0094603348668116215
0.0016966390990588122	0.0096606509429907894
0.0015769032885630163	0.0095933322960733494
0.0014546639475937031	0.0093078864068842967
0.0013119952438943971	0.0088627418081700538
0.0011729020439788264	0.0078792866823189367
0.0010535248675679152	0.0075792989097075046
0.00093909880556637877	0.0073158119041721583
0.00083341844156366166	0.0069891564876981083
0.00073349066262930153	0.0067030454787016846
0.00064595742377849066	0.0065355196168730241
0.00055426861688359186	0.0061425275049232517
0.00046930666822536768	0.0056730091619092409
0.00039140059103594618	0.0051150129636097002
0.00032078370402398158	0.004522045458646865
0.00025333511034245039	0.0038818811560578704
0.00019237384751592915	0.0032270727757752866
0.00014827675225056905	0.0026176920407077185
0.00010927225499204593	0.0020200220030271655
7.4265079845123333e-05	0.001439990224182956
4.4086178945100699e-05	0.00089475197157124603
2.2855418625808864e-05	0.00043486539837840794
1.4060118341556602e-05	0.00028456812634205337
8.2363733611552695e-06	0.0001791220535827209
4.4593584753585857e-06	0.00010388867049312897
2.1556518497178233e-06	5.4650489151809891e-05
9.629318918843514e-07	2.7234488132644382e-05
4.042903798692497e-07	1.2385477642595368e-05
1.4269234264302539e-07	4.5100713458110077e-06
2.5130739742558019e-08	7.9430631744193881e-07
0.0	0.0
0.0	0.0
0.0	0.0
0.0	0.0
0.0	0.0
0.0	0.0
0.0	0.0
0.0	0.0
0.0	0.0
0.0	0.0
0.0	0.0
0.0	0.0
0.0	0.0
0.0	0.0
0.0	0.0
0.0	0.0
0.0	0.0
0.0	0.0
0.0	0.0
0.0	0.0
0.0	0.0
0.0	0.0
0.0	0.0
0.99951575674291282	0.099817803574106204
0.23285784319085168	0.099793589105996158
0.13030259045985548	0.091794931007426139
0.089989980532399136	0.083026332017790444
0.068427140675463918	0.075601601971255525
0.055013463947405666	0.069158117753330556
0.045851300790810186	0.06361406999801679
0.039218909872488668	0.058970438552782452
0.034180488220906684	0.055253290744185016
0.030182133731545598	0.051955169813929176
0.026942687300211036	0.0490902079002467
0.024285989059175454	0.046769599096434362
0.022052817697305299	0.04463214043453622
0.020136552261137031	0.042752389819471728
0.018439921540085287	0.040865127086656676
0.016898244468819074	0.038919692017319658
0.015530271532568883	0.037217402328367011
0.014321989933413709	0.035570472763126963
0.013299506552503641	0.033481791278028618
0.012379321822185091	0.032167554749314139
0.011490597962246624	0.030763503812875931
0.010753240704149512	0.029030108130571143
0.010038915549219932	0.027710164932460979
0.009395457640322142	0.026555554405611918
0.0088105773968072607	0.02549567632119289
0.0082573330957308819	0.02442453436114499
0.0077448708401965721	0.023601777240765013
0.0072140212615554372	0.023226030887182839
0.0067474254533823833	0.022710459151190177
0.0063533167226099583	0.02188459247926566
0.0059972299635133886	0.021004864172712464
0.0056524030166664584	0.020210722505163349
0.0053003462456730497	0.019295945588620311
0.0049804807462928442	0.018470081397684756
0.0046893555308407395	0.017762457176977779
0.004401805397821249	0.016970815981720327
0.0041317470326597402	0.016205738385339476
0.003873996397511389	0.015593494389108018
0.0036274544867075497	0.014897813869780801
0.0034463659199848225	0.015387767615901814
0.003243532438628315	0.014908318307915789
0.0030355922050809788	0.014361815002760044
0.0028445302971889016	0.013912763935767816
0.0026632169987196373	0.013500020804806017
0.0024846695129525013	0.013071903583746556
0.0023018763871528536	0.012494373991905179
0.0021205608687205682	0.011802437675797977
0.0019406612513246451	0.011054366457416866
0.0017744328023800134	0.010388527906732233
0.0016208873278971336	0.0097303336600508862
0.0014668982266521928	0.0089775456147395769
0.0013207749749607691	0.0083118682915873515
0.0011832947746425898	0.0076448474089450529
0.0010491119919904598	0.0070262121652811997
0.0009256027005932699	0.0067065356462038999
0.00082040589193613852	0.0063536077939263247
0.00073749956912555568	0.0066059552735393181
0.00065666486184731026	0.0065814941457087127
0.00056793660073410027	0.0061930137901640304
0.00047463404623711183	0.0053723527900762808
0.00039942188316488249	0.0049377136710526117
0.00033584513665158944	0.0046000000868000115
0.00028119340442462763	0.0042197110876329843
0.00023195395043061463	0.0037911800946406381
0.00018881245785560335	0.0032020053568408281
0.00014841017883682675	0.0025926202747636462
0.00011059265418663108	0.001972885249409001
7.5505227517800745e-05	0.0013681445813896332
4.667512690297238e-05	0.00084725623335040281
2.6609876080005642e-05	0.00044693655394693166
1.6406191982193548e-05	0.00027440051658762045
1.0221784470800347e-05	0.00017610784755430416
6.1290070412488512e-06	0.00010831545208945059
3.4730740948718418e-06	6.3459758107470006e-05
1.8591682160369406e-06	3.6029634105391198e-05
9.2877307464967189e-07	1.9773480885575743e-05
4.2692709028653219e-07	9.891290532228474e-06
1.6863265531425525e-07	4.3922205754750312e-06
5.6398559603418069e-08	1.7326363583740825e-06
1.2206022244256241e-08	3.8579527219529973e-07
0.0	0.0
0.0	0.0
0.0	0.0
0.0	0.0
0.0	0.0
0.0	0.0
0.0	0.0
0.0	0.0
0.0	0.0
0.0	0.0
0.0	0.0
0.0	0.0
0.0	0.0
0.0	0.0
0.0	0.0
0.0	0.0
0.0	0.0
0.0	0.0
0.0	0.0
0.0	0.0
0.0	0.0
0.99434772824524387	0.10325060697565751
0.23281684245995107	0.10299311628144277
0.13069563274488491	0.094195602055145017
0.090600131907393258	0.084470284818320626
0.069159532729602388	0.077069690160640802
0.055729373035772273	0.071092488870624998
0.046467463369646064	0.06626813732163217
0.039714890285618386	0.062168313226697573
0.034569537749028725	0.058639440852556506
0.03052605458815974	0.055543954978938617
0.027263941737728791	0.052718128169281606
0.024564713067170642	0.050143779032106976
0.022295010322893036	0.047920461909751112
0.020360829996045542	0.045936737318403122
0.018694585968973613	0.043997164519450821
0.017268694320904703	0.042244187473040033
0.015974021613880084	0.040329960552525662
0.014822992859183887	0.03860024776520931
0.013772522130606974	0.036892467539265068
0.012832991958725597	0.035303579503971637
0.011943295122767197	0.033609139474630081
0.011113027684868314	0.031776648763786532
0.010323991767832852	0.029758093123490259
0.0096566392486263156	0.028803578040264715
0.0090349984992964677	0.027930907174691169
0.008447456804216262	0.027118527024123113
0.0079193839510551031	0.02627313010812319
0.0074351094760830832	0.025305704786564305
0.0069548922523034948	0.024340055795863305
0.0065256180466786336	0.023184710865004093
0.0061519295012637601	0.021370026584905472
0.0058107234505402998	0.020775044845069767
0.0055633756279056977	0.021087648389514099
0.0052620843868597068	0.020886859350777293
0.0049565318368881561	0.020312883261129868
0.0046553845534331702	0.019679201055750085
0.0043673554960523466	0.018998086165765347
0.0040459109184468002	0.018185921852677443
0.0037658996758627291	0.017572764629832833
0.0035179796145971085	0.017022265025775134
0.0032784181637774334	0.01640032222161571
0.0030598674670927039	0.015778401510348615
0.002848471853286167	0.015138065701264244
0.0026486791243301609	0.014590082219573801
0.0024621800500570193	0.013995986621275193
0.0022900343215411264	0.013339686209736997
0.0021264964198937381	0.012708611720501205
0.0019695243288779568	0.012084270691764239
0.0018211404701177203	0.011455506243118639
0.0016824146537639569	0.010864695485639078
0.0015471268313468009	0.010239540560707203
0.0014262019105444042	0.009648229614525836
0.0012970298639611508	0.0089997502410792164
0.0011722275152737417	0.00838223615104439
0.0010541165182120439	0.0078171398814447686
0.00093600345402206	0.0072229275676290285
0.0008225958305085832	0.006598624785488897
0.00071694077384801052	0.0060142956309925423
0.00061617151428424008	0.0054263803952060976
0.00052193283644506947	0.0048330252825440753
0.00043446983652110016	0.0042929463754674164
0.00036343808733807227	0.0037856126809152802
0.00029917772491455891	0.0032985230939198747
0.00024126065381223737	0.0027684399761146914
0.00018884876340737161	0.0022507189616329504
0.00014223132020066827	0.001781158234408877
0.00010524927007360977	0.0013496411788391743
7.4049920236613916e-05	0.0010371464397194512
4.9967984649234562e-05	0.0006943957984354305
3.0105229988470763e-05	0.00038644971322210374
2.0745051858536297e-05	0.00027705063231391335
1.3681577120420826e-05	0.00018881918558377091
8.5915957569844178e-06	0.00012232534275739352
5.0521994391119649e-06	7.3586563133283775e-05
2.8973130076822855e-06	4.2866708972894714e-05
1.648349441848712e-06	2.4628702407330557e-05
9.5393298503261182e-07	1.4517880169632197e-05
5.7057049963460112e-07	8.7937938166573814e-06
3.5538004553860692e-07	5.6673735611746314e-06
2.1274815244320765e-07	3.6639096580278008e-06
1.0808541570677651e-07	2.0858942588575691e-06
3.7259630589530734e-08	9.9558174890880612e-07
1.0317994349006008e-08	3.2612044765505446e-07
0.0	0.0
0.0	0.0
0.0	0.0
0.0	0.0
0.0	0.0
0.0	0.0
0.0	0.0
0.0	0.0
0.0	0.0
0.0	0.0
0.0	0.0
0.0	0.0
0.0	0.0
0.0	0.0
0.0	0.0
0.0	0.0
0.0	0.0
0.0	0.0
0.99787759717049473	0.10054632084032082
0.23323450669062551	0.10099250959153808
0.13091210128786743	0.093173714236454555
0.090777774723505414	0.084387554843677742
0.069288608096863033	0.077217984751357133
0.055858534539585933	0.071109200043851226
0.046670532073972197	0.066126559138095828
0.039927998750373138	0.06197666141200775
0.034771986816281485	0.058257918306953566
0.030678114560269705	0.054756123604373486
0.027374593497077701	0.051725523633245826
0.024636361925680306	0.049145708489502921
0.022332167998233402	0.046737271848453874
0.02034269983401725	0.044526491444190471
0.018606022851154782	0.042548028542141972
0.017104609182033294	0.040758329330256721
0.01582713327911452	0.03923231245665084
0.01454904972435229	0.037287369082106253
0.01350096341450029	0.035739700307894209
0.012568371816698036	0.034256916767961436
0.012441399799256004	0.03431886414966407
0.011088231758665979	0.031184597674305873
0.010568758719170599	0.030745928183366248
0.010031525736378267	0.031089500496984737
0.0094618402440596553	0.030667019902972693
0.0089163078321124051	0.029503884987154224
0.008395397735436242	0.028725214571457595
0.0079879599297511816	0.02776717106836914
0.007506561011603353	0.026421643118015297
0.0070472708865361054	0.025267746211815177
0.0066315465330254288	0.024277625725291897
0.0062544134175713676	0.023322986830589872
0.0059199917000999419	0.022675223134161232
0.0055558007075101603	0.021597451215919081
0.0052276223431040542	0.02090953287390562
0.0049271899291240418	0.02001584123287516
0.0046355771395743513	0.019219549472753557
0.0044850643431139101	0.019929576953476687
0.0041960773266634986	0.018931822368316129
0.0039122993467221312	0.017788996148243048
0.0036562953201111329	0.016778442468665927
0.0034016612157564095	0.015239533268124149
0.0032007861683802921	0.015065205732045858
0.0029926496594215425	0.01460574870057188
0.0027911169519506313	0.01405345821621237
0.002623089888640376	0.01366279173658958
0.0024443452210549076	0.013171254689544089
0.002276503244255304	0.012518397180972956
0.0021038556375029857	0.01176968703205266
0.0019415790784881597	0.011232704907868639
0.0017510786110118573	0.01051162360458612
0.0015777048581732704	0.0099247235102611388
0.0014209813832620703	0.0093612092506840106
0.0012766398057933001	0.0089544996107306703
0.0011294445105844274	0.0084821825979703447
0.00099059831521789376	0.0079510786994311747
0.00086084756583403087	0.0073870101617275431
0.00074221463724815208	0.0068275184524937971
0.00063698713678088956	0.0062055736245047437
0.00054475301328227516	0.0056571809343581555
0.00045994653887999535	0.0051191361217116631
0.00038060066663663607	0.0045533508586272581
0.0003110177191923963	0.0039512369979545032
0.00024405489566256669	0.0033236519742405241
0.0001862140184674599	0.0027322738422293018
0.00013659783824907621	0.0021427717853831443
0.00010074523366383971	0.0016373936700471597
6.9087558694928914e-05	0.0011638284792329237
4.2817803141283954e-05	0.00073091798873447492
2.3316882507902847e-05	0.00036916111791553439
1.4996846696323053e-05	0.00024570902950323708
9.274430687893406e-06	0.00015733243093352854
5.5071245404262709e-06	9.6555008387242371e-05
3.2384356062689406e-06	5.8596700467535754e-05
1.886526131423697e-06	3.5854857393865594e-05
1.0547146998742561e-06	2.2214293870455579e-05
5.4111859873946909e-07	1.3797280305592709e-05
3.0710607429000354e-07	9.3356397256713939e-06
2.0709205015787311e-07	6.5455504062953294e-06
1.3168657454552018e-07	4.1622124599325148e-06
7.0060856476560021e-08	2.2144107763960735e-06
2.6240965924857383e-08	8.2939719337412083e-07
5.140376701716151e-09	1.624716872655371e-07
0.0	0.0
0.0	0.0
0.0	0.0
0.0	0.0
0.0	0.0
0.0	0.0
0.0	0.0
0.0	0.0
0.0	0.0
0.0	0.0
0.0	0.0
0.0	0.0
0.0	0.0
0.0	0.0
0.0	0.0
0.0	0.0
0.0	0.0
0.0	0.0
