f	stdf
1.0065135529345459	0.1000663052719707
0.97882013469689333	0.10007468788569371
0.95280114855247966	0.10017156330470235
0.92828829569751026	0.10034657665791394
0.90514129457599346	0.10059030344858332
0.8832345812823178	0.10089431933406694
0.86245662105267851	0.10125105707655807
0.84270807513908319	0.10165354621678706
0.82390168063406755	0.10209544367411715
0.80596081828628729	0.10257083083940956
0.78881766694281463	0.10307454060240955
0.77241196824249991	0.1036020130493388
0.75669062715062985	0.10414915900796277
0.74160659477770507	0.10471217654649813
0.72711826446136096	0.10528785279362157
0.71318817317693328	0.10587334302363294
0.69978216498465118	0.10646610699472203
0.6868698070973005	0.1070639424661539
0.67442338723881634	0.10766490809126626
0.66241760486044787	0.10826727121090818
0.65082900215579931	0.10886976137704689
0.63963584582237432	0.10947104887706072
0.62881764578825006	0.11007030060715853
0.6183563954397282	0.11066667338136958
0.60823407231256099	0.1112594709492921
0.59843487554302832	0.11184815096226237
0.58894313284890831	0.11243226966936709
0.57974444984088569	0.11301135341518409
0.57082546219771391	0.11358514352490587
0.56217361015365308	0.11415346656975708
0.55377711689998277	0.11471599465593381
0.54562494471552347	0.11527273283956911
0.53770640502857669	0.11582352169262219
0.53001181446105516	0.11636821790760389
0.52253166643777149	0.11690687345564338
0.51525723658284961	0.11743950970296677
0.50818005299849545	0.11796611491370404
0.50129228620543975	0.11848665695143265
0.49458645245477567	0.11900119291708505
0.48805556000983585	0.11950946082377518
0.4816930188221859	0.12001120915697749
0.47549251461025188	0.12050521271625898
0.46944807253529586	0.12099055660321488
0.46355511847326919	0.12145858449913463
0.45780790500683033	0.12191043122292246
0.45220010112488673	0.12235534210907643
0.44672654810328799	0.12279464124937166
0.44138233675320215	0.12322908166468835
0.4361629957002579	0.12365906228439465
0.43106421229709246	0.12408481198566544
0.42608186303763079	0.1245064275341535
0.42121197177220432	0.1249240180573493
0.41645084259415766	0.12533770890884177
0.41179486766422962	0.12574745537281495
0.40724061162096836	0.12615313240337508
0.40278469511991727	0.12655418204993557
0.39842396093159371	0.12694965067568026
0.39415507561268942	0.12733442287492441
0.38997499312744799	0.12770698530848915
0.3858813435352248	0.1280746003346708
0.38187146960924828	0.12843822953733525
0.37794278663020758	0.1287984458731036
0.3740928106257877	0.12915516597775104
0.37031936266236287	0.12950819200802158
0.36662032655546095	0.12985697396777371
0.36299209703847179	0.13019792270844321
0.35943530819415925	0.13052980815773232
0.35594730670313729	0.13085536564649902
0.3525257631427256	0.13117636219366929
0.3491700228199589	0.13148546400629874
0.34587854089945952	0.13178294857085721
0.34264805968292639	0.13207562478536267
0.33947628312573341	0.13236010892400779
0.33617269821210138	0.13153728416801896
0.33284469428965985	0.13106293942227398
0.32963167785719549	0.13072453962677238
0.32634072208021847	0.13030887296715163
0.32325931716027184	0.12982974443022616
0.32014088066211654	0.12927171631821141
0.31703574608569463	0.12864551638986713
0.31393675082380684	0.12802966313117878
0.31080585113164172	0.12731568614877348
0.30760957543748774	0.12663541085833158
0.30453568680231524	0.12600474841893428
0.30158223028458403	0.12550442421974858
0.29875533585288588	0.12478064928115802
0.29570994966675596	0.12439845320602708
0.29292157074977448	0.12371959494859663
0.29065082929713348	0.12282532389861588
0.28777939763139088	0.12230383348467154
0.28505301711951325	0.12075147137465894
0.28276779228974797	0.12101308697423507
0.28013177946703682	0.11962428608246974
0.27756365608581934	0.11882424814469014
0.275080024882212	0.11735878559585293
0.272168804079294	0.11622456618688605
0.2697450094874897	0.11508302923456543
0.26757777499181384	0.11506030118963873
0.26506536342837367	0.11413124732724626
0.26349929468947014	0.11409340624661002
0.26048276518144931	0.11335267558074096
0.25800456875947064	0.11206479628733411
0.25577271473652957	0.11091521769452971
0.25356362146890643	0.11109224957445905
0.25167800147494979	0.11014881110220365
0.24922845084011602	0.10862503142397735
0.24755237143361064	0.10841707895788108
0.2452721351970033	0.10802304436793074
0.24259124979925453	0.10656655550926611
0.24055751197045594	0.10745209775717438
0.23925088196384928	0.10628282763179689
0.23777154463199712	0.10464841146590102
0.23515709729365561	0.10433121653115636
0.23319854209480448	0.1031992300681997
0.23042968465402294	0.1024880218042349
0.22884034146415014	0.10192467966142355
0.22755029288164294	0.1020589140992938
0.22505708536669261	0.10173892827232085
0.22379587429082468	0.10011463641777654
0.22184517117249919	0.098961866054670555
0.22046462242666501	0.099106211699440741
0.21807934300701567	0.097915086474955115
0.21699862247815041	0.097346752313162019
0.21476297487206153	0.096621123677741075
0.21282050100230715	0.096331862461772375
0.21196459635322495	0.095400566161919345
0.21107051296863386	0.095748905038691046
0.20863305850024477	0.094370457928951892
0.20737646628840306	0.093177818777262056
0.20483053885781188	0.092607948490652972
0.20457443816285945	0.093595188402978535
0.20292842332885477	0.092850815736366291
0.20135985789401856	0.09200936379794139
0.19966911187596029	0.091277927041342952
0.1983853961963544	0.090412213179934239
0.19696522331400104	0.091414489274681904
0.19564096140677464	0.090520877626613191
0.19394974498386439	0.089007446891057607
0.19281527631538978	0.088422311009124413
0.19158093626257061	0.087654504520764204
0.18894961538196497	0.088211956893097535
0.18847964295173683	0.087164310556610475
0.18663185787373776	0.086268554304014117
0.18609468934679724	0.086119471505540418
0.18509340103634742	0.085668552623772973
0.18418284520230152	0.085703161708673509
0.18364306170990227	0.085111108174107511
0.1820514979450864	0.085433398377372516
0.18046380329480005	0.083162398118472619
0.17849972559172403	0.082700783718974477
0.17719561250622121	0.082321328229724558
0.17603285546615743	0.083003426956662144
0.17490800392509007	0.081896675897726451
0.17434328437432009	0.081554490987139669
0.17246067295883807	0.081608601855234164
0.17233120246860023	0.080898676173916967
0.16978887932927642	0.079495041982974954
0.16934490594386514	0.079925076557646163
0.16869700336170851	0.079703101362898335
0.16713929138915709	0.080333308145106752
0.16653964944889449	0.078393177918556961
0.16467678820017376	0.079462089807692871
0.16457414806311543	0.078136372753913039
0.16348493369501046	0.077921491515457658
0.16294431306585389	0.077281343515974765
0.16088427194958738	0.077750724246313754
0.15983221303177703	0.077669130952529794
0.15914449554226043	0.075976036364151511
0.15863690740809216	0.075996060971395801
0.15680423642427108	0.076078095472017784
0.15736265533414326	0.074835196072964544
0.15550785970006353	0.074627515196600658
0.155990075187113	0.07474204899903801
0.15414417248310724	0.074621138728701603
0.15262301748025492	0.075278600035874832
0.15258187457976596	0.074314073147817405
0.15131904240482255	0.072714403015720422
0.14965799426604218	0.072042596684514612
0.14948959464047015	0.072262862926633045
0.14860135648805214	0.071644697684509859
0.14701230024459647	0.072030574737198497
0.14797946054618324	0.072062437327088641
0.14701979574449567	0.071283254927953718
0.14461928318439579	0.070936772458383451
0.14496312444062101	0.071130210220796422
0.14324946168194963	0.070512989038119575
0.1428281214767827	0.068742851440064853
0.14108929090493383	0.070582570140454576
0.14139549131879484	0.070232389013469121
0.14073692780445429	0.068821351469695022
0.13939019392717947	0.068414788098325754
0.1392107865089533	0.068836992194829749
0.1377385337560233	0.068365993721835702
0.13843414729779657	0.067769325236041789
0.13702525798158718	0.066958013296532601
0.13683953946147981	0.067090300986241053
0.13502120111404378	0.067281887635106188
0.1353046443546897	0.066959355034382648
0.13371013268492035	0.067063360472214339
0.13365409605250078	0.066298289953077599
0.13296763005859658	0.066109628103844353
1.0032111771385797	0.10419797838591009
0.97541671513899697	0.10420990844403087
0.94928656179260951	0.10429129073884767
0.92467883057606004	0.10443365641882804
0.90146628450070676	0.10462984378475339
0.87952772114818245	0.10487365833104681
0.85875016734939524	0.10515950469214869
0.83903055273530003	0.10548234224918557
0.82027705622599667	0.10583760239763527
0.80240643059199412	0.10622096847054209
0.78534594132404545	0.10662860061831894
0.76903132059824442	0.10705696735499409
0.75340682748136101	0.10750272405731798
0.73842374042321623	0.10796288991551049
0.72403853124403939	0.10843471228652768
0.710212036874037	0.10891594826753323
0.69690978443007534	0.1094043497765697
0.68410021153663747	0.10989818061647826
0.67175547566456562	0.1103961212285276
0.65984976115028027	0.11089676307746368
0.64835822418249378	0.11139910010609003
0.63725916085852308	0.11190212013508424
0.62653183596604622	0.11240498580172778
0.6161579036691005	0.11290709705379133
0.60611933565837461	0.11340782943404407
0.5964001526799162	0.11390680081435745
0.58698513989083356	0.11440367252953039
0.57785979378036445	0.11489804913954185
0.56901069261865789	0.11538953674334358
0.56042550886595177	0.11587790609379539
0.55209267844378562	0.11636306632577849
0.54400110065642349	0.11684482325589764
0.5361406649756697	0.11732293933602611
0.52850204033607706	0.11779745900784112
0.52107615529881179	0.11826829118870995
0.51385418804808458	0.11873532790569485
0.5068278948522843	0.11919856530480891
0.4999896804883	0.11965804204559002
0.4933322606863994	0.12011383133591476
0.48684857824133781	0.12056597952101002
0.48053194645489872	0.12101458619730773
0.4743759646421043	0.12145964928455188
0.46837450017678284	0.12190118125608708
0.46252204701078314	0.12233887660747435
0.45681319625380995	0.12277134879977476
0.45124317875945313	0.12319718822514034
0.4458099045991466	0.12360465185652085
0.44050592561918306	0.12399460998987401
0.43532507792021397	0.12437293605241553
0.43026364141527573	0.12474297222043509
0.42531716442022388	0.1250956322002304
0.42048209820517057	0.12544453498744779
0.41575475830311037	0.1257912274508701
0.41113156980631865	0.12613683331306197
0.40660911891048285	0.12648168277404043
0.40218416948292829	0.12682594507870135
0.3978536099150507	0.12716973828833358
0.39361438439329277	0.12751307575519227
0.38946369425519034	0.12785590177502676
0.38539880917771469	0.1281979518259663
0.38141705141245996	0.12853923514092591
0.37751588795234309	0.12887954372398672
0.37369290151599988	0.1292186332139996
0.36994597282404162	0.12955304195639994
0.36627287238266504	0.12988142155747281
0.36267116101740898	0.13020894988442724
0.35913871975865297	0.13053588784354078
0.35567352471723995	0.1308625107647568
0.35227358612386428	0.13118907623163895
0.34893708602573498	0.1315157387706016
0.34566219708742241	0.13184255280569482
0.34244724972638474	0.13216951155827536
0.33929057204893903	0.13249648015361079
0.33619061633536196	0.13282328281270561
0.33314589525944793	0.13314944113976684
0.33015507588174592	0.13347376387745033
0.32721666274922279	0.13379500948034503
0.32432926435707643	0.13411049584234741
0.32149219859937389	0.13441426134380019
0.318701943491222	0.13469711923877212
0.3159542840693203	0.1349381874889162
0.31322885955632379	0.13503009274855565
0.31058544767922069	0.13477160115801975
0.30760142869070572	0.13337604244147769
0.30473930996113391	0.13250626377979374
0.30203258107318443	0.13201848108703249
0.2991176822206737	0.13047939429897934
0.29575969904872201	0.12774571408003363
0.29294513630091173	0.12697606390594518
0.28964215021684381	0.12521757291270161
0.28687437054744219	0.12437113727547666
0.28400180285282728	0.12356893854391138
0.28128880950680218	0.12263194719324712
0.27886705668194628	0.12205595935449688
0.27636263513405879	0.1215988547123372
0.27377021154550601	0.12079691287256782
0.27148515824476926	0.12040089959150573
0.26891195443121224	0.11967307815107377
0.26677120314263492	0.1191780291371779
0.26419761698114197	0.1183424761543181
0.26209364102749755	0.11791347550272964
0.26105515418575898	0.11791200466965665
0.25805486971098202	0.11691603797483779
0.23030096674084174	0.11647019247429437
0.25388095527766585	0.11562255719899718
0.22246492863499823	0.1152676521802901
0.2501408826470326	0.11465517362125859
0.21480017490092582	0.11414349084989769
0.21099298452914211	0.11356999423549864
0.20726413031715987	0.11302655441787118
0.20361672026814726	0.11248479800799309
0.24078491245292963	0.11132850756272729
0.19629405126006502	0.11142790048478315
0.19290480384466324	0.11090619406821686
0.18945193917417896	0.11037889970163381
0.23263382946197114	0.10893386356222022
0.23114823558542436	0.10823218507798982
0.1797956754558811	0.10894090489619733
0.22786491518765428	0.10661732042738477
0.22607825720486074	0.10670037417983284
0.22431315664354112	0.10606870048146162
0.16824857428293427	0.10712058142452073
0.22085292132680523	0.10430243242912099
0.16288526897319996	0.10617418590598691
0.15992131199058929	0.10559321539366937
0.15725571518180084	0.10505977609920319
0.15467557579543798	0.10458868314385859
0.21276580278664717	0.10149939138062873
0.14961980615336626	0.10356405130769948
0.14690265897221927	0.10294939838819205
0.20829398188852838	0.099991187084383537
0.14169417039627849	0.10171085356502117
0.13888763458117268	0.10094133249204228
0.20434951619449196	0.098643559841684991
0.20319809863791152	0.09781379899946524
0.20037826302572367	0.096680515886736984
0.20015183355136457	0.095562094504535025
0.12829284933855331	0.097881705712054651
0.19648399548771833	0.095709010807272885
0.1247496830298692	0.096974229010470703
0.12302791724735977	0.096525080291596274
0.1928657424890256	0.093732844466627357
0.11995086647701542	0.095705480808135637
0.18973109919038081	0.09321456833694601
0.18917244737591438	0.092909143038523767
0.18738433812108934	0.091657497025328841
0.18576590272295562	0.092258335593289706
0.11218442247200031	0.093528410271989604
0.18395885402624351	0.090994332266078393
0.10938939546824167	0.092743492312361411
0.10813882329937358	0.092371464154600486
0.10664950566251623	0.091932137658179938
0.17919032843424748	0.089329888972862051
0.17712835075664801	0.087728012165767325
0.17696747702302917	0.088862117382310243
0.1017982465485444	0.090475007897573428
0.17439863568865713	0.087197806057312505
0.1739029809801397	0.087112390682135443
0.098495684157133556	0.089467572544347812
0.17166993433978139	0.085741757511588884
0.17060362806053159	0.085330721263030304
0.16925993345965226	0.085708270279361995
0.16801579275098863	0.085682505699692754
0.16666631782875635	0.084002937872432071
0.092680853706690616	0.087561021149987581
0.16440143857882814	0.08315175614894818
0.16439111115042329	0.083204766401313801
0.16245677464620639	0.082102527457055999
0.16203786614222207	0.081797188684217592
0.16135114730807765	0.081140420560077142
0.16085137859967105	0.082237576068229762
0.15940868030562202	0.081863037091377613
0.15874615174056517	0.081108774873613287
0.15775670263768546	0.080620985914978335
0.15637466928481478	0.079953150210201288
0.15529360433369305	0.079259989182838594
0.15491340279484306	0.078671966245928954
0.15468684987839482	0.078276014988431591
0.15248092987177375	0.077898804880511568
0.15253263811186288	0.078015238997326042
0.15098872976098882	0.078407207177971006
0.15037518724205473	0.077287296886845464
0.14918073132071824	0.076339100519061495
0.14904949055759475	0.076090631424085176
0.079762576567014756	0.082044260638303501
0.1471838761104978	0.075950566907752384
0.1460583254004339	0.07495113951680217
0.14546757639376151	0.074678540781932534
0.14483813885796676	0.075214022372561071
0.14391158763539608	0.074690962899703284
0.14336963746276143	0.074747667952370991
0.1423959753341249	0.072947781695155575
0.14108407795620639	0.072403477649599132
0.14072817295717874	0.073883120916561462
0.14053060817089302	0.073053608521588778
0.1383679248088418	0.072244780106339376
0.13901869811864534	0.072578336638456378
0.13776695208183018	0.071402122508569615
0.13758475560733363	0.071515495673337995
0.13723505449424664	0.072125377663588897
0.13590482741564841	0.071373739989852525
0.9940138965916181	0.10059278332376691
0.96689896685279675	0.10051844201555897
0.94139303631591142	0.1005119886967767
0.91734346350053053	0.10056521993346067
0.89462280010974204	0.10067098480985619
0.87311561943491034	0.10082322831876635
0.8527178524616289	0.1010165020743584
0.83333606924864712	0.10124555691612606
0.81488632815034068	0.10150571778160183
0.79729331767810718	0.10179290908116458
0.78049000336180063	0.10210352274158639
0.76441665911414958	0.10243415325516737
0.7490200611816028	0.102781631285024
0.73425315679301251	0.10314323685483649
0.72007395106584238	0.10351649485227063
0.70644486888112901	0.10389917160974947
0.69333199701119019	0.1042892685854967
0.68070469377954534	0.10468511420730894
0.66853534174908213	0.10508542364421918
0.6567975494202728	0.10548881155338925
0.64546771727450836	0.10589434969603947
0.63452373216742963	0.10630108005067566
0.6239453418043297	0.10670827731615243
0.61371411941647669	0.10711522736009302
0.60381282725229157	0.10752143535470186
0.59422498959024084	0.10792630960713316
0.58493564967056877	0.10832951097734998
0.57593096096775598	0.108730648191929
0.56719801724069807	0.10912939184477365
0.55872464306119296	0.10952545932490218
0.55049934284638435	0.10991859253746523
0.54251160593752368	0.11030867136126821
0.5347512289802796	0.11069544103813697
0.52720861549475717	0.11107890511075273
0.51987477243962255	0.11145891517515902
0.51274119226937365	0.11183537271553416
0.50579998214987032	0.11220837115494907
0.4990435144276672	0.11257786868325462
0.49246467957802037	0.11294385712038628
0.48605633814450583	0.11330621825219452
0.47981208701028616	0.11366513709074186
0.47372566995684517	0.11402069951994977
0.46779136160890311	0.11437291201768233
0.46200338391344054	0.11472177223042569
0.45635630477413597	0.11506738790120685
0.45084509952571056	0.11540990516874755
0.44546521359612451	0.11574936902806006
0.44021184698962629	0.11608582179512698
0.43508052067198855	0.11641940708452853
0.43006699305930884	0.11675018965132407
0.42516742858756756	0.11707826724168989
0.42037801971181976	0.11740369845859576
0.41569496038617632	0.11772657898528881
0.4111145841188189	0.11804706481668682
0.40663362339577364	0.11836523845647375
0.40224910452057783	0.11868110422215729
0.39795772542424074	0.11899473381935308
0.39375656386130709	0.11930631445645629
0.38964284954164907	0.11961595036690401
0.38561391814292079	0.11992368987205872
0.38166711440271234	0.12022956166434667
0.37779989084853005	0.12053365496001194
0.37400991911348158	0.12083605186006903
0.37029490294815132	0.12113680755354846
0.3666526854171927	0.12143603802400207
0.36308118326137584	0.12173369743400822
0.35957834821020673	0.12202970771382923
0.35614230514945278	0.12232382562966432
0.35277131970537412	0.12261504586775177
0.34946316374998515	0.12290163477387298
0.34621623552882747	0.12318078429603357
0.34302918825727885	0.12343626765583278
0.33969361708405538	0.1229466922892106
0.33621645026014857	0.12197053167432817
0.33251103345097865	0.12096725821041192
0.32919041062552273	0.12057577320454563
0.32567540624339208	0.11989319570915623
0.32235737804261383	0.11931330988679792
0.31883042298058156	0.11859403588512475
0.31537006848321031	0.1177555539485243
0.3121855274522593	0.11729336229962384
0.30869980969296612	0.11656981537734652
0.30545246423865624	0.11558294054359748
0.30215725965534102	0.11508881263546943
0.29898770908263461	0.11454549861326692
0.29588252828383166	0.11400311125344111
0.2925530511894357	0.11320229034533535
0.28981403487042279	0.11274522688950532
0.28695082924244253	0.11243967201001991
0.28400855824380078	0.11217735160577776
0.28121919311429455	0.11162447725604852
0.27853985388297636	0.11122237544280866
0.27588113501313138	0.11085391318324553
0.27329733940121731	0.11035656703407161
0.27078898050225303	0.10983877954305753
0.26846638005906059	0.10931785879879714
0.26612648970562208	0.10872010327147072
0.26389088156914331	0.10843808617859421
0.26153957009415019	0.10777387110992299
0.25904073084730633	0.10745012002833056
0.25802448363699454	0.10670427606323618
0.25572447293194212	0.10563687551083321
0.25302683873483606	0.10583446492081834
0.25141209578011831	0.10492068312831745
0.25010175836574239	0.10414124736710058
0.24747491920339701	0.10331029876154706
0.2452372963892821	0.1035458189935613
0.24323863288655803	0.10327225781104324
0.24167345480232133	0.10151664911918637
0.23961806964228691	0.10019576980920866
0.23750167827043003	0.10049043084796784
0.23530676629199337	0.1018913879125897
0.23366097167624894	0.099937159411524368
0.23156039068754	0.10103429502659164
0.22946225209996554	0.10035722907250176
0.2274510085073074	0.10028307974948808
0.2262234537488991	0.098150165889712496
0.22357493219215049	0.098536166360360125
0.22166444393902845	0.098096411711340328
0.21972662947972163	0.097608136073729423
0.21921562536048197	0.095511845912559221
0.21698763435071039	0.094196725473526727
0.21585726189104873	0.094442164837614542
0.21352455399795356	0.094395129136451414
0.21209329220753481	0.094005474366318287
0.21146083721851444	0.092285441135577947
0.20930866950372251	0.091344130426387379
0.2070821434035881	0.092108175956154406
0.20612723234115418	0.090389579940879844
0.20449091134032568	0.089990167190979922
0.20310748480528146	0.089407327386929705
0.20111515861252693	0.088837653450500251
0.2005108388230516	0.088710372525847014
0.19834524167800763	0.087478456848408936
0.19720878288775659	0.087145538193749081
0.19551603434347664	0.087372713133630001
0.19490928338468411	0.086275628373890884
0.19319421310119797	0.086482335890118917
0.19199892193509219	0.085656219989717702
0.19066742554508864	0.085185844175643094
0.18987140097701613	0.084031660677688233
0.18843116486365671	0.085135731342793855
0.18692784077643967	0.083543304661334264
0.18584811412875288	0.082914455193802125
0.18325934930155477	0.082409233845745292
0.1836157982328214	0.083013059653504903
0.18181708490564927	0.082267584743776601
0.18148425496026105	0.082163668566339026
0.17945921676766063	0.081170750645182824
0.17820991232708519	0.081443945467887774
0.1772672702963361	0.08004699486480249
0.17638615733994401	0.080013320471265761
0.17500789232724423	0.079022983188072229
0.17368072917473454	0.080168693831656826
0.17342044492765393	0.078754547122199883
0.17088023504391453	0.077376119247463029
0.17083679815846003	0.078012217309189003
0.16834989918992038	0.077725026466931732
0.16934916159586266	0.076923756308130142
0.094869276034856259	0.082316733881946713
0.16661927710446631	0.076000529419610621
0.16468553679583725	0.075508305256213132
0.16278253263308393	0.073985917632866813
0.16412852797461885	0.07530988652613263
0.16248521139536995	0.07475683990850801
0.16060504686384131	0.073815220314458779
0.15893172036858794	0.073845321028810362
0.15992138366149	0.073712537527892627
0.15828199477993327	0.074230063994177073
0.15692804612448305	0.073283842594721857
0.15564124284109768	0.072952752806725335
0.15555972401625096	0.071989392090302654
0.15455421514492679	0.072388537993874152
0.1530736569771006	0.072195819570804759
0.15295012535052252	0.071323006358150184
0.15163339383189761	0.070774772813234993
0.15163257927048338	0.070968861632388164
0.1504027266159704	0.069595515981073428
0.14930130950422357	0.070079325342966653
0.14908237642105496	0.069890600654577098
0.1472381477440278	0.069194766377763547
0.14474080209636411	0.069864091147791102
0.1453387191745964	0.068211144936579482
0.14523827076408272	0.068286094772235281
0.14479261583465028	0.068131089581168786
0.14418946700566346	0.067697819573084295
0.14227528924511404	0.06784740090478486
0.14182383773729113	0.067119743024476222
0.14078656844657733	0.065866628988660955
0.14055611170438795	0.06712883557967117
0.13950716854121514	0.066361628380583876
0.13857660890481116	0.065295549230368871
0.13866079325082159	0.064660857176954953
0.13778588363036681	0.064223870149805379
0.13692097787150934	0.06525072882703864
0.13607261411271662	0.064891314665159877
0.13546190898781488	0.064216534368546685
0.13445101248655289	0.063520224364068067
0.13372164752971544	0.064064079645481137
0.13333174759510685	0.063670853368809593
0.13274340616636687	0.063761991278753066
1.0000800935949428	0.10105834678833281
0.97252568719164645	0.10114035720217407
0.94660484439840598	0.10127445570278079
0.92216740565620148	0.10145411737625731
0.89908800220396934	0.10167328598885221
0.87725265915393735	0.10192701540985724
0.8565552858876414	0.10221125622480111
0.83689703909166335	0.1025221605071395
0.81818721694035157	0.10285634031861311
0.80034532371393763	0.10321060916976622
0.78330030193548428	0.10358186740562193
0.76699185056444885	0.10396713575723836
0.7513657669851036	0.10436339880877081
0.73637451780229746	0.10476820884682554
0.72197506555467683	0.10517960984985271
0.70812871718514814	0.10559571281021261
0.69480105025851358	0.10601517012276232
0.68196086479781715	0.10643656018806877
0.66958056432680357	0.1068587168993262
0.657634258982152	0.10728055214191652
0.64609894955499791	0.10770129451804944
0.63495315883356396	0.10812003899027604
0.62417735966105992	0.10853637421532945
0.61375312954614425	0.10894970341692732
0.6036635885609094	0.10935956874452343
0.59389332357092184	0.10976565166970152
0.58442709978327756	0.1101675260852213
0.57525182455489021	0.11056505997486783
0.56635443467877011	0.11095788802635334
0.55772302116275496	0.11134587023890823
0.54934659373806416	0.11172897689255995
0.54121421122299618	0.11210710546975895
0.53331551074205685	0.11248020878644538
0.52564075280913247	0.11284831759392813
0.51818074696482885	0.11321142155029863
0.51092673242789932	0.11356957838028313
0.50387042377712377	0.1139228937798195
0.4970038839611553	0.1142713920281052
0.49031957419780009	0.11461513224934861
0.48381043879488411	0.11495425840148818
0.47746966482530095	0.115288832647928
0.4712907985320306	0.11561893650424235
0.46526772152356533	0.11594465122058026
0.45939457445982484	0.11626610747195154
0.45366566193849983	0.11658348650753361
0.44807589337227421	0.11689694580597068
0.44262010645426392	0.11720655677257466
0.43729340749848677	0.11751230007224855
0.43209123377794084	0.117814389758482
0.42700914407313489	0.11811309355034869
0.42204321993286364	0.11840858651759645
0.41718977772740767	0.11870104880841964
0.4124452044293252	0.11899048691092748
0.40780572967300704	0.11927689550269201
0.40326801239501331	0.11956041067016326
0.39882874775347776	0.11984098684176515
0.39448470061906155	0.12011858707123593
0.39023280657758658	0.12039303389982083
0.38606989650144125	0.12066396569358172
0.38199317535584132	0.12093109080591515
0.37800123571961169	0.12119073705286602
0.37409053078455978	0.1214452547200517
0.37025796654349236	0.1216973528852328
0.3665014084878761	0.12194736248105455
0.36281876227500687	0.12219568394760938
0.35920797697718676	0.12244260736327452
0.35566702970307312	0.12268815234461448
0.35219387097709226	0.12293238351639479
0.34878647896463144	0.12317516201785433
0.34544290486518114	0.1234164239372052
0.34216132049472298	0.12365548266170875
0.33836673519345911	0.12288084815070395
0.3342495758504479	0.12187245718457229
0.33025402137505144	0.12109939440050894
0.3264030271750093	0.12050681727704399
0.32268493698677136	0.12002281811823778
0.31905877948152817	0.11958320822288279
0.31550400106466553	0.11914690241540322
0.31203666157541615	0.11872990834513188
0.30847748708247286	0.11828306055469345
0.30505122657356232	0.117896726961181
0.30155732068095098	0.11728814791502097
0.29827792821692278	0.11659731638590727
0.29517091944018237	0.11628177313487732
0.29186145627189719	0.11584689149703367
0.2886126979065558	0.11524565923557767
0.28563403013203792	0.11474602803340676
0.28260901301116015	0.11436321372415391
0.27965181142108403	0.11382447176207773
0.27667286813352621	0.11340879383049707
0.27405022435371551	0.11305406416685941
0.27101959779972734	0.11252364501376472
0.26839008559909278	0.11216013310929519
0.26576682625463199	0.11180983647385095
0.26357858926506444	0.11141459580337394
0.26062615507603937	0.11099165751684217
0.25844145885091718	0.11075661960693066
0.25597656497996824	0.1102137790485546
0.25335353172806363	0.10982953862928024
0.25091268504011693	0.10960273142304461
0.2485502583900418	0.10935263569557947
0.24631324523643405	0.10905598212580274
0.24412570071460266	0.10874286880682642
0.24190797534769501	0.10847781781591732
0.23992169428870344	0.10811906219317054
0.23795443451902126	0.10749440289169396
0.23606006268590357	0.10686213699172221
0.23374479229109094	0.10654906882020854
0.2321514414791874	0.1058229817051234
0.22989006971939835	0.10586119066233982
0.22778657392770651	0.10553293069920185
0.22631097595410882	0.10477585227816846
0.22460591093072441	0.10397927795815883
0.22249248190782747	0.10383728451382961
0.22103809324679452	0.10301172613990159
0.21918191400248299	0.10323987127965227
0.21779142270081428	0.10155346987248093
0.21613123804279394	0.10204650058367973
0.21422470637097826	0.10167126833717245
0.21225855650163897	0.10073590230564117
0.21138552854751472	0.099074395183402136
0.20971063240984439	0.1004806215271707
0.21342209268558315	0.093813801596408522
0.20644569918298056	0.096434780633837772
0.21028789474224721	0.092650426709138686
0.20304070141300265	0.096323779645821825
0.20560763411155822	0.088968614753633976
0.20417199799186819	0.090459801516034513
0.1998660932091639	0.091750827355173675
0.19711149270841502	0.093602016037423713
0.19732390296695734	0.089403624022793574
0.19641234603642599	0.087704602396358911
0.19739447629800286	0.087319680797206339
0.19558441429280429	0.085423505630706456
0.19071436616792811	0.089022336322622214
0.19016693093150008	0.086913265900196851
0.18832526425682705	0.086876725365985813
0.18718227939629326	0.088904476295139964
0.18748370602123032	0.084611079337278516
0.18426343391197836	0.085601791912795142
0.18471934434050394	0.083494670517970257
0.18233220415607707	0.084678936132611668
0.18019847517782034	0.086180682701744463
0.1790996798378523	0.086424972280864973
0.17979310059538919	0.082870678357724922
0.17728889796850059	0.083546112267909381
0.17626457442864438	0.083406780466749569
0.17432300898658123	0.082321505781826079
0.17431699030428469	0.081709969737308485
0.17388095134072909	0.079853651636962453
0.1715313848209005	0.080963457310072276
0.17197680551348501	0.079469379459609357
0.16925019883899384	0.080408663200351352
0.16896162339626694	0.08025018591609788
0.16662599141310372	0.079935828924316513
0.16928946348975554	0.077453026623979404
0.16409188080802703	0.079260661567806229
0.16479836746531806	0.077837994534293881
0.16364991743147958	0.077997311340286396
0.16165248429510995	0.077801282500045837
0.16141626182911323	0.077174809727789839
0.15963314630465011	0.077483501964322202
0.16100714229651067	0.074706030066828646
0.15751487129925618	0.077300323797019593
0.15666322230507504	0.075253649529602992
0.15673980109932495	0.075706477262033223
0.15511603275432465	0.07653702751706036
0.15486685007941933	0.074501916881132321
0.15441958922678661	0.074118790106863064
0.15372322680502326	0.0740158942322625
0.15128981657228019	0.07340349107591794
0.1509074870485845	0.07400869432850013
0.14936450021723874	0.073612379454158008
0.15012061316610326	0.073268929328788535
0.14890962406625902	0.072051576079972104
0.14860323167623471	0.071460194938896007
0.14727814945073106	0.072346469727049098
0.14722437664580668	0.070944748870990101
0.14586898741369442	0.070968656777031583
0.14494081775518547	0.070648634271395033
0.14311454364533693	0.070594175957059607
0.14325700812659864	0.07020875745006247
0.14132367717666627	0.071375700728956923
0.14098137829212742	0.069483935829599969
0.14233164228905384	0.069642338245577959
0.14077113144253095	0.069533954574450552
0.1400347184179376	0.06803244629069935
0.13999104232612239	0.067827382062376082
0.13734327793368145	0.067765869982597121
0.13672773553000139	0.068515537246960467
0.13557236189754482	0.067371466227900495
0.13585428772818078	0.067853306386778445
0.13411810001775457	0.067334250849081262
0.13396844613250691	0.066066755177735415
0.13364235060468491	0.065835998656991149
0.13219466030412089	0.066528754922804856
0.13341973126505038	0.066553871526635305
0.13127980382732735	0.066583678178657305
0.13246979536179856	0.065113952429226379
0.1291724747404151	0.065683160498868409
0.12956967135444919	0.065346856709261755
1.00029203707189	0.10172213010873392
0.97378147803474091	0.10191079899515683
0.94881624098170414	0.10215405074024966
0.92525112266841736	0.10244512746181057
0.9029589142643033	0.10277833353195384
0.88182556841896442	0.10314857324364189
0.86174836942289634	0.10355118012208188
0.84263617075979724	0.103981534306546
0.82440733803452482	0.10443566092053123
0.80699379197083021	0.10490924879261386
0.790334666262551	0.10539878027539903
0.77437795114330488	0.10590126603161183
0.7590757248939628	0.10641402291265986
0.74438454659462749	0.10693495633144991
0.73026520796396199	0.10746215809555561
0.71668264059350439	0.10799389353141653
0.70360396807827141	0.10852876271464357
0.6909993946204056	0.10906556418750987
0.67884229487074321	0.10960305978911777
0.66710788641079444	0.11014032382827998
0.65577302422431161	0.11067656688660221
0.6448167896957302	0.11121107734227967
0.63422034979430897	0.1117432991687294
0.62396579892143089	0.11227260780497492
0.61403607743103927	0.11279867750442368
0.60441575494346766	0.11332099502615237
0.59509082938201896	0.11383942148076394
0.58604755933437558	0.11435362023581937
0.57727332078081206	0.11486346613928659
0.56875632048233316	0.11536882059052481
0.56048568127371712	0.11586952228465337
0.55245112956710019	0.11636536929897297
0.54464273315401346	0.11685630487798283
0.53705138946663999	0.11734238847042033
0.52966801222932203	0.1178235131163078
0.52248436944778132	0.11829977243867795
0.51549247194702041	0.11877123919303589
0.50868499578785864	0.11923789546893998
0.50205482849060423	0.11969979709846512
0.49559524978702757	0.12015703442463695
0.48929977923222623	0.12060967355251614
0.48316223799504332	0.12105777177057755
0.47717682511235854	0.12150146722274739
0.47133802127209007	0.12194085256349195
0.46564055442816155	0.12237602305346292
0.46007939868574987	0.12280708711235494
0.45464984382375756	0.12323417907818418
0.44934728550204966	0.12365741691222018
0.44416732900138517	0.1240769174375846
0.43910579722945031	0.12449278637173636
0.43415865082122179	0.12490513154404734
0.42932206730723599	0.12531406118565597
0.42459236789611016	0.12571966675259069
0.41996604331681064	0.12612204914718159
0.41543974934957167	0.12652125246040224
0.41101032297767676	0.12691728232051927
0.40667477168410177	0.12731002043520112
0.40243024634538005	0.12769929539139416
0.39827414429291064	0.12808473966181697
0.39420484241314752	0.12846401200769736
0.39022047648907049	0.1288356974117203
0.38631657324768687	0.12920432144943
0.38249050810795315	0.12957029837137332
0.37873987914345525	0.12993348240839039
0.37506248838063594	0.13029373338143957
0.37145591479172435	0.13064859255988234
0.36791823716387567	0.13099886029152852
0.36444843851197084	0.13134056135015687
0.36104407138702593	0.13167567105263214
0.35712512695324899	0.13034131998003753
0.35276828051015102	0.12859145969348226
0.34884078300071464	0.12779068932873844
0.34499252507094974	0.12711618453076268
0.34121647852680942	0.12653091826328944
0.33754566119241791	0.12602640548939903
0.3339557593150016	0.12558010981884393
0.33042522410322867	0.12509732370340573
0.32687255015390554	0.12461387072426078
0.32336354391229838	0.12414853246608741
0.31988199599521033	0.1235423727599791
0.31648515102462116	0.12315721824132625
0.31304088734493313	0.12256330705129823
0.3096229270311634	0.12206129518836542
0.30637624544845665	0.1216750704330406
0.30297891629707413	0.12100835670370415
0.2996114433416317	0.12048828111551446
0.29652313910991174	0.12004419622190968
0.29337617522747295	0.11963958450439786
0.2901580413488789	0.11901900554094069
0.28710718046844996	0.11816321748389487
0.28408909869276522	0.11768954707077789
0.28079432488946826	0.11741221619712972
0.27787449717158463	0.11697847081465346
0.27513513277399865	0.11648744938846133
0.27240130976385568	0.11566167510894117
0.26981161402279136	0.11513753847913932
0.26697694991629728	0.11512083383055535
0.26552657584094952	0.11313720587748277
0.26248022550355088	0.11378485935784696
0.26090544010704536	0.11071316475936029
0.25849170921848785	0.11038345257817593
0.25571958376304316	0.11011965397367293
0.25383889781425178	0.1090583256342101
0.25146453324472556	0.10794126358879973
0.24932756389330754	0.10718220204186815
0.24728723888537302	0.10690907285431657
0.24536818288180592	0.10600760325531478
0.24301673632204598	0.10569683167015943
0.24801962725177185	0.10611087242611725
0.2389819578962126	0.10524997050241637
0.23722636657330098	0.10445396158278698
0.23991158983023997	0.10431272089390567
0.2333877509208615	0.10321219784348433
0.23867656799143375	0.10390559716281896
0.23734788870726556	0.10487704716339578
0.23042860037135687	0.10204336547410199
0.2334384023800084	0.1026941355741169
0.23110781682828055	0.1012583192197852
0.22749354700272004	0.10287202921746848
0.22323715325396867	0.10108963486989701
0.22575307010335141	0.10035903549723107
0.22360088811070472	0.098921106894056407
0.2187546230860645	0.097761558313111452
0.2204259798982191	0.098713121140343155
0.21266197167065168	0.10409263223275711
0.21251463163542741	0.097083116320520996
0.21066748757653761	0.099598006713964182
0.20889888900113113	0.095716944716234403
0.20530707485434749	0.10282561936857976
0.20790967030423785	0.09396218327330752
0.2069804708175953	0.093772125943560158
0.2051121302505374	0.092927727362420109
0.20294120301526655	0.093266517159788509
0.19963523709818229	0.097276238800818329
0.20108399634766025	0.092269129168655151
0.19638676609979752	0.093066449038123319
0.1972727410012774	0.09078972068820268
0.19728428563518469	0.090875748808962625
0.19646063595939633	0.089007368046893312
0.19222864156427971	0.089669394614446382
0.19319299390368116	0.088550228658555663
0.19005503741347859	0.08870854116307679
0.18944206239621472	0.088210505402789241
0.19012553168434623	0.087142424274946242
0.18653125413124472	0.087221117398592354
0.18508351366061268	0.085473922818939715
0.18269640206134499	0.086347967472957796
0.18388382223915767	0.085830934620328564
0.18272635594205189	0.084624628328850593
0.18174106093885709	0.085809314134375772
0.18026034686954429	0.084404597613591453
0.17710914914294443	0.084337436296158419
0.17664005263450414	0.084637810971991939
0.17755782271747347	0.083132341897739465
0.17549192410208683	0.081903047755748151
0.17333611972281335	0.082646706449938268
0.17247453293969237	0.081836872529421872
0.17262237877319273	0.081458468628890668
0.17179718305493868	0.082538995405453161
0.16898892220491896	0.080816750004362267
0.16750080497147365	0.08087092811696181
0.16780382686933501	0.080564573936070902
0.16778779744149136	0.079175536198416829
0.1668122180108208	0.078816524021547138
0.1657273945698117	0.078481041935163934
0.1631168979895965	0.078060155954432872
0.16021821342240122	0.079933740789136468
0.16223848391507559	0.078420578531420912
0.16066288444982021	0.078313420006577691
0.16040217827988518	0.076939364731546986
0.15708633865942931	0.077729170483357368
0.15745048909212245	0.076926461755338321
0.15598717111285937	0.0753743642856287
0.15718534287038011	0.075240386625198274
0.15533684993280153	0.074472787696576795
0.15366116564841825	0.074518919648255078
0.1527949710044508	0.075142290998579969
0.15231092491751241	0.075530044152510536
0.15125474545565659	0.074475884107693097
0.15103468398811454	0.073861274704929314
0.14940613632790847	0.074340863339851113
0.14816490945293842	0.072802129809971847
0.14890164198482456	0.073104180468579541
0.14636480836334118	0.072297609641262667
0.14877398354138807	0.071874894257350427
0.14547477603054867	0.07214066413899449
0.14492692393105891	0.073475297801491035
0.14344854723034939	0.070784778293975878
0.14441391485453975	0.071235777215087531
0.1426862317767289	0.07039169077782885
0.14282700771612727	0.069917463218172174
0.13977700661032322	0.070012107004392421
0.14088127595953909	0.070401334329021334
0.1405660727163231	0.069094967811814123
0.13866971968562242	0.070253578569936678
0.13750910765810972	0.068781499668003079
0.13777768383170644	0.068913506587504669
0.1363691891451341	0.067166016133344345
0.1361968516143385	0.068085740057408875
0.13764025870281085	0.06860414141430804
0.13515694892654792	0.067178374069144495
0.99431780660781266	0.098991387668538863
0.96802911085367693	0.099030258019085965
0.94332549675188448	0.099126506927581182
0.92003679799195881	0.099273887229455862
0.89802183283565185	0.09946694042602526
0.87715910385239559	0.099700770883862422
0.85734193360410993	0.099970617968999823
0.83847695495207109	0.10027203054279414
0.8204810533971586	0.10060081090577641
0.80328159641263785	0.10095310798305945
0.78681534783484897	0.10132533457741257
0.77102820363499069	0.10171422761548102
0.75587193738266467	0.10211673162409508
0.74130488314357856	0.10253008872586789
0.72728950386862412	0.10295208262188105
0.71379308429090316	0.10338062065764368
0.70078497257954941	0.10381379355889743
0.68823739260171279	0.10425000115076184
0.67612500457883251	0.1046880322062592
0.66442537989188277	0.10512671894684943
0.65311731066143197	0.1055650052315423
0.64218151884658536	0.10600223141402035
0.63159972016651	0.10643762509500708
0.62135468356063239	0.10687056787823811
0.61143117332647667	0.10730042017774169
0.60181432921746247	0.1077267994583289
0.5924901994150612	0.10814926944857105
0.58344620769936384	0.10856768997479635
0.57466999901221116	0.10898172355685713
0.56615023013494026	0.10939120875889646
0.55787618272919093	0.10979604209889991
0.54983765597073331	0.1101961802903712
0.5420248398524643	0.11059156318554816
0.53442845741354217	0.11098211482633943
0.52703982271086514	0.11136778108862855
0.51985073795719361	0.11174861199248072
0.5128532340861448	0.11212464533320363
0.50603978007257011	0.11249588984830169
0.4994033275292511	0.11286242149379286
0.49293704835906066	0.11322427570739298
0.4866345780447342	0.11358153793249953
0.48048979749930426	0.11393428907915062
0.47449687386935113	0.11428262572787654
0.46865025367691659	0.11462661020346142
0.46294467334028777	0.11496633991830715
0.45737505247170696	0.11530187352704545
0.45193660272572833	0.11563329000875747
0.44662476506932364	0.11596071522965755
0.44143516618028805	0.11628424856933124
0.43636363827849595	0.11660398044213886
0.43140619371233957	0.11692000284201319
0.42655900533639751	0.11723239381619772
0.42181842315077084	0.11754123213773524
0.41718096066856936	0.11784661250514009
0.41264327978736071	0.11814861311034212
0.40820226872327603	0.11844721175620614
0.40385497191514264	0.11874219571517763
0.39959878420888517	0.11903288510712629
0.39543102372315836	0.11931903112902165
0.39135200411539223	0.11959361338038652
0.38735656065432472	0.11986295731249456
0.38344139762741908	0.12012904658988055
0.37960402127809334	0.12039217201386067
0.37584202601227162	0.12065251592137644
0.37215308795234242	0.12091016930196688
0.36853506466079272	0.12116492034754332
0.36498594786350136	0.12141636363091295
0.36150412493837281	0.12166010008430668
0.3580874795677032	0.12189862024363123
0.3547339578853988	0.12213462297054394
0.35144177319573361	0.12236824303166403
0.34820918624397085	0.12259953983171809
0.3450345129544114	0.12282834168163968
0.34191623042434027	0.12305395153732042
0.33885300890644554	0.12327411244111014
0.33584395823528584	0.12348204954112735
0.33288922923106812	0.12364552138328802
0.32995414709115606	0.12332225659187165
0.32680395750946428	0.1218596920451306
0.32358448344532126	0.12057501505399287
0.32038233373396541	0.11911793914055155
0.31756771776055404	0.1191009593550031
0.31429951985729393	0.11853677226376268
0.31139165796374774	0.11709253694917356
0.30813493059649	0.11885295524118196
0.3053729667436712	0.11774655190226756
0.30233391631744511	0.1166000755695813
0.29919035095816249	0.11572570217539312
0.29594260687481383	0.1149166285053827
0.29274393116150371	0.11402282039005568
0.28975561552906953	0.11378044863580676
0.2863973770360409	0.11276658313148288
0.28346586265558499	0.11212364290179556
0.28021511292494949	0.11135927928976734
0.27742719397035898	0.11046856417269477
0.27498138734650684	0.11036698862570712
0.27255232725650386	0.10946615667422761
0.27094318350251062	0.10836454343143545
0.26795793844908816	0.10847304219886784
0.2650096924839187	0.10692549276495342
0.26351947199112064	0.10748462237070015
0.26027522665426794	0.10522773731216965
0.25757776208705141	0.10415610066988391
0.2568482661295412	0.10475445585767702
0.25401359609458746	0.10253067873749561
0.25180433292427895	0.10203215283839269
0.24884516317216374	0.1013571039033354
0.24739831370189883	0.10026612792980524
0.24492799324929865	0.099978712223735278
0.24275278169644324	0.098919604879943918
0.24093177144469968	0.098675092062047998
0.2381843194079914	0.097988585073273612
0.23721657466383458	0.097590896967771318
0.23446805627452885	0.096465845915657406
0.23307255525832929	0.096344429515796318
0.23200800484211401	0.096470848587866823
0.23054363302782072	0.09555454707314813
0.22785385268249109	0.094807004912328852
0.2261076084681993	0.094578270896357758
0.22510966391946852	0.094676391287329867
0.22202338392593529	0.092536721107400022
0.22017160934640601	0.09294527415813679
0.21916144418306777	0.093853059595166835
0.21783413924960973	0.091677078192695674
0.21579837154285236	0.090669229064437681
0.14573079336431097	0.096360115254806575
0.21250510949061618	0.089887150470726346
0.21063951610155665	0.089882174486902555
0.20951725152959244	0.088885019794069833
0.2074272685150578	0.0881441067667251
0.20555956668452352	0.088796917494572469
0.20328498863058525	0.087984450385928961
0.20275077356540444	0.086444862898372221
0.20082489546352075	0.085789444607992038
0.19882914185907141	0.085590092237288126
0.19895616798020901	0.085783578255808984
0.19727862467397869	0.08480749378790059
0.19602054247784617	0.084011291376746441
0.19404116302603769	0.084234773367352592
0.19292657498744076	0.083722381357624345
0.19183066818000749	0.082816604004413
0.19054023731662317	0.082693618143516306
0.18861464261583508	0.082398302669011575
0.18866507309277017	0.08210138658926952
0.18655292310942917	0.081199145719192234
0.18440859764645645	0.080883354365301849
0.18458640425555581	0.081185217102156829
0.181767765602772	0.080598589205782945
0.18109458130840597	0.08020381132918325
0.18046750621350557	0.078390953494058613
0.17963805585607304	0.079641831857555523
0.17674844457662142	0.077578532087451135
0.17646156659129503	0.078500106268129449
0.17504351574314547	0.078411017049349871
0.17331888971244286	0.077152317660906619
0.17351414813621888	0.077154944437958756
0.17186462897502156	0.076238280999642222
0.17167995579360917	0.076349498494819756
0.16886544041853699	0.075699470641691483
0.1684289114120178	0.075040263078985828
0.16746267694584768	0.076361538515506547
0.16680894660954773	0.075801892580310171
0.16492877017322069	0.073862125895091155
0.16496463626174887	0.073177155101871338
0.16290013564017658	0.074615021855477429
0.16202841266241289	0.074447872635364398
0.16099998227761125	0.07317131132133646
0.15999017102104046	0.07366693453556615
0.15966144103614699	0.073257086346938241
0.15913606402462147	0.072526778144053422
0.15728932188223588	0.071870608561340643
0.15592968872957857	0.071845730579609371
0.15588414248897384	0.072336298394790916
0.15388377893099545	0.069848359697535695
0.1542473572672626	0.070419770398406176
0.15283660156128923	0.069829878132885617
0.15112138361120342	0.070389333892953945
0.15110756725464911	0.069872617453693081
0.15109133068359792	0.069505769459102612
0.14928774417852861	0.069661253318071117
0.14960371687567353	0.069738948137606616
0.14816186493145739	0.068692718330094799
0.14731885627266048	0.067599013201532249
0.14582952561943649	0.067711671984829636
0.14499144143088399	0.06747898035746297
0.14361526266648061	0.067899552550844927
0.14376440590608672	0.06638972958244603
0.14298644093790466	0.065971931091089064
0.14242339084127592	0.066312216910191249
0.14036331796758528	0.066307537367400859
0.14027083135529875	0.065818610271638892
0.13931659490553527	0.06508601062995599
0.13942548913175351	0.065672652567731249
0.13881830240701581	0.064852059927564834
0.13856813155485795	0.064802022209936264
0.1369381044514405	0.064914263559829752
0.13541959018808858	0.064598871254552159
0.13600547307620678	0.063073708168929876
0.13425926297362162	0.064206905780873708
0.13477378725345801	0.064242445049843971
0.13205238309224687	0.063775005140534996
0.99567545239390887	0.10214112183659886
0.9684642446370324	0.10210699089859615
0.94290404667194727	0.10213216732979462
0.91883068613035423	0.10220944452090482
0.8961088425746393	0.10233257468991941
0.87461581881804995	0.10249635984448351
0.85423929171121038	0.10269595076157371
0.8348782152604618	0.10292713491696188
0.81644242513208654	0.10318593222683567
0.79885262678380031	0.10346854161909887
0.78204010353835951	0.10377147163135372
0.76594498426689117	0.10409166120075231
0.75051451348892984	0.104426297007264
0.73570237674904637	0.10477273996404492
0.72146806501557736	0.10512894536549643
0.70777453192042106	0.10549276578761886
0.69458864292051836	0.10586254623234927
0.68188040044057241	0.1062367295290388
0.66962240752302049	0.10661409227115019
0.65779004270307473	0.10699340697676959
0.64636122192764534	0.10737360701643868
0.63531522788611616	0.1077536679969828
0.62463265697735593	0.10813276421257711
0.61429638523723962	0.10851032087121076
0.60429035490208749	0.108885754764195
0.59459921604737542	0.10925857178440625
0.58520861395270796	0.10962835598854803
0.57610531750325322	0.10999486765106745
0.56727656995552667	0.11035784551980117
0.55871059497443798	0.11071699296228378
0.55039624428663247	0.11107216871192449
0.54232290725901766	0.11142329766517313
0.53448050148292081	0.11177031288190675
0.52685958322705462	0.11211318814471333
0.51945097274857732	0.11245192710875999
0.51224611380103013	0.11278654487877643
0.50523691937321835	0.11311708552963898
0.49841561865231371	0.11344358324212922
0.49177471583744953	0.11376604965435641
0.48530734390617408	0.11408460000761576
0.47900685333368992	0.11439930648385739
0.47286687430749524	0.11471020973059025
0.46688141776322722	0.1150173854797916
0.46104476594644361	0.1153209316032817
0.45535148272044285	0.11562094112881453
0.44979635514820526	0.11591747588376639
0.44437447164462457	0.11621065535629774
0.43908110367479264	0.11650055262550911
0.43391174026224882	0.11678725965356333
0.42886211227571969	0.11707088523175425
0.4239281289167921	0.11735152082035938
0.4191059006468546	0.11762927455368417
0.41439167527305421	0.11790423487733029
0.40978185631112973	0.11817648562334909
0.40527302987288399	0.11844612110108282
0.40086193757246952	0.11871321274171305
0.39654545322583756	0.11897779296578324
0.39232062129189182	0.11923984543130044
0.38818458410536039	0.1194992394095144
0.38413462377876761	0.11975582043684398
0.38016812944689593	0.12000952894455498
0.37628260916736195	0.12026027554103713
0.37247565237163066	0.12050791275785487
0.36874552348134093	0.1207485290377911
0.36508969988462719	0.12098406956050456
0.36150562866078134	0.12121712655914037
0.35799249760999735	0.12144296342472959
0.35454710591262539	0.12166639849661291
0.35116734896234086	0.12188828059270046
0.34785132454711171	0.12210874397905121
0.34459724888291282	0.12232793205137951
0.34140335353423873	0.12254593238798001
0.33826791130680883	0.12276261941262963
0.33518907451696861	0.12297714325752432
0.33216489074145744	0.12318809892962579
0.3291920692879961	0.12338989657777615
0.32626917056418858	0.12357092632598853
0.32336109618476294	0.12323274819773099
0.32038406963157401	0.12279449935523659
0.31738257604270737	0.12233795589197224
0.3144194951093302	0.12199231010777109
0.31151212320971605	0.12172721312530521
0.30868437461101361	0.12156584829622032
0.30592726889414623	0.1212045219166626
0.3031381365799628	0.12073482923981785
0.30037281619821543	0.12033766882281002
0.29670921726740196	0.11868460909233032
0.29332980127218844	0.1176744224468433
0.28994968509109209	0.11675496302970589
0.28711416685595048	0.11605776007789151
0.28415416852658631	0.11520523689624837
0.28123435258852725	0.11441024195435391
0.27846395076508756	0.11381902091461575
0.27571918602745871	0.11330182840007659
0.27321690478424182	0.11298263042165027
0.26012555443125929	0.11359614599132907
0.2560046476152244	0.11305075767497566
0.2519851568525075	0.11254696798292334
0.24781515031665635	0.11204259712739451
0.24354766929809205	0.1115322411391126
0.25867513856595309	0.110070169631641
0.23568622015198165	0.11061555721375971
0.25440041269999586	0.10924063665892973
0.25214401527345204	0.10871565994748919
0.22396840367188672	0.10925560301012716
0.22033473171905046	0.10882859626222546
0.2164497422921316	0.10837792265798572
0.21267651030063553	0.107913862372578
0.20881956222430376	0.10744203594841667
0.20502915570693533	0.10697646450406689
0.20127387981242767	0.10649545610062323
0.19767496819079799	0.10605445979673346
0.19387885899318472	0.10556364362602502
0.19025907410357382	0.10505558436350833
0.22994995476668023	0.10246785302792982
0.22805482116516596	0.10217803972762202
0.22591187771637214	0.10177099715101652
0.22427552458336894	0.10037298260111614
0.22257747760813987	0.099854518859169461
0.22071702969703841	0.0999758589552633
0.21886738544989687	0.099450660088171577
0.21685520924357024	0.099284202069180372
0.21519656224550496	0.098708005058034815
0.21360435980936235	0.098033226948523178
0.15483628750507586	0.099357250110839762
0.2109565517226904	0.096628367639965101
0.20945847102787041	0.095795875292991634
0.20782082588112097	0.095661623863521478
0.20625723899984991	0.095801442896045169
0.20469393929705676	0.094523367200777503
0.20407073752476781	0.093242342920894505
0.20309608359296094	0.093756940527792557
0.20019172408137439	0.094054257472246189
0.19896821600829112	0.092478473728918958
0.19700077519961853	0.091955010979574078
0.19520072334338789	0.090901357539096617
0.19442003693754387	0.089934779793314545
0.19280106819239609	0.090305254985789687
0.12118600106227739	0.091495730797663294
0.19020765423536171	0.088833683112636036
0.18982082689744975	0.089081531894925098
0.18896395581137621	0.088521247783127366
0.18654673544967071	0.08782580151801056
0.18633550068010668	0.086712015629257469
0.11145927565429267	0.088969696237758147
0.18278589856494035	0.086359171616208458
0.18307849509972318	0.086281807523612586
0.10663115834475127	0.087605178924449786
0.17879180245608917	0.084524509203761797
0.10401496457526685	0.086856607936597677
0.17749108370951464	0.083367509557510586
0.17656705464303538	0.083607407544602719
0.17575658256071863	0.083311681922379505
0.17426731051679031	0.082338578751055463
0.17267793681175939	0.081706064244644189
0.096409771960419111	0.08455613582552593
0.17106592769133566	0.08150984994361217
0.16885728745333797	0.081094132309364755
0.092953013922353472	0.083460992809936407
0.16718135886139962	0.08085176286347534
0.16655053146097462	0.079714043083692343
0.16532972381942629	0.080027755704904571
0.089010906344950055	0.082185538930074298
0.088063727518598173	0.08185587244322709
0.16249815403688103	0.078621610656253976
0.16283823122180252	0.077973733708653417
0.16102912093733032	0.07711578606891345
0.084493409243890288	0.080631086747603151
0.083758040957994717	0.080370816711536841
0.15727680010118542	0.075993352385878801
0.15752779493541982	0.076946318179324236
0.15544289675509607	0.076170728009843799
0.15481668669556511	0.075825841802301452
0.154659080721255	0.074641994520965635
0.15377663032894137	0.075041409663121783
0.15318107950062171	0.074687220271871427
0.15175117410179945	0.074089038784303923
0.15123433082722607	0.074550089716073673
0.15136486145128958	0.073211683889456911
0.15008767027264183	0.073439092781651102
0.15010038785342972	0.073405101304754888
0.14848482497202115	0.071957125946947753
0.14552093951992884	0.073765041363958145
0.14520009021812871	0.072295160363756009
0.14442588648724239	0.071569469614345432
0.14342695683071097	0.071183552092187602
0.14381220631647512	0.071036584120342638
0.14153796182844927	0.07101765598316076
0.1412754562949948	0.070311119705732547
0.14102169219709709	0.070137148501451432
0.14142520313219151	0.070521917828479927
0.13948420644252782	0.069167122933644617
0.13854648305594622	0.068822294432121178
0.13887959013607104	0.069149647900981062
0.13784839662851758	0.068197113271148205
0.13630278770377591	0.067867675333436309
0.13585988650167519	0.06834150214551836
0.13667317698962511	0.068472632165225505
0.13519610609862326	0.068451362687025064
0.13424545570611221	0.067871806782176164
0.13451178292071103	0.06675280262209897
0.99363581765117326	0.10213552902104618
0.96571264592009454	0.10201096652787729
0.93939280920313983	0.10194744398532789
0.91457029435388792	0.10193692327596426
0.89113999378440945	0.10197256482599762
0.86899543609547536	0.10204877003306587
0.84803369641864135	0.10216083876649545
0.8281562229972449	0.10230465968052832
0.80927210657003423	0.10247649001299372
0.79129701455390233	0.10267300143569082
0.77415489698659123	0.10289107043014868
0.75777832584534299	0.10312812752994728
0.74210804518172568	0.10338154689449934
0.72709166387146507	0.10364899942892652
0.71268291834316844	0.10392838149140725
0.69884102202471221	0.10421782195791897
0.68553019534521242	0.10451539895137422
0.67271760830581051	0.10481962775051412
0.66037373980818559	0.10512904180938058
0.64847184644933509	0.10544235735374904
0.63698871672671775	0.10575856213328703
0.62590147451187106	0.10607664336361904
0.61519019808545905	0.10639576148897614
0.60483543151275332	0.10671510413050145
0.59481985907712243	0.10703396589208153
0.58512749739316616	0.10735195045540893
0.57574318012975312	0.10766865653722796
0.56665255467192677	0.10798372503558808
0.55784186653477297	0.10829677116564548
0.54929865333147976	0.10860756635314479
0.54101102691991221	0.10891594415324837
0.53296759403928218	0.10922169724355117
0.52515797053347391	0.10952477388579006
0.51757196730992194	0.10982499649336373
0.51020012246147961	0.1101222747999528
0.50303361922810752	0.11041650283706415
0.49606408053340884	0.11070768958990032
0.48928374690933152	0.11099577942468727
0.48268491302151018	0.11128070244104707
0.47626037391101583	0.11156245010055803
0.47000345071213789	0.11184108684189678
0.46390782913563999	0.1121166247752217
0.45796758625786255	0.11238901670584975
0.45217669738616845	0.11265830101856099
0.44652957289407219	0.11292452030754042
0.44102100084908186	0.11318771248539326
0.43564605680063245	0.11344793144178214
0.43039981731213378	0.11370516826551143
0.42527773690408832	0.1139594074834028
0.42027546694492435	0.11421074348254248
0.41538903681263284	0.11445929438360612
0.41061428525721039	0.11470504893511391
0.40594740067411644	0.11494803725778317
0.40138453045589051	0.11518828662891957
0.39692242316046	0.11542594177710491
0.39255775422054545	0.11566106732288894
0.38828748775481287	0.11589374379139984
0.38410849909348815	0.11612404087958333
0.38001783384338156	0.11635198104446065
0.3760127961005586	0.11657770026693731
0.37209074342449899	0.11680124160779075
0.36824922210350131	0.1170225797152431
0.36448561740381435	0.11724170530655696
0.3607976664258099	0.11745838671830729
0.35718306843925113	0.11767245671277073
0.35363961496718899	0.11788366102618458
0.35016545435853869	0.11808922584907403
0.34675858267950432	0.118289205047358
0.34341669710506878	0.11848667354533482
0.34013782756440103	0.11868181660146271
0.33692025393764646	0.11887474743738832
0.33376224124362536	0.11906533388955504
0.33066212597033418	0.11925326616418588
0.32761820921881007	0.11943762212595402
0.32462783184158706	0.11960862538524875
0.32079177687371008	0.11649153590193718
0.31740718750282088	0.11562634552704823
0.31415159277367877	0.11488728329550071
0.31056469356949595	0.11386613603020408
0.30707886069242624	0.11288413289731913
0.30376227664068201	0.11195738718343326
0.3003821175787223	0.11101799543400791
0.29706025908557082	0.11013996995759939
0.29383848698416498	0.10932921357182494
0.29073054991880315	0.10863147894995934
0.28773448747588276	0.10804195446261297
0.28477975518166504	0.10746826354934648
0.281914272959774	0.1069488766781953
0.27913129400077324	0.10648909228446599
0.27635075352551408	0.10600316237914036
0.27358421323953525	0.10553274488635848
0.27091992219572653	0.10509403656207841
0.2682272483007605	0.10466558558113563
0.26559445677934784	0.10424319442462304
0.26307806228099123	0.10386197597676948
0.26054468410590681	0.1034367438635921
0.2581964738025419	0.10310540518716173
0.2556027266706663	0.10246836984660807
0.25343005085909259	0.10238986972752992
0.25109418152982038	0.10183476000298998
0.24864804641348706	0.10139438177567543
0.24668746892556515	0.10115896299696568
0.24447699222158145	0.10095703064000038
0.24243272464495066	0.10056703345095894
0.24029472697558213	0.10016272684253716
0.23837561203312072	0.099985303736107922
0.23639245896764929	0.099832171309318665
0.23429770330262226	0.099722892111963182
0.23244902129428152	0.099553858813710261
0.23057007910947511	0.099316295090333059
0.22882608786933922	0.099369822446811376
0.22681571422353783	0.098917762992231081
0.2252720321862958	0.098853693898021108
0.22311176387324957	0.098711273511296826
0.22158016671163988	0.098487608918397668
0.21986097049998199	0.098134387227556616
0.21816826251022639	0.097922024139797684
0.21659895365259105	0.097634373635019311
0.21500421485154952	0.097496953813113574
0.21334523864335717	0.097261438141254181
0.21164174962510576	0.097453137802254938
0.21005474778333871	0.097183841018187098
0.20850196026160903	0.096334353641926329
0.20665705664389286	0.096471699980058945
0.20530448214076114	0.096526140578922448
0.20397977346595611	0.096262502604416836
0.20259470479803501	0.095778406431881097
0.20090831095374942	0.095233148461059305
0.19960836949956631	0.095453440929556363
0.19776607154956674	0.094636828322457789
0.19643988963948714	0.094490533816447328
0.19563283335235582	0.091098956063759562
0.19377102762486134	0.092963514918965581
0.19324700058905378	0.091167161030528604
0.19081774010495867	0.091492450351046195
0.18968499457698842	0.091927035285374478
0.18828546372959243	0.090230907228332741
0.18672183711661119	0.089585713024733227
0.18544025208405002	0.090426865599656597
0.18536232660009955	0.088772938766150777
0.18272665468918189	0.090107253466342865
0.18170485555973875	0.089375076870341644
0.18075796761364391	0.088388222190195695
0.18008938089165996	0.085778108148664864
0.17903089496246422	0.084888971939961685
0.17820101440914418	0.084276885061612711
0.17665434692312204	0.084493426193388815
0.17475134027112529	0.084478141514445951
0.17398737852258284	0.083341313260667335
0.17343820326089829	0.082612986198526125
0.1720636782749857	0.083184577775262614
0.17270000609833289	0.081341900949971555
0.17023159500269172	0.080680225619427573
0.16916935503706254	0.081648027653122179
0.16825468147128012	0.079566736610382285
0.16700863827829196	0.08016709267439863
0.1656763329356836	0.079983739559859018
0.16541703029984475	0.078760766963040019
0.16482294226840147	0.07926847120604516
0.16261776485314464	0.079694652481926379
0.16216813677893266	0.077670343226136154
0.16102342826088442	0.077488938074051092
0.1598303746575831	0.076913516702119059
0.15907082411918072	0.077262389590999098
0.15811893841158964	0.076172958213349601
0.15725578618081182	0.075079184546585992
0.15702765143053454	0.075971429101323928
0.15541678648562446	0.075267463698280898
0.15447074845188677	0.074720364085159169
0.15302356644084283	0.075164978814107733
0.15326099180521124	0.073559892793653728
0.15156114519457292	0.07359447441991325
0.15043029658132606	0.073028767286138413
0.15028348738514033	0.072324476431441381
0.14878095837950503	0.072843536698484021
0.14807748863251557	0.07281598487569417
0.14786047636051888	0.071555829262781173
0.14685894822703754	0.071153159608414077
0.14552929125014366	0.071434786337691694
0.14533108566768868	0.070975681688647346
0.14449463708754393	0.070346227063848688
0.14313849624325442	0.070724195623355843
0.143190617956581	0.070439456163670783
0.14149273823432554	0.069721333876799949
0.14130730731285995	0.06847034764763453
0.14016242041627003	0.069843071506008395
0.13977229273729136	0.068360650280254648
0.13862330935033237	0.068037254305228861
0.13804877651865366	0.068879703690265803
0.13745675977411151	0.068738750409813087
0.13657800716691795	0.068698559669766707
0.13562784215247395	0.06741916659948681
0.13638634811376826	0.068373066956937165
0.13510100948543016	0.066718942645781321
0.13453885560900836	0.066470046447155415
0.13365462616708651	0.065670433436381639
0.13263770239739331	0.065889898884694931
0.13216989975579765	0.066111414797791673
0.13084283272731387	0.065481539518207899
0.12984225086350404	0.064867601628715285
0.12971785910253786	0.065465795587235517
1.0025186308430971	0.1028347986611868
0.9754465494504283	0.1028881120376679
0.95000685215720859	0.10299891641906535
0.92605871356114244	0.10316021196537582
0.90347180155756679	0.10336627926504703
0.88212282245732532	0.103612246553479
0.86189628557642939	0.10389390984740052
0.8426862972471566	0.10420738172968079
0.82439818207276316	0.10454918633412205
0.80694982442197105	0.10491592117464496
0.79026948588748192	0.1053040104038835
0.77429526456749498	0.10571039264617031
0.75897356883617251	0.10613167198755517
0.74425809717230473	0.10656530147405163
0.73010726511231783	0.10700846862249229
0.7164834749342629	0.10745909688981975
0.70335568662175252	0.10791523781159003
0.6906951888681111	0.10837537741910774
0.67847577196760878	0.10883767082104577
0.66667324363775982	0.10930098341106105
0.65526733386717306	0.10976409993261473
0.64423888312905753	0.11022616587589464
0.63356878847044229	0.11068620747170364
0.62324022965528458	0.11114351349177611
0.61323748590080163	0.11159756813560651
0.6035456568753369	0.11204790125967028
0.59415114889794973	0.11249422904948528
0.58504076273861394	0.11293623315712092
0.57620205657702284	0.1133735993034439
0.5676232670052771	0.11380621369261922
0.5592934880346927	0.11423394193525066
0.55120208219795119	0.11465660570232666
0.54333918443719409	0.11507416355274704
0.53569545652640993	0.11548656634741428
0.52826205193493192	0.11589372599999707
0.52103056112226398	0.11629566550285568
0.51399294878778479	0.11669243154032291
0.50714170688567528	0.11708405895163101
0.50046961998877171	0.11747062446462064
0.49396984266654381	0.11785216501462863
0.48763578672474478	0.11822873729816845
0.48146124484602032	0.11860043267076387
0.47544027320048182	0.11896731686656609
0.46956729072143749	0.11932951769738782
0.46383689601657907	0.1196871646014277
0.45824395144707081	0.12004036248424055
0.45278357154979587	0.12038926513260149
0.4474512083727708	0.12073395322467491
0.44224242186068752	0.12107444372776172
0.43715288356761378	0.12141080208692316
0.43217859494863908	0.12174307442514094
0.42731565970019519	0.12207132614761873
0.42256035656960705	0.12239564834057132
0.41790909740228921	0.12271614561424421
0.41335858836296008	0.12303288711455636
0.40890542951742559	0.1233457144213304
0.40454637596142301	0.12365431572638196
0.40027863663244601	0.12395780655490352
0.39609938996341271	0.12425361027807348
0.39200605176853087	0.12453618723390403
0.3879959195809401	0.12481357415803727
0.38406652313080131	0.1250865585049887
0.38021423527536569	0.12534936443508204
0.37643779971014862	0.12560741496905087
0.37273527917724619	0.12586119837289464
0.36910446293284799	0.12611015584807928
0.3655416306715033	0.12634707378638332
0.36202056234615443	0.1263988190786593
0.35855994480023873	0.12623502982968474
0.3551370474951146	0.12597723665316829
0.35170478028733132	0.12575470802996994
0.34834376558902624	0.12539234964115181
0.3450856957361309	0.12527812970586852
0.34173085039795775	0.12491954997951557
0.33845081527973819	0.12467089545183563
0.33540085548763637	0.12443201133193187
0.33224195939208079	0.12417285810735389
0.32880644511325624	0.12338905517973932
0.32512649731421317	0.12145166095588841
0.32095826428940732	0.11932040642077747
0.316819205331625	0.11768361987054622
0.31336813910060707	0.11666967559003046
0.30982476371625139	0.11558188485087548
0.30641174195531867	0.11449446843771671
0.30315690872174111	0.11358530942323738
0.30001770801190991	0.11283721852579853
0.29696565661219204	0.11211755883154352
0.29399932666090872	0.11141013284674649
0.29094985638584819	0.11083683906971073
0.28938793539824198	0.11120922553329858
0.28768841343702251	0.11447588591130989
0.28461861880646372	0.11376080785937338
0.28210074796971762	0.11353812713245176
0.2792058678551616	0.11298793490297521
0.27681236746007809	0.11224635851025377
0.27422423594995377	0.11173116778174456
0.27170912238071632	0.11149775893276201
0.26918036371271969	0.11093352840388954
0.26702221115496311	0.11052116719863862
0.26469459412981589	0.10999383577245399
0.26203594420475851	0.10944441745516044
0.25967433550926489	0.10893747945843368
0.25740609824490446	0.10847788713670807
0.25548460196948597	0.10798742641202337
0.25185370442649768	0.10283385084436369
0.24971411919583353	0.10233532232277985
0.24766533929968854	0.10196629591807604
0.24559942600502185	0.10162865187331645
0.24348671072255476	0.10111708486505633
0.24144538148626965	0.10045529409044254
0.2395505816805292	0.10004532650293717
0.23766168829077	0.099631771558005566
0.23585510365331891	0.099486089290292512
0.23404477812596924	0.099115535956806722
0.23232064423739268	0.09875988782602918
0.23071835922670997	0.098420563988437848
0.22908775422324076	0.09830703710708065
0.2276376347059865	0.097156177971798735
0.22631377897078966	0.099666917625030133
0.22383514789344075	0.097162195370515916
0.22271320447601439	0.096803925890468864
0.22155464743484907	0.09860882162704622
0.21928205304390172	0.097791412552047832
0.21757513349766253	0.096651836901937113
0.21625839744151221	0.096903951604819544
0.21546669810862984	0.09394251487342796
0.21318816506146085	0.096186837446274945
0.2132747675036788	0.094342530745814626
0.21059699774315016	0.092189166518861429
0.20889688532077177	0.094048148777580803
0.20711718278288235	0.093575985773245454
0.20648155900515111	0.089950963536485906
0.20515369131393327	0.089420343441400846
0.20272781454452762	0.09255846209375472
0.20053512396020431	0.092194044966645419
0.20089858266227556	0.088355789264987758
0.19885452688473923	0.090645733612866278
0.1972960037366574	0.089902777567937242
0.1967792270317768	0.087367010121518318
0.19524089165039385	0.08676039178090604
0.19436945582217122	0.08725171195139815
0.19352267596278114	0.086632274979256324
0.19081973516919992	0.088413413933277535
0.19192038430714733	0.085290364738642793
0.18912497202205319	0.086293257242093815
0.18671340164838615	0.086662255835919216
0.18652996711108291	0.084314815823277003
0.18573801746418547	0.085333044529528196
0.18425819777364844	0.082824350076163566
0.18366854867947985	0.083279938431621001
0.18267989784485225	0.083047920041850076
0.18117366888886186	0.083745785873982001
0.18097347987136217	0.082127778224350717
0.17937950410182832	0.081411314404421703
0.17872071286322239	0.08439083545270587
0.17746878218229153	0.080824482188518385
0.17497506265020349	0.08203984910268583
0.17525265605068607	0.080977666251715055
0.17423079877642419	0.081117721600327819
0.17218906243865428	0.079231346896128124
0.17230781665324846	0.08039819532441847
0.17082696668668501	0.080530919841501236
0.16976862629653311	0.079281049948302582
0.16852494791612505	0.077661239686273434
0.16758395568823783	0.077824330361728714
0.16621159503468841	0.078019015400658032
0.16501127439597854	0.077115865599682601
0.16470399987964435	0.07694923917680993
0.16389431028320747	0.075903986606054241
0.16220402904391679	0.076011908373486162
0.16147459997738386	0.075377650022339884
0.1605401612508926	0.074148122491949617
0.16036637123109637	0.076269356471196009
0.15947192222454709	0.074760437932489071
0.15754904432593039	0.07324720357876742
0.15767448735904069	0.073825283464593383
0.15600612182924062	0.073270258842547203
0.15521871984690216	0.073959466969191937
0.15425796501626826	0.073058670414251278
0.15452315634957486	0.072979382265332404
0.15288602961071476	0.072875672026879529
0.1526519309660449	0.073187008300311052
0.15136594463813047	0.072916389657459738
0.15097171180211125	0.072736485754170604
0.14911828129419541	0.070274538416259524
0.14823656691401896	0.070697984208260289
0.14766099031012908	0.070715518365346591
0.14720612370395131	0.070977742593839099
0.14621696722207603	0.069750527945252258
0.14565240710752794	0.070268176609990712
0.14438574936946816	0.068750623224980739
0.1448627350406764	0.070110355818020317
0.14362254779229089	0.069555578924619388
0.1424362396725439	0.068853335315915018
0.14183732029311322	0.06928683609968353
0.14129281969891308	0.068238927488665238
0.14030360023179156	0.067380256130264674
0.1392207524899432	0.066618538342865935
0.13885500564806924	0.06683600808996247
0.13840523103959509	0.068035692873326697
0.13624830808867613	0.066017032507441148
0.99392834161601307	0.10063207257731531
0.96671946550098686	0.10058710257006363
0.94116504202544327	0.1006121448628927
0.91709257293108926	0.10069875990115114
0.89436061711376447	0.10083969632413904
0.87284585784927782	0.1010287392232861
0.85243608005989269	0.10126044843191652
0.8330328040353806	0.10152976535575467
0.81455017194731749	0.10183176357206934
0.79691334557623328	0.10216187406387872
0.78005636779498766	0.10251590411070333
0.76392065374504836	0.10289006845731617
0.74845430484019904	0.10328113988464421
0.73361166264391253	0.10368625482703483
0.71935247021169091	0.10410283374529815
0.70563993401260516	0.10452856476522027
0.69244121845120177	0.10496130580943749
0.67972692964448378	0.1053994056793786
0.66746952086024824	0.10584113642961669
0.6556442971097578	0.10628520805340103
0.64422876618548897	0.10673049952637831
0.63320190759000461	0.10717603993848286
0.62254389644711183	0.10762100387915503
0.61223685202381239	0.10806467508863528
0.60226363364357716	0.10850649537210291
0.59260812498118509	0.10894595571490161
0.58325588959894614	0.10938269364773416
0.57419287106966654	0.10981628264958368
0.56540581613204088	0.1102463987535689
0.55688289720005735	0.11067272081858193
0.54861275620163719	0.11109511866624147
0.5405844305598092	0.11151351525006149
0.53278768116990227	0.11192776185099813
0.52521298234185287	0.11233777444225335
0.51785119942848901	0.11274357704832959
0.51069372506758304	0.11314517174510134
0.50373213900831915	0.11354252061569624
0.49695867896687457	0.11393566314641287
0.49036593231050085	0.11432465326341125
0.48394687507026096	0.11470954279154193
0.47769474222550218	0.11509036035620812
0.47160314847853829	0.11546717097612805
0.46566606076628697	0.11584005691274926
0.45987773469771126	0.11620911143076559
0.45423268695716867	0.11657439404579045
0.44872571240895776	0.1169360041302349
0.44335180103713229	0.11729400343847347
0.43810622529806903	0.11764847947189541
0.43298445183780199	0.11799952358040958
0.42798218663671728	0.11834722684632565
0.42309533485668221	0.11869168523012674
0.41831997825456418	0.11903300166365237
0.41365235883734375	0.1193712485234026
0.40908888187645243	0.11970652454124255
0.40462613372213518	0.12003888805128951
0.40026083857638867	0.12036836756532636
0.39598987839196409	0.1206948584143141
0.39181022159822709	0.12101814946500647
0.38771900410341154	0.1213379579100497
0.38371349128153454	0.12165417685545006
0.37979113574815404	0.12196391695674619
0.37594937248005506	0.12226718512032349
0.37218561949595552	0.12256748936323651
0.36849751541298892	0.12286494493053308
0.36488243189011882	0.12315696076705891
0.36129515130941459	0.12313530556374039
0.35769041171778476	0.12304649583524881
0.35415104233482125	0.12292019223081706
0.35067977201262496	0.12271219433196694
0.34726201409794533	0.12244149326090391
0.3438847647043532	0.1221750092126513
0.34050945488940926	0.12193557991412936
0.33716356116892665	0.12159904605224292
0.3338437670491029	0.1209610152562408
0.33058981734292936	0.12048762547595343
0.32725355479842799	0.12010547654225198
0.32394569642684157	0.11952604783301322
0.32069627194883937	0.11898474529493572
0.31738451729566231	0.11826414269028854
0.31399007540617657	0.11735462619247647
0.31065995195899432	0.11670267762644398
0.30746438805780429	0.11612139401323557
0.30418891123145975	0.11541231346276166
0.30103695332080282	0.11469862517139726
0.29794339744280651	0.11390963245523238
0.29476538674373626	0.11315691968533644
0.29183036843824617	0.11261902481998802
0.28864615960124179	0.11157946447903411
0.28593017178976704	0.11128765559887011
0.28305260307910679	0.1105771962364703
0.28050325845566654	0.10972519766749173
0.27756653619125859	0.10910614066385815
0.27542315404848988	0.10908120633296366
0.27255548011105041	0.10790166483706384
0.26988440954368259	0.1074635719663027
0.26771088240628604	0.10742627054579006
0.26526369096351321	0.10654233640320582
0.26244540288945917	0.10524949534779003
0.25970167538331779	0.10455925421863407
0.25737209948909745	0.1042459066303101
0.25461911314563535	0.10277038017516991
0.25252930878072322	0.10256260623229949
0.25021242715668857	0.10170506871698072
0.24857261806815717	0.10226317495646847
0.24534046044371433	0.10149331091654042
0.24391423396519357	0.10008198074482789
0.24160510860370135	0.09898869511304563
0.23958173153532403	0.098513853601021301
0.23736850456838704	0.098005020971274615
0.23534312907436583	0.097280716507557013
0.2336248389325076	0.097285131935175823
0.23177701412541266	0.096637296592962302
0.22996888847704611	0.095815341567791576
0.22813756743153585	0.095404043094628591
0.2266696775901513	0.095305127377926999
0.22484038890662864	0.094652778059713533
0.22273535758597701	0.09421075796318501
0.22119442235584916	0.093080839615634611
0.21980440680054733	0.092995649635533431
0.21788168203280309	0.092584332417260537
0.21575714110906433	0.092263988593283636
0.21458145348160729	0.091606372817553003
0.21293914688301568	0.091267866143135298
0.21131830475535043	0.090876139547243329
0.20999212476498877	0.090098031563563635
0.20828464443113689	0.090133612000871416
0.20669633198097279	0.090238669540483082
0.20562446905742002	0.08882118163612128
0.20371702134518468	0.08888917823923706
0.20275282524217095	0.088554844091432675
0.2004378678805368	0.087299135216398552
0.19989020364472834	0.087725892532184963
0.19792629753760427	0.087572610283354585
0.19674911792725663	0.086219860392105205
0.19559438666165926	0.086051723529038768
0.19439737220646353	0.085996995433444523
0.19273297354399466	0.085160264848154699
0.19135925743746846	0.08468815111119618
0.19041480939151798	0.08405724079592336
0.18893314590292107	0.08421984972052253
0.18834788982221021	0.083360773581678482
0.18553187305792607	0.084238264717585221
0.18513001326656439	0.082988937348769512
0.18360961050139749	0.083393596508444343
0.18327295218363424	0.083067693941648937
0.18178856233921128	0.081992085629160383
0.17996523983679608	0.081690391303090859
0.17909406314529819	0.080492685551117132
0.17822108576009071	0.081353047394058506
0.17739860706052379	0.080184834012831496
0.17526494811385987	0.08001609299626232
0.17479969735630158	0.079521702176726383
0.17267726750834583	0.079778656262508227
0.17269769257662967	0.07906032261136596
0.17127962358718327	0.077774573323180551
0.17084661717829705	0.078733803016733592
0.16925995213447145	0.075894547628539741
0.16826184439079134	0.077358664587188972
0.16697572836801577	0.076731809781031016
0.16625271495093924	0.076965711180220484
0.16498822900081958	0.076993997189935451
0.16420528798036971	0.075767338791859359
0.16296822368537653	0.076341862560813226
0.16239561896288632	0.07581163369189993
0.16112814118793894	0.07586755242061051
0.15996396668353352	0.074536137852161205
0.15928421341200857	0.074532142427028256
0.15831160195369365	0.073899449377526683
0.15788035968546638	0.074568324614823309
0.15731639091389241	0.073620729163359155
0.15588215007685396	0.073800645609234064
0.15427252385821277	0.072491106728712201
0.15340364773816095	0.071713940344223015
0.15346164093579384	0.07207533785886891
0.15233813624656858	0.071663150820547569
0.15217737499037418	0.071649833509914301
0.15112928893151073	0.070846251087123918
0.15080999465178602	0.07126193386327484
0.14933713278485689	0.070803512734065308
0.1480281610067119	0.070293936565248974
0.14755095282860561	0.0697587371579131
0.14569042681939198	0.069155238257121346
0.14568492561166116	0.069721529948039221
0.14611333360155071	0.068925565645846024
0.14367081109461399	0.068774381429679385
0.14409276460401707	0.068712652275879776
0.14248816400770628	0.067777177989625667
0.14169687456289456	0.068714528622066978
0.14126109872311202	0.068116069598614742
0.13984344243759927	0.067276191134059166
0.1392418829111122	0.067135144155183027
0.13861770381621988	0.067339538273052876
0.13779045449767435	0.066653712851372934
0.13792187212924512	0.067103138569510029
0.13649429477784428	0.066522460874559153
0.13587506202143998	0.065967812368036172
0.13577142601829012	0.065625154461743662
0.13384259091946293	0.065051661506614011
0.13332342331593919	0.064351748566390907
0.13259485733174131	0.065049939050264988
0.13221528630364202	0.064414278886771606
