weight	lyapunov	err1	err2	err3	m1	m2	m3	std1	std2	std3	null1	null2	null3	f	stdf
0.0	nan	0.74078896041983233	0.12391124338170897	0.02091419889914187	12.052894294076429	18.036381482781362	16.075395350044445	20.284741233988058	33.547685850236761	29.22984654641321	99.36999999999999	99.36999999999999	99.36999999999999	0.99884701132357456	0.1014820053973888
0.02	-1.4202856180734953	0.95810327062063894	0.98905002737259351	0.5906938591662293	17.747356478291948	64.356212596968433	128.6887024622136	17.173471450436239	58.133560327454951	116.71957827551691	88.849999999999994	51.279999999999994	21.080000000000002	0.75613642379635615	0.15086462175007481
0.040000000000000001	-0.64261583906232955	0.96334734266713407	0.99157003731797189	0.60831595812309269	13.721059705942324	42.728962195785456	111.98441484999171	13.129028649045342	39.501114132934916	111.21856093177038	91.659999999999997	64.549999999999997	26.02	0.60866631588822151	0.20720302907848778
0.059999999999999998	-0.33729146533250387	0.96539918709507311	0.99109192654402523	0.56404706453501141	11.356669485691572	34.69226266052145	118.74243281724739	11.568105371523668	33.145632918104759	116.40469419651181	91.859999999999999	70.909999999999997	24.84	0.51019613121157781	0.2459393011387089
0.080000000000000002	-0.10951699501986956	0.9665845044061363	0.99176316027826894	0.60198616812986971	10.641613587972206	31.501985921570782	156.8491772599512	10.92483797441858	31.393300420046678	151.82093935194808	92.659999999999997	73.700000000000017	23.18	0.4412655306012111	0.26817549728287599
0.10000000000000001	0.39652491460443651	0.96845551782424599	0.9931238514018107	0.62426129451963097	11.041077682283994	31.645566446619902	174.80317412495305	11.399638397371756	31.039112384783131	168.06279203678835	93.280000000000015	75.819999999999993	24.080000000000002	0.39101518545535152	0.27985729718385494
0.12	0.039139075077730359	0.96950543241990128	0.9937441561750846	0.6407573642763541	11.979962067821676	30.869697292251733	188.01559808452001	11.837221655414705	30.165749718772723	177.59905683380856	93.790000000000006	76.63000000000001	26.690000000000005	0.35291079709878304	0.28531121158817474
0.14000000000000001	0.27432469683980898	0.97268624111208657	0.99427250007510393	0.65873220542210542	11.918759403930862	30.534719758496941	193.3943601769756	11.929719218160608	29.516655052280509	183.85352498307913	93.580000000000013	77.959999999999994	29.409999999999997	0.32287870760495879	0.28753370145054091
0.16	0.19264030211641084	0.97552690143461118	0.99423480172432954	0.67064229510337547	12.556037168712185	29.886035659261374	201.16979007851393	13.468538634613257	29.266116910650357	188.25374880142562	93.590000000000003	78.719999999999999	32.259999999999998	0.29843724183503112	0.28815504191575886
0.17999999999999999	0.40674016153449699	0.97840849161607457	0.99330373730870092	0.69858930139054132	13.344851636760813	30.050324406893942	206.11155255322379	13.876847559093672	28.875436646765316	189.73564564537352	93.760000000000005	79.760000000000005	35.680000000000007	0.27811872847148211	0.28788841465791715
0.20000000000000001	0.48930864383022515	0.9812089064411238	0.99663905561411537	0.72131328988865506	13.232583696813581	30.454492099267888	208.15295295199698	14.359915721720308	28.938725822889928	192.48127725541897	93.689999999999998	80.839999999999989	37.960000000000001	0.26097407097460007	0.28700737304833712
0.22	0.45028188309503653	0.98296840665529639	0.99703252185221003	0.72991470740543596	13.727682886791191	30.191508481086764	212.72703902235889	14.368462362469231	29.432719307961481	196.70192395153953	94.060000000000002	81.299999999999983	40.329999999999998	0.24631636289081099	0.28571688714942028
0.23999999999999999	0.38632222648333808	0.98403827372951702	0.99736454772187921	0.72444259874201533	13.108363862454857	30.041928946828698	213.37573727489115	13.704135252339125	29.896545015169693	196.15213072022487	93.859999999999999	81.969999999999999	43.160000000000004	0.23364086225937722	0.28416063165978683
0.26000000000000001	0.081812757224039565	0.98501346548380653	0.99756898268285676	0.72989508564979155	13.360972859654396	30.618033698043547	215.03965405160707	14.225761210160906	30.171036465639951	201.11902214850952	94.019999999999996	83.0	44.909999999999997	0.22259547327777901	0.28234289767851062
0.28000000000000003	0.094627786244683473	0.98605700453091649	0.99769024672884432	0.740514332683472	13.784185051559836	30.838441259704968	218.64302007649539	14.196196269532678	30.147186354477888	197.88183009795767	94.299999999999997	83.599999999999994	47.050000000000004	0.21287325206984792	0.28035463381372805
0.29999999999999999	0.22582693288250993	0.98679790140430657	0.99748421965591927	0.72904112020571932	13.623062346904238	30.610762584161346	220.68115165369835	14.269824995187566	30.278080179795854	201.71291487384599	94.230000000000004	83.989999999999995	48.969999999999999	0.20425272136126296	0.27826096876234346
0.32000000000000001	0.13793480676382161	0.98709205606059436	0.99783787471932439	0.73865984644946925	13.389805173438408	30.774584661007708	223.23310624376251	14.090195630441603	30.50198872690266	201.98387728967802	94.349999999999994	84.540000000000006	51.07	0.19655415125635906	0.27608826360080446
0.34000000000000002	0.45369391135480486	0.98824858464852883	0.99809062862805287	0.74823928078287605	13.170865572880569	30.548663843716174	226.86020690809249	13.462788431779984	30.491718263522138	206.32738668593589	94.400000000000006	84.799999999999983	53.049999999999997	0.189621582885386	0.273874511789505
0.35999999999999999	0.17598657764217024	0.98921155971870101	0.9981811513156531	0.74851256057686633	13.337992615721982	31.173181311529369	223.93599892454694	13.234821433687944	30.57146255191758	207.17157702041158	94.620000000000005	85.570000000000007	54.0	0.18332325098237776	0.27166037063902954
0.38	0.12583768760543046	0.98983650010397339	0.99823322315249818	0.74976052346101218	13.124234491686526	30.244230764532109	225.94264256893712	13.142793672947784	30.512368656432194	209.48604937767328	94.619999999999976	85.690000000000012	55.899999999999999	0.17756100935458269	0.26948541354418915
0.40000000000000002	0.1444009071891757	0.99051751279653089	0.99850355100938748	0.74367616564602523	13.175224576740211	29.529216846949776	225.65093524481608	13.252738453304568	30.257989432652771	202.7740496538035	94.72999999999999	85.769999999999996	57.599999999999987	0.17225203968872707	0.26737859000462522
0.41999999999999998	0.04828623005762727	0.99100060653140931	0.99865294136323823	0.74006580263115596	12.654838444174256	29.272195166227714	228.21553500993338	13.118516286910587	30.073724130067802	208.34277584258251	94.70999999999998	86.159999999999997	57.959999999999994	0.16733552836780602	0.26534722942644995
0.44	0.21530311822790221	0.99108248257042175	0.99867459325348662	0.73054760045220324	12.272395193968942	28.487711851502958	224.4773594942215	12.532942533299062	29.982022366376697	202.93446903098507	94.749999999999986	86.230000000000004	59.13000000000001	0.16275766137566761	0.26341984178581174
0.46000000000000002	0.032789614337273801	0.99089723839709776	0.99861371479735295	0.73982401469466319	11.949011054784247	29.129294207037823	223.80301971777749	12.22030116569098	29.928010528517547	204.09442053535662	94.749999999999986	86.909999999999997	60.189999999999984	0.15848429848194548	0.26158311413995905
0.47999999999999998	0.13123827778867958	0.9905451930257051	0.99867004228653067	0.74517653504247583	11.99772659777101	29.250398403434009	223.50184166757623	12.045770017475899	30.390756105642641	200.12522488975753	94.900000000000006	87.259999999999991	60.919999999999995	0.15448273774068583	0.25984009894314714
0.5	-0.023010721155306373	0.99117262800688621	0.99878516315579924	0.76690710164628073	11.60552708629579	29.27575798277233	226.55957020946389	11.766001844775854	30.706033488384868	200.09024918481023	94.849999999999994	87.550000000000011	61.549999999999997	0.15072489538131703	0.25819439295984065
0.52000000000000002	0.017971425695327985	0.99182703034453734	0.9985075751037833	0.78263265924655046	11.818176208052314	29.298183840539178	225.35739402384934	11.704176262343463	30.321729267564439	198.73178725812278	95.120000000000005	87.779999999999987	62.109999999999999	0.14718975862498324	0.25663154126351656
0.54000000000000004	-0.039507080847083757	0.99217172777691776	0.9976629613252026	0.78736617238053652	11.553595788980417	29.285596376749897	227.47916356003816	11.295760670792561	30.633994168680449	202.47310732459772	95.13000000000001	88.040000000000006	62.999999999999986	0.14385583665976978	0.25515182293530586
0.56000000000000005	-0.049203387896703601	0.99238955323550004	0.99714525220532546	0.78793649386276576	11.812568144244111	29.364665206513301	232.46958150893585	11.093856817642958	30.804286747235572	204.81051356106877	95.359999999999985	88.38000000000001	63.570000000000007	0.1407051573200962	0.2537535456436899
0.57999999999999996	-0.043848498712414835	0.99234961749920936	0.99696940488516217	0.78330782330179471	11.405348092061924	29.654007972312446	232.32905783562757	11.205490574590069	31.146458466118169	207.73568151816636	95.400000000000006	88.820000000000007	64.099999999999994	0.13772360332940722	0.25243092050199584
0.59999999999999998	-0.075846937785600102	0.99203753570131814	0.99693052873246812	0.78722598108385688	11.222482701614579	28.936378384791432	234.65127707549195	11.528676200870628	31.346597935589138	209.61734432034854	95.489999999999995	88.789999999999992	64.570000000000007	0.13489712179891453	0.25117571033361613
0.62	-0.056866765234480782	0.99210199548394584	0.99682959925378234	0.79479032907517533	10.774887562552559	29.091711766130608	238.95487138634297	11.442338234342644	31.944580851047796	211.4028374166565	95.400000000000006	89.219999999999999	65.109999999999985	0.13221749195272398	0.24998304228019125
0.64000000000000001	-0.035113957165210742	0.99215418698875069	0.99758789910776113	0.79859465443200872	10.667407949943756	28.525362405915569	240.78078232656995	11.223670547221591	31.346575410419252	212.83482410598714	95.489999999999981	89.260000000000005	65.47999999999999	0.12967256553815698	0.24884113956731779
0.66000000000000003	-0.076084717657133788	0.99251556778068117	0.99801348034397463	0.80275402210205049	10.882416027314125	28.357740597355246	239.55216611064853	11.116263675432334	30.816486874768248	211.23038798830416	95.629999999999981	89.329999999999998	66.539999999999992	0.12725140107283134	0.24774156166048439
0.68000000000000005	-0.051617342543226245	0.99280567119619667	0.9984934821367325	0.80183432500939167	11.099565602161023	27.479920865038888	235.68250943847511	10.644523804306353	30.531488960403959	211.308251353374	95.749999999999986	89.079999999999998	66.389999999999986	0.12494792429130752	0.24668476947660206
0.70000000000000007	-0.038702749063206553	0.99290492270152453	0.99879210862449708	0.80115709836297033	10.745116363550013	28.349062298411479	236.50268687294806	10.377428851047615	30.783330048202174	210.81565332599016	95.640000000000015	89.489999999999995	66.890000000000001	0.12275235588854468	0.24566946088041969
0.71999999999999997	-0.067797538422065554	0.99289849118051143	0.99862919336722522	0.80409998506399982	10.185260847907493	27.834296348161001	237.59509349416436	10.388884892482505	30.597560365744624	216.26970715329958	95.469999999999999	89.400000000000006	67.400000000000006	0.12066339764395743	0.24468370923630761
0.73999999999999999	-0.059341463415958876	0.99272135401986861	0.9981053387171176	0.80228333821082365	10.326398987688219	27.517682660127043	238.75999774649171	10.565610266179091	30.714962616322261	215.14989304751921	95.609999999999999	89.439999999999998	67.800000000000011	0.11866966443720695	0.24372763156866681
0.76000000000000001	-0.067911874459879076	0.99254254685413768	0.99781371014954823	0.79706750386470371	10.397679587820425	27.684107210468238	241.77893602334584	10.713925945353662	30.539609251235753	215.91088576900947	95.669999999999987	89.650000000000006	68.530000000000001	0.11676615244594386	0.24280230885461732
0.78000000000000003	-0.035700420846225031	0.99256722702222322	0.9983573801654162	0.78934007515223015	10.6597691366915	27.756964080581547	245.56742443800476	10.926767991646233	30.389113741979436	216.12441243397379	95.86999999999999	89.740000000000009	68.950000000000003	0.11494725330978343	0.24190302664507168
0.80000000000000004	-0.049468633843393284	0.9926614874168086	0.9986508987791417	0.79573531961490107	10.20336799250755	28.039636676711297	246.98988933372343	11.014070897639401	30.425982143805225	218.2658323737478	95.72999999999999	89.840000000000003	69.239999999999995	0.1132061375878001	0.24102816173774971
0.82000000000000006	-0.045110417002581144	0.99311263450197751	0.99816175656763606	0.80235401895103298	10.194288981295651	28.372341146159709	251.65653678164148	11.208701825504493	30.936981205282724	221.7989582957951	95.77000000000001	90.02000000000001	69.849999999999994	0.1115391261242457	0.24017784246730658
0.83999999999999997	-0.062327109029958389	0.99344962281791049	0.99780492209457616	0.80081382950093816	10.129864245935016	27.764085336011817	250.58737993826458	11.229291798104523	30.433594843210265	221.00582920932919	95.809999999999988	89.909999999999997	70.260000000000005	0.10994308123976212	0.2393481880595531
0.85999999999999999	-0.098503415733795313	0.99356960598675992	0.99770742250367817	0.80209836971301152	10.18050871420961	27.783412216364059	251.95242830751008	11.034602047768463	30.341774029283538	219.87805912788357	95.849999999999994	90.11999999999999	70.580000000000013	0.10841464976649158	0.23853937514375914
0.88	-0.068482639398103423	0.99367415903374057	0.99725655798904089	0.79879007900262056	10.225109083819097	28.355501888610338	256.15158028674648	11.071682119986459	29.8463464230773	227.15570021095363	95.940000000000012	90.340000000000003	71.179999999999993	0.1069479735291908	0.23774915400273322
0.90000000000000002	-0.050664630455542835	0.99361342099440608	0.99745341328296799	0.79365587407778748	10.024016045894168	28.068496967999852	258.28685073339096	11.063951371661569	29.830209434535686	233.40425591795707	95.900000000000006	90.280000000000001	71.489999999999981	0.10554027076001167	0.23697640232290246
0.92000000000000004	-0.05208254140542503	0.99362614301803431	0.99750125098942655	0.79385716174054288	9.9346826332636216	27.755701180162681	259.62777824571123	10.86240841345772	30.026336464877971	230.97611347339472	95.889999999999986	90.260000000000005	71.909999999999997	0.10418819052218176	0.23622149552363531
0.94000000000000006	-0.063440311897695861	0.99357943095239543	0.99767675975614734	0.79653231342917985	10.153895986880473	27.878570311824525	255.59286268209698	10.768469461078158	30.051673521006926	227.83814519502124	95.97999999999999	90.420000000000002	72.230000000000004	0.10288708125398396	0.23548468980809742
0.95999999999999996	-0.058158610438684352	0.99359881858530452	0.99749357694617447	0.7967717289247398	10.295927837960916	27.94204715518368	256.29983813503065	10.776193435317456	30.252049891039746	226.30373264531528	96.029999999999987	90.359999999999985	72.670000000000002	0.10163531140033935	0.23476461538796228
0.97999999999999998	-0.081490810673722686	0.99348578336755611	0.99752153332026994	0.79602984444369729	9.9307185475393585	27.982701259268971	258.5481293431784	10.654461098544923	30.591263078929739	229.08133871562455	95.939999999999998	90.430000000000007	73.219999999999985	0.1004306741090534	0.23405956039556122
1.0	-0.057672966095691086	0.99347248306664704	0.99739994497227902	0.79757069490406318	10.072256260785437	28.534364339680842	254.95694722241606	10.521194989536976	31.201884864634856	230.62337788223439	96.030000000000001	90.550000000000011	73.379999999999981	0.099272268658274418	0.23336800124704116
1.02	-0.074376914835014046	0.99333509655156271	0.99720664631801503	0.80489660209863789	9.7313225672408823	28.560911096412468	257.46314640574565	10.453237481963153	30.86059495468341	234.69502202052536	95.949999999999989	90.430000000000007	73.859999999999999	0.098155223435570066	0.23268967060483048
1.04	-0.044244452821122028	0.99344347458024118	0.99710873818935364	0.80972641250225696	9.6962027434298186	28.328274941698584	259.44409367299954	10.194981041436543	30.646593175452665	241.7225361806029	95.940000000000012	90.289999999999992	74.170000000000002	0.097077634624986503	0.23202321418899291
1.0600000000000001	-0.05166833692796876	0.99341437185077197	0.99710844671603527	0.80691256247187637	10.101272880183473	28.655044089729138	260.15307748613697	10.167575117531197	30.994135207711782	239.39253044472943	96.120000000000005	90.409999999999997	74.280000000000001	0.096036512134655749	0.23137221292614019
1.0800000000000001	-0.042763832678929747	0.99327392103416456	0.99701935412680576	0.80519602047887573	9.9705642160332069	28.541164907998819	262.496656980843	10.112011325165764	31.548594724857935	234.96949955565304	96.090000000000003	90.329999999999998	74.72999999999999	0.095029260543663827	0.2307392251866664
1.1000000000000001	-0.039496973689027506	0.99347244313574445	0.99708730799765311	0.80936244614559205	9.8744950309550603	28.54948133047488	262.09588177421313	10.097093645169716	31.634285824023198	237.15724091527494	96.090000000000003	90.280000000000001	75.030000000000001	0.094056048956149552	0.23011954417619371
1.1200000000000001	-0.10102517033228421	0.9935609605983039	0.99790178540267205	0.8145923671737203	9.8362878711621562	28.312853615194378	260.83331418316874	10.117430088355269	31.267598906370957	231.28320841957708	96.079999999999998	90.159999999999997	75.359999999999999	0.093114411547540341	0.22951097886232041
1.1400000000000001	-0.052064038483350339	0.99356482078191755	0.99824315419015652	0.81799076315845465	9.7165172917303959	28.767455666308365	263.63150692647133	10.037476605209878	31.148784289032186	238.4923165314145	96.079999999999984	90.340000000000003	75.879999999999995	0.092203954250487441	0.22891153975705231
1.1599999999999999	-0.094698459102143417	0.99352815493369739	0.99789694685070285	0.82038998839313471	9.5127950364284519	29.271934593244772	268.0197158684586	10.041503118101286	31.233995619933193	243.2269031336852	96.000000000000014	90.560000000000002	76.100000000000009	0.091322492674474801	0.22832377823931918
1.1799999999999999	-0.025752527175089471	0.99369967525625424	0.99701142884187666	0.81948562983061302	9.7350500861331319	29.567145377508222	270.60011159675139	10.057413652545913	31.424123253388764	243.21006939148342	96.069999999999993	90.599999999999994	76.409999999999997	0.090468106646068761	0.22774689015181671
1.2	-0.076632797170785832	0.99397262951017473	0.99697338381021916	0.81742165169983316	9.7111287141212745	30.023781214722931	272.50530535142008	10.036900105752283	32.079112411301971	244.40702242846902	96.089999999999989	90.640000000000015	76.790000000000006	0.089641472339611172	0.22717919874617926
1.22	-0.059075396168908625	0.99416537280200168	0.99746994370054876	0.81671238775327348	9.4515020296501504	29.90983778289862	273.27892584419902	9.9278177772764824	32.450212994553638	243.14171734200531	95.999999999999972	90.600000000000009	76.939999999999984	0.088839983233551426	0.22661903527585983
1.24	-0.02166536398616464	0.99439177226507225	0.99755574345393649	0.81623195891176648	9.2344387018426257	30.196013973069164	275.75688248712203	9.7373862086925982	32.696466590097529	243.93475648023158	95.890000000000001	90.700000000000003	77.140000000000015	0.088063624423730918	0.22606846225142146
1.26	-0.069685653894890648	0.99439291493613058	0.99757079893630141	0.81045925128572327	9.3983226255284968	30.03221142080459	277.24045728616204	9.8138164234073635	32.794556774020364	246.31929170974755	95.969999999999985	90.570000000000007	77.429999999999993	0.087310468155190196	0.22552660677051742
1.28	-0.038073455192619746	0.99437618402655592	0.99744229685091312	0.81190085020078828	9.4885886861883861	30.48040328894594	279.25679343897662	10.032017678558791	32.865480024946187	251.72603186001407	96.019999999999996	90.609999999999999	77.680000000000021	0.08657976154446359	0.22499279979613288
1.3	-0.06622830424355669	0.99425845373590538	0.99707717488880176	0.80959612189479091	9.1982182998928366	30.908874265153237	281.30132035614514	10.1115100773366	32.917433668415796	255.02514077107611	95.919999999999987	90.670000000000002	77.969999999999999	0.085871538351935658	0.22446704563097813
1.3200000000000001	-0.071345582893872814	0.99405253050479803	0.99684462588626077	0.81271341643798567	9.2516491765622515	31.704722840741901	280.40676672572783	10.205281077169229	33.11477298194027	252.93932103582455	96.009999999999991	90.790000000000006	78.150000000000006	0.085183782236684324	0.2239483993222279
1.3400000000000001	-0.11353453180932024	0.99423984901374374	0.99734684268380724	0.81187011416417454	9.1018583774546968	31.096240616566746	283.9380955944784	10.233865486579827	32.610062180343313	251.85062625118834	95.97999999999999	90.52000000000001	78.440000000000012	0.084514874267665616	0.22343868782698867
1.3600000000000001	-0.047433126005366873	0.99455596741830699	0.99774643654397488	0.81187180025994066	9.4073417461730049	31.468739701758143	284.12528767200195	10.381840518487266	34.025922191386215	252.10594664737042	96.11999999999999	90.540000000000006	78.659999999999997	0.083863098754878129	0.22294013807928842
1.3800000000000001	-0.11462551639132169	0.99483340957487165	0.99777661565462916	0.812086700776111	9.6582468934583439	32.570968305643937	287.45241620084914	10.487247220462548	33.667230128683144	253.95600004103034	96.25	90.719999999999999	79.000000000000014	0.083228448792983897	0.22244789920537836
1.4000000000000001	-0.089778188593425706	0.99463809757213295	0.9975748489311711	0.80897291283485906	9.7741709298451944	33.829485851754946	292.75777031117821	10.852515599909431	34.011641541163051	259.36383847586592	96.279999999999987	90.75	79.350000000000009	0.082612177738055931	0.22195820214152689
1.4199999999999999	-0.048306042029418052	0.99479435209802314	0.99738898648669116	0.80826845191098151	9.9509688548731923	35.264667491438814	294.70858972782014	11.007043411426723	35.268286262632948	258.74279906588941	96.340000000000003	90.88000000000001	79.409999999999997	0.082012973947033468	0.22147386796009885
1.4399999999999999	-0.090058146908198078	0.99491535177243817	0.99734180140696194	0.80923888546167455	9.9540576045593916	36.024792362479431	297.09994914663054	11.089629250066562	35.666865807438342	266.13847516920902	96.349999999999994	90.910000000000011	79.580000000000013	0.081430275793590912	0.22099285305220895
1.46	-0.068177179365564597	0.99507310399642857	0.99725822758631355	0.81363307507317606	9.9276089549250255	36.761379552751542	300.84049350435896	11.067561562047603	35.975915211912465	268.14907286919902	96.36999999999999	90.86999999999999	79.849999999999994	0.080863425072331269	0.2205167504914495
1.48	-0.058657821716405045	0.99507152220993489	0.99733689671752157	0.81698454082581373	9.4925201900339964	37.422446292361414	297.53075396072234	10.98859572788359	36.808373114207953	272.43753708331195	96.22999999999999	90.820000000000007	79.980000000000004	0.080312373390289543	0.22004293550163795
1.5	-0.064460610628873274	0.99515720695658982	0.99704939807859616	0.817168963675029	9.2896401963927779	37.747071359732409	295.3413209158374	10.655794513334527	38.334901987272417	274.70153260826254	96.149999999999991	90.789999999999992	80.22999999999999	0.079776798383627862	0.21957260611261872
1.52	-0.054654770448618668	0.99518572891577539	0.99672653473152373	0.81350207950207953	9.1617713631706525	37.775295596691791	298.20064486148169	10.330154313111725	39.099733127977224	268.99444930403007	96.099999999999994	90.790000000000006	80.549999999999997	0.079254527141122924	0.21910558255485038
1.54	-0.063328272618755913	0.99518652318728762	0.99658847483659196	0.80976688239767325	9.3533188790758945	37.782608811963691	298.62313322609452	10.143389918041365	39.567414420829891	274.29630746970918	96.169999999999987	90.710000000000008	80.789999999999992	0.078745569076689462	0.21863915698839551
1.5600000000000001	-0.10966320927186181	0.99510259389076539	0.99672884363929748	0.81017476260935195	9.1558845985508555	37.906304075774202	293.89236403609368	10.088616481151984	39.752061863847878	271.20514916001008	96.11999999999999	90.620000000000005	80.759999999999991	0.078249515157922098	0.21817646386615244
1.5800000000000001	-0.06013923147822222	0.99517537463353134	0.99677999801459638	0.80341621397485041	9.0487569793614959	39.311524107961382	295.15122887278261	9.9416659495531459	40.365645513348362	274.08512334102124	96.090000000000003	90.780000000000001	80.930000000000007	0.077765009346228472	0.21771905660489627
1.6000000000000001	-0.07134900242389533	0.99533098054864588	0.99659006783135573	0.79842677078079194	9.1738016384138739	39.763694129509716	299.36547910574689	9.8280237398768708	40.832292454594025	278.68766038512064	96.150000000000006	90.840000000000003	81.299999999999997	0.077291773380885248	0.21726193743784541
1.6200000000000001	-0.052557958704598784	0.99545762362041701	0.9964629843343783	0.79432043187696744	9.3254862931359117	40.440568554460228	300.97368247303706	9.7940411564002847	41.059289888217599	280.2940158449901	96.200000000000003	90.919999999999987	81.409999999999997	0.076828651057067848	0.2168070472908151
1.6400000000000001	-0.030263245828936011	0.99551098348326117	0.99644736161065384	0.79191854577831566	9.4853926183306267	40.103245260971661	303.55865905653025	9.7359046044262421	40.886630357658156	280.10671217995139	96.22999999999999	90.849999999999994	81.689999999999998	0.076375316532952417	0.21635730039021478
1.6600000000000001	-0.074752393300248784	0.99552559346414182	0.99649509748890563	0.79303588560856009	9.5175157785768878	40.731231716396337	301.36832133996211	9.6655515610888507	41.313243298620826	278.71488012173455	96.22999999999999	90.950000000000003	81.739999999999981	0.07593283456375538	0.21591149822801939
1.6799999999999999	-0.080109186317404116	0.99555057477088071	0.9965631114830954	0.79790225917983892	9.4747509053816614	41.913874672459706	299.55502337264011	9.6111004072950443	41.779461298716186	277.41023882340698	96.210000000000008	91.099999999999994	81.950000000000003	0.075500938899194403	0.2154706426767769
1.7	-0.041280943009358723	0.99555810087230889	0.99652055641349724	0.8015489575661926	9.5876610542622096	41.264018327821752	302.20282882188133	9.6014456110754516	42.41495146793018	274.6845829401617	96.260000000000005	90.86999999999999	82.349999999999994	0.075078351536132459	0.21503425484191357
1.72	-0.090796870067566787	0.99556246482063726	0.996418819415543	0.80574902379719193	9.4777852940805936	41.462207160580078	299.6157392058027	9.648370859381874	43.315201746897756	275.42837106750932	96.200000000000003	90.849999999999994	82.460000000000008	0.074664728898189953	0.21460170044543375
1.74	-0.043915203574211657	0.99559673079924649	0.99612322287413535	0.8042272518182072	9.2972346839572566	42.561950884119838	297.85644410957974	9.7221457969721179	43.69253513577852	271.34172771704033	96.11999999999999	91.060000000000002	82.530000000000001	0.074261163350600054	0.21417195897390764
1.76	-0.055518025651031325	0.99564772056599371	0.99580880849754538	0.800922734579121	9.223246112746736	43.387924425996985	295.35481959076981	9.8969771831753608	43.866650971587845	273.4387500174185	96.139999999999986	91.180000000000021	82.599999999999994	0.07386650134738236	0.21374717747447014
1.78	-0.038801660917329818	0.99566082679976531	0.99584913673431985	0.80213016175976404	9.2025987106831977	42.832451476864762	304.35627199447435	10.083722098320509	43.961432161971516	271.57184924983443	96.149999999999991	91.040000000000006	83.030000000000001	0.073480250497129015	0.21332825560967789
1.8	-0.032680364249073446	0.99574876420842617	0.99624724634865769	0.80501491875935594	9.2032165737864009	43.307297001086248	304.05002039005387	10.183510973053478	43.629901594168182	272.13598503758698	96.159999999999997	90.999999999999986	83.030000000000001	0.073101930926980155	0.2129117203358788
1.8200000000000001	-0.034188847093071614	0.9958709142618718	0.99621064625238809	0.8057879615566943	9.4549931653608059	43.155668155495576	306.16159126995643	10.34424961322201	43.67979576973427	279.6733511067124	96.299999999999997	90.88000000000001	83.169999999999987	0.072731531527426577	0.2124967583496144
1.8400000000000001	-0.05987115223835239	0.99596081020756255	0.99628935271554897	0.80586175687159334	9.3024132633321752	42.900684979903005	312.00088777874595	10.554049697723329	44.572226764128359	286.18681944752245	96.239999999999981	90.810000000000002	83.36999999999999	0.07236818970919652	0.21208655992494441
1.8600000000000001	-0.095231509600615799	0.99603974610197954	0.99638353750735065	0.8051920053720909	9.0491187330220306	43.351401361416563	315.83993796076936	10.498287975636234	44.873430762004872	286.58635481704846	96.150000000000006	90.760000000000019	83.590000000000003	0.072012679147910014	0.21167879808054418
1.8800000000000001	-0.046778742855648842	0.99609604734872081	0.99644488111085727	0.80776108685275183	9.1125275704255504	44.103842099354587	315.45779755130877	10.524512441449232	45.533072743556417	281.01882390471371	96.189999999999984	90.890000000000001	83.609999999999999	0.071664654470570785	0.2112743209256977
1.9000000000000001	-0.031716913381873067	0.99616444815275784	0.99651373280046995	0.80815985740458596	8.9219129342363193	45.373443059307561	318.68909573001372	10.540717095656136	46.020868002191264	279.65311602282861	96.110000000000014	91.099999999999994	83.819999999999979	0.071323988313143225	0.21087327079893403
1.9199999999999999	-0.064144515924896423	0.99620939358495342	0.99648223392839197	0.80747481372540586	9.0974454993464455	46.232078423178521	323.17903770912687	10.536364616382656	46.481282333223803	279.73063077514445	96.170000000000002	91.170000000000002	84.039999999999992	0.07098893919011498	0.21047526565014621
1.9399999999999999	-0.050790943554833053	0.99624197674770654	0.99644827557496585	0.80587979085030759	9.5362033862197624	46.250459931008479	322.82608613575519	10.548658011005285	46.859366699713853	278.64218455114013	96.339999999999989	91.169999999999987	84.019999999999982	0.070659515359888209	0.21008125227467805
1.96	-0.050431795398447117	0.99625704203160781	0.99637825639188882	0.8043804304175648	9.5272495542132667	47.48040070690319	321.03877494077352	10.516741553049211	46.572711347925235	282.70276632232577	96.339999999999989	91.300000000000011	84.109999999999999	0.0703366377472536	0.20968975015044852
1.98	-0.037154793970409987	0.99626680854013938	0.99621534858607996	0.80288016658590033	9.7194590829177088	47.08789207479235	324.98314252250441	10.5607435341346	46.478545985039204	282.40545432810785	96.409999999999997	91.099999999999994	84.280000000000001	0.070019074442967094	0.2093019105181543
2.0	-0.054147138241151554	0.99627572464174141	0.99606485055698502	0.79716616653820405	9.7531214140073548	47.37415278892567	325.69840406179179	10.586833934726645	46.186837018974309	282.82041642126995	96.419999999999987	90.980000000000004	84.340000000000003	0.069706481850733665	0.20891740382956508
2.02	-0.070784853800160086	0.99624407417721517	0.99603851140085609	0.79827506002418747	9.7734506660501985	47.70578483783261	325.16724511520653	10.596937742479586	46.406981875679563	282.74188771679258	96.459999999999994	91.0	84.429999999999993	0.069399637711021464	0.20853559016292844
2.04	-0.037818276007133493	0.9961931289413648	0.99606823068332295	0.79716962615573772	9.7426163330073088	46.596649604613717	324.81821243311822	10.524489091338326	46.729609091613987	282.85797579305824	96.459999999999994	90.829999999999998	84.590000000000003	0.069097850548376763	0.2081567185642747
2.0600000000000001	-0.068791596024465398	0.99613008037155681	0.99605060445697513	0.79552862711698558	9.5699542188360311	46.534689517257867	323.08156258935526	10.315853782209739	46.454355665871056	282.52053653209185	96.409999999999997	90.830000000000013	84.590000000000003	0.068801070523155455	0.2077811812269818
2.0800000000000001	-0.058019091038020776	0.99610738822456069	0.99602782832093606	0.79858741069974981	9.4171181069260381	46.454378735495951	322.43376685540329	10.172946128202398	46.319377685451016	283.89497723066268	96.319999999999993	90.86999999999999	84.780000000000001	0.068508345276346222	0.20740925414532052
2.1000000000000001	-0.036774007507856081	0.99611647192003472	0.99607097613631301	0.79917976991342177	9.5852254445676817	46.922755365509765	323.05472735860025	10.179568687244364	46.420823435054729	285.63952974364855	96.390000000000015	90.960000000000008	85.030000000000001	0.06822001441891877	0.20703944728070894
2.1200000000000001	-0.037524392188021324	0.9960937919065993	0.9959608375086525	0.79902778808393771	9.5486767938896584	47.385150513921282	320.80940479942109	10.11755576376652	46.974662178613016	283.93944788719091	96.379999999999995	91.019999999999996	85.030000000000001	0.06793609962522143	0.2066734967251016
2.1400000000000001	-0.04637683581617362	0.99607486059910411	0.99584233118927423	0.79706673434417774	9.735297014749662	48.054941036873494	320.06465401771771	10.08270529806642	48.149674093688631	284.84842584537864	96.429999999999993	91.159999999999997	85.069999999999993	0.067656170537798724	0.20630914126421648
2.1600000000000001	-0.018226230617801143	0.99601256373992553	0.99577505865099636	0.7958186092559244	9.7124100129425752	48.397157431608107	322.64104520582561	10.096340708355561	49.121133880693492	288.03802720980093	96.439999999999984	91.260000000000005	85.239999999999995	0.067380733609337357	0.20594773603004737
2.1800000000000002	-0.037588473808082758	0.9960014589456424	0.99559090310732246	0.79669605534384424	9.6158036870982304	48.473555868247878	325.3080570866058	10.008848776683893	49.519794722244434	289.50078515893352	96.420000000000002	91.420000000000016	85.420000000000002	0.067109587806817944	0.20558944776622451
2.2000000000000002	0.00096674448145448724	0.99601196526710323	0.99546740860149918	0.79675231700940252	9.5746368449136163	49.103698591018755	325.17472815809714	9.9512878681782109	49.915194956095362	293.78145124274363	96.390000000000001	91.530000000000015	85.45999999999998	0.066842461351369051	0.2052346426126293
2.2200000000000002	0.016278540358283106	0.99599623852771235	0.99522633861996412	0.79660409637433449	9.4014395442113194	48.701138619090969	327.11279196056842	9.9565150800606972	49.891095118259145	298.30164139736593	96.379999999999981	91.469999999999999	85.52000000000001	0.066579329733767026	0.20488308785163781
2.2400000000000002	-0.0092277675570179227	0.99595544001637959	0.99520535287923395	0.79659383853787757	9.2654742550709095	48.688925614609154	333.92409171991528	9.9457979930842519	50.421796936943799	299.50036159996046	96.349999999999994	91.469999999999999	85.659999999999997	0.066319848289438196	0.20453490036149838
2.2600000000000002	-0.046221390956444453	0.99591736027095512	0.99517926422063918	0.79652828266710074	9.196445498971956	48.184686630649587	334.89129702800221	9.9837390887151738	50.611871586189451	301.50411849818283	96.330000000000013	91.410000000000011	85.719999999999999	0.066063896611872591	0.20418899684093264
2.2800000000000002	-0.026978357774782868	0.9959166525425408	0.99512551015960882	0.79650845725999075	9.2626734700817561	47.867650815407458	338.79703951143466	10.05832064105358	51.360454092345982	301.69981036281678	96.359999999999985	91.349999999999994	85.880000000000024	0.065811364970168845	0.20384400670443589
2.3000000000000003	-0.044206260369941588	0.99592891019289298	0.99498741734706331	0.7966891486651283	9.3038437150401485	48.462637542384513	333.83063526557464	10.10025835732058	51.772287872155914	300.15252179840627	96.429999999999993	91.5	85.710000000000008	0.065562311078859667	0.20349943342517843
2.3199999999999998	-0.015916816140014438	0.99595273072223578	0.99478449772304955	0.79735524365369437	9.3959474242055201	47.985431429058231	336.29823105011155	10.038160634221292	51.469094585204672	298.80633061339415	96.469999999999999	91.390000000000015	85.850000000000009	0.065316909298505268	0.2031573253393916
2.3399999999999999	-0.050385898709985964	0.99600082003430557	0.99460849308412169	0.79526225398276651	9.3767228020973903	48.204065080948368	338.17498094682799	9.9479847711191987	50.759403349089226	299.29409828451401	96.450000000000003	91.359999999999999	85.950000000000003	0.065075407001652597	0.20281787391542369
2.3599999999999999	0.023468609833753467	0.99603130990747224	0.99443719385462681	0.79386095979556237	9.3814325599631534	47.70716002435347	338.96352409804808	9.9160785058409271	50.440193414236916	301.26474823924514	96.499999999999986	91.250000000000028	86.049999999999983	0.064837266391737897	0.202480388888372
2.3799999999999999	0.019867329826908392	0.9960318089955511	0.994427374064356	0.79028518933658909	9.2073285762756854	48.366125783325209	344.24224062087654	9.8062867735573924	50.504943842380818	303.671906343145	96.459999999999994	91.239999999999981	86.260000000000019	0.064602851295119168	0.20214307262085923
2.3999999999999999	-0.031437608685912326	0.99604005992149658	0.99451075994343507	0.78926559744252611	9.2354809623825709	49.283640248916178	339.40625765752173	9.7484258501073668	50.680355200040609	307.62580966029094	96.469999999999985	91.370000000000005	86.129999999999995	0.064371323012681433	0.20180802961431527
2.4199999999999999	-0.004603632886156275	0.99604882939449002	0.99459570752851789	0.78971730400681828	9.3343754027159793	49.6032382399395	344.19249363093405	9.6947714380312568	50.607418772361868	308.13546875007131	96.490000000000009	91.370000000000005	86.27000000000001	0.064142552565179409	0.20147390945961413
2.4399999999999999	-0.02773276282486422	0.99607716266474389	0.99454243114392926	0.78722916571305523	9.1103860849867129	50.155665739026759	351.04877994333043	9.5893419671507036	50.738499560372873	309.73498036855005	96.379999999999995	91.420000000000016	86.510000000000005	0.063916696630987854	0.20114149626595101
2.46	0.010156960346020821	0.99607125313618283	0.99444877515379626	0.78175606875267023	9.1218345096140219	50.231973163346936	349.16475108723643	9.6122025191927101	50.749152311808871	312.96360041089878	96.409999999999997	91.360000000000014	86.490000000000009	0.063693854309147771	0.20080997204748569
2.48	-0.056968256771037777	0.99605508727840097	0.99436549671683916	0.77505574303986347	9.3031819680064665	50.183203878962757	350.93900412647338	9.6495892841441648	50.710664928804491	317.74371349010949	96.489999999999981	91.320000000000022	86.610000000000014	0.063474359578513495	0.20047706715888663
2.5	-0.030627247528097246	0.99603281229290652	0.99436578236853634	0.76993295867661038	9.3011990656170482	49.671419914793169	348.15372443559579	9.6523927642125162	50.766915008606539	318.46171191762517	96.47999999999999	91.200000000000003	86.5	0.06325712484862285	0.20014443157103812
2.52	0.012223263775033721	0.9960164297342804	0.99441231527804241	0.76958179209631072	9.1974854298680615	50.20733364125347	353.3410699844834	9.6279132433767494	50.756263965741056	318.04876145365267	96.47999999999999	91.27000000000001	86.659999999999997	0.063041879697710052	0.19981285411377764
2.54	0.033908944554026502	0.99599040402454997	0.99438082427278807	0.76959050586966393	9.1434989554860131	50.454941918336331	350.28929877442414	9.5821483468191708	50.697256038675413	321.11794828543418	96.469999999999999	91.25	86.599999999999994	0.062829229481963275	0.19948293786365012
2.5600000000000001	0.010247476968706514	0.99592842092701894	0.99432596436311393	0.76822557099648214	8.9527300531326066	50.815067873544322	350.51087481801551	9.5203292326073417	50.783861280321631	319.72816703359638	96.420000000000002	91.27000000000001	86.730000000000004	0.062619157095256006	0.19915494867564276
2.5800000000000001	0.039631858634093402	0.99588495190135773	0.99425328717480388	0.76649065054247956	8.9446526789699341	50.290260720589295	350.47557490018733	9.5079399786598628	50.824099007853846	323.6579953984799	96.419999999999987	91.120000000000005	86.809999999999988	0.062411967222503174	0.19882796444069667
2.6000000000000001	-0.058683733470365464	0.99586565261281135	0.99411384838625261	0.76370313767619336	8.8379537129007808	50.063335275669402	351.66553371392189	9.5314207003641389	51.084327398988627	321.31070279982634	96.379999999999995	91.11999999999999	86.869999999999976	0.062207155234209541	0.1985022630058168
2.6200000000000001	0.026880253523889158	0.99588114256122784	0.99394728865048876	0.75964163267436213	8.8262915968096305	50.650447946080725	347.52959742945916	9.6025404175857041	51.388357272613561	316.75149799091139	96.359999999999985	91.159999999999997	86.830000000000013	0.062004961896184783	0.19817769249683831
2.6400000000000001	-0.07068690578233866	0.99589603550968042	0.99377625384917179	0.76007847072345602	8.9603381149063654	51.708974651977755	347.71669085549843	9.6956068682072836	51.534618953961719	316.98576251581687	96.400000000000006	91.200000000000003	86.969999999999999	0.061805312485933663	0.19785429920794351
2.6600000000000001	0.031986694868386505	0.99589161368852674	0.9936754037984441	0.7612643114384775	9.077242898419005	52.220454984159836	351.85978558624009	9.8526369282130819	51.679966495769428	315.62136487929172	96.439999999999984	91.180000000000007	87.099999999999994	0.061608017668474999	0.19753256519949164
2.6800000000000002	-0.0045856135412479862	0.99588103244086545	0.99354819382282855	0.76502079503925591	9.2597990587194481	52.900363774146911	352.03823961131411	10.017462807991194	51.945715268120047	317.11930577822534	96.509999999999991	91.27000000000001	87.089999999999989	0.061413467114475893	0.19721256052294953
2.7000000000000002	-0.041479085209390511	0.99586784485834046	0.99340653536806189	0.76953365938405871	9.5571315735897926	53.216374015603243	354.29499979459649	10.147514136345363	52.44575734012043	317.20513407161815	96.569999999999993	91.260000000000005	87.120000000000005	0.061221270617147015	0.19689370216564733
2.7200000000000002	0.025640505825838739	0.99585673070550906	0.99329322116675201	0.77139433918781675	9.3378104088577736	53.285847089065328	356.51042781999462	10.183617125929453	52.735572881815152	314.44771078097347	96.519999999999996	91.200000000000017	87.29000000000002	0.061031768354956231	0.19657628895000412
2.7400000000000002	-0.013831725735863486	0.99583922756879351	0.99318972228077163	0.772167396079811	9.6114847441595117	53.866823907777338	357.16673589713662	10.174965921176007	52.975224282530178	314.82803501388116	96.590000000000003	91.25	87.390000000000001	0.060844697331657316	0.19626030307370285
2.7600000000000002	0.030410004346294071	0.99584320827165307	0.99310392622997345	0.77341484564618412	9.4220893456944594	54.172998914074391	359.68442277798061	10.143825747380266	53.218877667200275	314.00607231742686	96.539999999999992	91.210000000000008	87.459999999999994	0.060659913239418474	0.19594601863083297
2.7800000000000002	0.009931764879831181	0.99587473042323094	0.9932135519946973	0.77564973871338194	9.4003150602936749	54.816024916684242	359.4291277916908	10.154037893366626	53.481623669729366	313.59463410264732	96.530000000000001	91.250000000000014	87.489999999999995	0.06047699442548158	0.19563316759131938
2.8000000000000003	0.0010564780972591617	0.99591214743602152	0.99333315029158109	0.77805275988588429	9.362632465235686	54.834008836144257	360.08100978827673	10.171490495804807	53.661106294136914	313.43987543854792	96.539999999999992	91.22999999999999	87.510000000000005	0.060296337455990542	0.19532201940588961
2.8199999999999998	-0.007292472818432795	0.99595298790383102	0.99343182794028384	0.77713357179563514	9.2165562272656896	54.964145863515441	361.42587613683122	10.162071510948396	54.006063770329924	314.96544471853503	96.510000000000005	91.230000000000004	87.590000000000003	0.060117892260305353	0.19501238166579224
2.8399999999999999	0.017479320475882822	0.99597465708290311	0.99350323517092176	0.77946572730215546	9.1448744537767279	54.782534413637187	362.57902153550134	10.161688450510894	54.369597674419254	314.25018829285716	96.47999999999999	91.129999999999995	87.670000000000002	0.059941394728180643	0.19470462653748741
2.8599999999999999	0.03512270435277233	0.99600516757843827	0.99362362486732159	0.78103456407536953	9.2502835227698341	54.78219636403238	362.74577248063741	10.047826800341305	54.532016901367264	314.58087987511942	96.509999999999991	91.060000000000016	87.679999999999978	0.059767354756522686	0.19439871609435128
2.8799999999999999	0.069422166924082221	0.9960258829643307	0.99375611300388089	0.78329060282685925	9.2010331633307576	55.642910650121337	364.24623809344934	9.9526558349665972	54.983220636049204	312.29860221527292	96.489999999999995	91.159999999999997	87.739999999999981	0.059595562919095645	0.19409431951860232
2.8999999999999999	0.022389013620216551	0.99604775031873705	0.99381598577664643	0.78352714610013918	9.2868789825387452	56.669060757313808	364.06154465898021	9.8865808175199685	55.114386954845017	313.08813226411485	96.530000000000015	91.300000000000011	87.769999999999996	0.059425332153813307	0.19379134721811134
2.9199999999999999	-0.0050394879763727175	0.99606045298988766	0.9938302621239119	0.78281967262309649	9.0696829095778462	57.222304390009739	366.46740356058973	9.8345195506566618	55.128206893424498	316.14091528548852	96.469999999999999	91.419999999999987	87.870000000000005	0.059256701218398808	0.19348957489303367
2.9399999999999999	0.021515039379623097	0.99603286696246163	0.993855744544895	0.78247039971940502	8.8879363122428749	56.49463379697611	368.47282150951958	9.7758398877984511	55.262921443254967	319.47728564681472	96.419999999999987	91.320000000000007	87.940000000000012	0.059090221062535843	0.19318928015288861
2.96	0.090046906024826678	0.99599309033227057	0.99383902271095736	0.78403594592911108	8.8080868036146995	56.332172875253548	368.3661841675779	9.7276076415258252	55.469556866754509	321.02670566536187	96.409999999999997	91.320000000000007	87.959999999999994	0.058925397769888144	0.19289028525389082
2.98	-0.020490721039471985	0.99595456115880743	0.99379865177158422	0.78564516055466194	8.7650355615905742	56.749994810460805	370.22608498621014	9.6991642423958062	55.497996652105918	321.407019510944	96.389999999999986	91.329999999999998	88.079999999999998	0.058762023611186119	0.19259267458746393
3.0	0.046601557201350063	0.99592323022558615	0.9937341240383446	0.7855599514033893	8.6878909858628202	56.546370691011759	369.38473285722711	9.5968224903304353	55.581206737882816	321.51607108819229	96.369999999999976	91.320000000000007	88.069999999999993	0.058600452276011405	0.1922963027267445
3.02	0.096998398501761826	0.9958836453184684	0.99362857302773688	0.78389537124866615	9.0184548770465103	56.795886997215405	370.47839790006765	9.5311972055879366	55.648725394909377	321.28450614733828	96.52000000000001	91.360000000000014	88.120000000000005	0.058440408256132857	0.1920005231546569
3.04	-0.032982269592884084	0.99582998240930343	0.99351757336122382	0.78115697471729229	8.9879455045627843	57.134178874902283	374.71989641676112	9.5098903887646404	55.599989878227078	324.92555538220142	96.519999999999996	91.400000000000006	88.219999999999999	0.058282254245871933	0.19170626113258607
3.0600000000000001	-0.0021843499094263853	0.9958075571219599	0.99336521338900385	0.77976269783621754	9.0988825951919736	57.653289904583154	377.45529480657461	9.3918497396994738	55.680918690798421	329.18592233727117	96.549999999999997	91.460000000000008	88.249999999999986	0.058125605117678961	0.19141263280684881
3.0800000000000001	0.059257435788085032	0.99578029864239848	0.99329353866497494	0.77815767758851151	9.0090916407685455	58.047488439811502	377.01314853448923	9.3596822196363654	55.998610147649799	334.63464660602136	96.539999999999992	91.469999999999999	88.200000000000017	0.057970527228809257	0.19112027326443021
3.1000000000000001	0.10633055769028617	0.99574529565575354	0.99317590147020329	0.77787061412686231	8.8494522122611663	57.753577828438814	379.02316654226951	9.3378906995605355	56.478980546049911	339.06161988516482	96.47999999999999	91.409999999999997	88.289999999999992	0.057817081489163244	0.19082924056900541
3.1200000000000001	0.02237253981474234	0.99570367334217802	0.99301714293244836	0.77681687863683813	8.7385653541064805	58.659187284762979	378.0244421094111	9.305961309993112	56.797659261685908	343.05778675375706	96.460000000000008	91.510000000000019	88.289999999999992	0.057665158461398726	0.19053930542569919
3.1400000000000001	0.19301781417239214	0.99566405398530478	0.99286159983582856	0.77686334395380108	8.631172688885254	58.646298277635175	379.45959735503226	9.2678584907617818	57.245644057870571	346.77710996763113	96.420000000000002	91.460000000000008	88.349999999999994	0.057514450394212602	0.19025045716159578
3.1600000000000001	0.14416836291395332	0.99564722377451853	0.99274585748859534	0.77697580281644585	8.4898368503322619	57.555868474777959	377.50386120031271	9.1334542008057049	57.609908820535836	350.07284303923132	96.359999999999999	91.320000000000007	88.319999999999993	0.057365167273430308	0.18996243539535015
3.1800000000000002	0.045972020062747698	0.99564062132784126	0.99260339970516998	0.77688670606208343	8.437718318897117	57.206076661912867	381.2155987003074	9.083213064087257	57.90784491297228	351.66052057040508	96.319999999999993	91.230000000000004	88.409999999999997	0.057217186815406329	0.18967516934251183
3.2000000000000002	0.065402194480039477	0.9956176826459725	0.99241569243618866	0.77950924854605996	8.4381450455432958	57.625031738060123	382.84020279932122	9.034597011223072	58.344384675427328	349.84363076146775	96.319999999999993	91.290000000000006	88.510000000000005	0.057070399179185341	0.18938824003669402
3.2200000000000002	0.016776957521941631	0.99558745045493335	0.99216789771502856	0.78378595412916185	8.6547302847650549	57.719718461050078	380.97787986636632	8.9791327121205597	58.832932102196352	349.95181885061942	96.409999999999997	91.290000000000006	88.580000000000013	0.056924954195643307	0.18910212332368576
3.2400000000000002	0.057115981832497886	0.99557288478269812	0.99185048343480597	0.78419562483306493	8.4849803854511148	57.914309099550749	382.03101382546197	8.8909531702366085	58.894552969475647	350.57756062889064	96.349999999999994	91.300000000000011	88.590000000000003	0.056780656324072309	0.18881698148250511
3.2600000000000002	0.06398335315557882	0.99554920151403081	0.99153247965542524	0.78425078537202064	8.5796071796522551	58.61780920113226	382.34699187259906	8.849649265559643	58.925777057657207	351.56586749156156	96.370000000000005	91.38000000000001	88.659999999999997	0.056637702531100564	0.18853295059010561
3.2800000000000002	0.017203894117852035	0.99551087952876427	0.99122322936922269	0.78383396844900222	8.5724753483509577	58.822513103240411	381.24841294205515	8.7943617514224162	59.022663287925255	356.11576849012164	96.379999999999995	91.38000000000001	88.659999999999997	0.056496079883730163	0.18824935678509641
3.3000000000000003	0.056751418433298707	0.99546509504890146	0.99101747920465633	0.78336983416604433	8.5091288794838285	59.262459982566988	382.77279327745993	8.7163316585639485	58.958504470056958	359.57275726099283	96.359999999999985	91.420000000000002	88.679999999999993	0.056355510086265714	0.18796650107354651
3.3200000000000003	0.047369944476185546	0.99542262298055351	0.99086349083830849	0.78521566133252285	8.4708615485765524	59.84789844871149	383.05655694383239	8.7046059660781125	58.794160912891584	362.65179362853263	96.359999999999999	91.490000000000009	88.730000000000018	0.056216060418094502	0.1876838161303879
3.3399999999999999	0.066524035964430614	0.99541090361126305	0.99067764524302571	0.78812156464106131	8.383303695901839	60.145622566889358	383.7227625831996	8.6867671353308307	58.626730409080963	364.12093073669854	96.340000000000003	91.5	88.810000000000002	0.056077545465205846	0.18740208642655951
3.3599999999999999	0.12757985277427117	0.99540847699435298	0.9904316329069196	0.79058071295520327	8.2893178374750232	60.159463496019917	385.08460461983532	8.7239281034680669	58.620735667165071	363.64568299693281	96.310000000000002	91.550000000000011	88.870000000000005	0.055939963876664903	0.18712110648111202
3.3799999999999999	0.086462795534495263	0.99538495125236515	0.99014331987931592	0.79121225603932932	8.2936726353677805	60.313477398894769	384.49321471711232	8.72305761727117	58.66232029929612	362.55399974249605	96.319999999999993	91.610000000000014	88.849999999999994	0.055803334258630558	0.18684132769175724
3.3999999999999999	0.084601851989841437	0.99536800043386076	0.98987095209017328	0.79168097132077919	8.2337659095201801	60.745190966923914	383.00565316123499	8.7833878673188472	58.759704919759848	361.21942027772644	96.290000000000006	91.680000000000007	88.870000000000005	0.055667666176308139	0.18656255567158392
3.4199999999999999	0.15372910120659927	0.9953573984497176	0.98958487295068331	0.79176823907178895	8.1283346042134816	61.075312637549892	384.34432942190841	8.7810656108337977	58.892816947581295	360.19560772598373	96.22999999999999	91.739999999999995	88.969999999999999	0.055533074387454903	0.18628458819892443
3.4399999999999999	0.075632938342305667	0.99536548927941604	0.98934114269504148	0.79022138386358842	8.145448987748086	61.001798597499203	383.97794035454768	8.7496368081613376	58.93270707342954	361.39821461464351	96.269999999999996	91.709999999999994	88.989999999999995	0.055399631153585802	0.18600772350884145
3.46	0.084845022223547908	0.99537851982637804	0.98908573157753421	0.78914168034091525	8.2039976289495158	60.835707948657365	388.81288750914052	8.72141395273702	58.8841352747203	361.17568383109455	96.299999999999997	91.710000000000008	89.120000000000019	0.055267296458285708	0.18573189006041821
3.48	0.097149159670308377	0.99539194038339196	0.98884777810203295	0.78812512616876229	8.0970139430012615	60.44522027106477	389.09261887479181	8.6883966075062915	58.758942491995711	360.49154065885284	96.25	91.640000000000001	89.13000000000001	0.055136076903118669	0.18545692586337098
3.5	0.18871871312253388	0.99539839696424193	0.98858244169577847	0.7860755085066804	8.1283253678903797	60.074828402064064	388.89366285703306	8.6739921481616697	58.687218918885584	359.29502551693315	96.260000000000005	91.61999999999999	89.140000000000015	0.055006120363193876	0.18518260248401958
3.52	0.075346276770281079	0.99539453662626387	0.98827509199925356	0.78378753795729517	8.281905770976703	59.884298432327896	387.77195508317658	8.6705870614448965	58.610522264228834	358.09856885124469	96.309999999999988	91.599999999999994	89.099999999999994	0.054877179934480283	0.18490943148383668
3.54	0.18308036634018962	0.99539535746487218	0.98790023419321604	0.78034431035194962	8.2550808729795939	60.255227143697212	390.44396314481685	8.6723148148073186	58.679446267939241	355.08971786270502	96.269999999999982	91.640000000000015	89.159999999999997	0.05474912237941694	0.18463731144970211
3.5600000000000001	0.13268011437112251	0.99538708246922025	0.98753624478604396	0.7776901394737139	8.376821569163301	60.726062385682766	387.91634919274776	8.7150574710718942	58.685250031515501	352.81249142950344	96.329999999999998	91.679999999999993	89.150000000000006	0.054622145362852467	0.1843660617906123
3.5800000000000001	0.1302387802285345	0.99537278157985654	0.98720049557159739	0.77742671864619417	8.5536582861675736	61.184707616098038	385.82346857877417	8.7427280884232275	58.792269124158352	351.22646232740965	96.36999999999999	91.749999999999986	89.189999999999998	0.054496147940559292	0.18409568637843149
3.6000000000000001	0.15138969722330775	0.99536067137600492	0.98684078825767974	0.77710009556976489	8.6094539218846329	61.335857774140287	383.07983871833449	8.7413388587062926	58.805157354134508	349.29287553523119	96.36999999999999	91.800000000000011	89.210000000000008	0.054370906585791842	0.1838261016147465
3.6200000000000001	0.11700413401234697	0.99533410627840113	0.98645544004287689	0.77722132009466316	8.5777909728462429	61.129975037349979	380.40834548820965	8.742764678249932	58.887597893540622	346.99878363511459	96.359999999999999	91.780000000000001	89.250000000000014	0.054246523832512647	0.18355698668848999
3.6400000000000001	0.12443073066027091	0.99529837022594803	0.9861337700747711	0.77821581906239978	8.4216063668659409	61.13688737088016	380.43903361676286	8.7010678570706528	58.881243456581203	345.1553887581149	96.280000000000001	91.760000000000019	89.359999999999999	0.054123039225096592	0.18328791959634322
3.6600000000000001	0.19944710988221778	0.9952818413684813	0.98587663187533392	0.77889923124624061	8.3762602144545859	62.062719619214874	377.20699073097819	8.671523175558411	58.952426673488063	343.50046202573242	96.280000000000001	91.849999999999994	89.36999999999999	0.05400022269826886	0.18301919033148337
3.6800000000000002	0.049189028623737925	0.99526185562720604	0.98565482684376948	0.7789948982493915	8.3619423713175358	61.924126182419194	377.60824561859221	8.6289911121992109	59.129797832263236	340.79074575151236	96.269999999999996	91.799999999999997	89.430000000000007	0.053877999017440573	0.18275086686968087
3.7000000000000002	0.14288922862767692	0.99523972016081219	0.98539452060657717	0.77850557040768931	8.4057671812908925	61.174729471636944	377.06963159525293	8.6047754764196931	59.538671157799982	339.28047812433567	96.299999999999983	91.63000000000001	89.449999999999989	0.053756168896782898	0.18248277975986765
3.7200000000000002	0.10360819185571397	0.99521626561245569	0.98518971258373345	0.77764623411606737	8.350661572245837	61.114474440207893	374.35535009550091	8.5916314578709017	59.659625532748962	338.7330652828129	96.289999999999992	91.539999999999992	89.379999999999995	0.053634621942278214	0.18221474806105512
3.7400000000000002	0.17386277097719469	0.99519548438843786	0.98493787877715167	0.7765519263610432	8.4053928385753576	61.856957955148687	380.33362576578901	8.5808927213956281	59.979200415291437	338.44802701857992	96.319999999999993	91.609999999999999	89.559999999999988	0.053513397551093925	0.18194633196262347
3.7600000000000002	0.14902231369838226	0.99516632712916697	0.98468082764890641	0.77571486449442484	8.4819318761910996	62.129848305399982	381.95011958052066	8.5730449912819289	60.226685429461817	338.7584224841051	96.330000000000013	91.580000000000013	89.599999999999994	0.053392627356202385	0.18167759325643373
3.7800000000000002	0.087629960318486994	0.99513416300473845	0.98445422183528408	0.77461617098033164	8.3410647914528511	63.010819634536404	384.38114102456387	8.535916713543104	60.381889977293824	338.57852175025175	96.25	91.650000000000006	89.609999999999999	0.053272658942543336	0.18140860763360694
3.8000000000000003	0.3084016153565734	0.99511922929806929	0.98432033952926989	0.77290446032209481	8.3860000996007091	63.122360543259603	384.26757115833362	8.530231877828351	60.573356895470532	338.52107368828854	96.25	91.61999999999999	89.620000000000019	0.053153251609897222	0.18113911883362743
3.8200000000000003	0.22802574774962614	0.99509539669646807	0.9843124454195149	0.77159212045067227	8.5230278882675172	63.749359574955221	381.74494195022038	8.52709234075318	60.796796020301954	338.23416132921807	96.289999999999992	91.63000000000001	89.610000000000014	0.053034215649999661	0.18086932786082313
3.8399999999999999	0.2395852633632482	0.99505122791619338	0.98427841080037515	0.77043212151764284	8.3757418903868377	64.14783016198966	379.89100412441474	8.5221676390648327	61.045021727455968	337.20770850530346	96.200000000000003	91.61999999999999	89.609999999999999	0.052915406500880433	0.18059905819791369
3.8599999999999999	0.19673123931504455	0.99502351657572596	0.98432401838703854	0.76917053512320555	8.1518295336371303	64.081124278229481	380.66761859601388	8.5130294560893205	61.277452086646008	335.96344393862375	96.049999999999997	91.550000000000011	89.680000000000007	0.052796834085114895	0.18032818679124327
3.8799999999999999	0.38819290220197589	0.99502000595381068	0.98443844265952918	0.76797992330211895	8.3502419310831346	64.611895106482393	380.70804805063563	8.5197807180090326	61.576788238682276	334.0783298911814	96.120000000000005	91.539999999999992	89.700000000000017	0.052678283454171637	0.18005610437543748
3.8999999999999999	0.2408326486272796	0.99501170853654453	0.98465212608338759	0.76711684186249807	8.338150905228586	64.636330546888374	380.12612921353514	8.5060470971986994	61.965015161056286	332.41724448103099	96.109999999999999	91.489999999999995	89.719999999999999	0.052559720412586677	0.17978259285101067
3.9199999999999999	0.39264748993946308	0.99500423816036032	0.98490011793318111	0.76634476917111105	8.2106952654477965	64.559483284557118	380.97205593854522	8.4937565263537724	62.321404939413902	332.10356761945997	96.090000000000003	91.439999999999998	89.77000000000001	0.052441091483410716	0.17950711147636322
3.9399999999999999	0.51016235957852829	0.99502143325373138	0.98509491522694925	0.76514627570198157	8.1757153564500591	64.574468806692465	380.44091845238415	8.4830243258862801	62.499798352784481	331.83289800495044	96.049999999999997	91.400000000000006	89.790000000000006	0.052321889928693618	0.17922777158881786
3.96	0.52359826173651447	0.99505494991955401	0.98509447728164834	0.76522470739933157	8.2746565066390279	65.382327797877252	380.73331649057724	8.4559084413692212	62.628473586855236	332.0771816061482	96.099999999999994	91.419999999999987	89.840000000000003	0.052201266530701437	0.17894202635332415
3.98	0.37596710353454921	0.99506363053613467	0.98495912308469324	0.76575355549269686	8.1466179165917882	66.19284703277944	380.37569648797665	8.4284229285687982	62.687813886767216	331.63407203847657	96.030000000000001	91.47999999999999	89.890000000000001	0.052076587950281215	0.17864075701376544
4.0	0.57775540956926796	0.99407012932895744	0.98087641262891467	0.76309293134479705	8.0896472973098597	66.351261711381738	378.20960263719235	8.4354690277676152	62.526943902297681	329.7507955570685	95.989999999999995	91.530000000000001	89.939999999999998	0.05193169322964445	0.17827719510079637
