weight	lyapunov	err1	err2	err3	m1	m2	m3	std1	std2	std3	null1	null2	null3	f	stdf
0.0	nan	0.74078896041982456	0.12391124338170253	0.020914198899142488	36.775245006292934	49.11135072832667	39.563858685734402	28.226733846460615	46.206739060060734	42.582334294587724	99.72999999999999	99.719999999999999	99.689999999999998	0.99999659305249511	0.0010810473688957225
0.02	0.0010201303060261421	0.90793227826620571	0.9438874284958223	0.4562780736233833	12.419152759408375	54.554145420339161	133.8567944212806	11.75234264565113	46.675558681344441	104.99889508757562	89.240000000000023	52.160000000000004	23.739999999999998	0.55293347549581839	0.017498483675484462
0.040000000000000001	0.0053395666704035855	0.94179365586628205	0.95676756220989978	0.48771144123319143	9.3937534607891955	41.940006160894434	117.72035889874857	8.836450134540712	36.308629794697381	100.60020015732879	78.609999999999985	59.620000000000005	24.149999999999999	0.38210826711445212	0.024192542374296921
0.059999999999999998	0.0059286935359611865	0.96568729842606871	0.97275063666092143	0.57828741747875623	11.196593710311888	42.762649892333059	169.1776320451568	10.323371216774586	38.402172830795919	143.39476280090878	80.300000000000011	61.11999999999999	17.619999999999997	0.29192191481769181	0.027782187767020773
0.080000000000000002	0.0099432991713699764	0.97560226331636957	0.98729763829704731	0.61298451378929253	11.620437447086116	43.010727850423095	150.1522316974654	10.909495394169339	38.104799313426774	130.55877529546635	82.640000000000015	63.070000000000007	19.649999999999999	0.2361791791215373	0.030065889619750152
0.10000000000000001	0.012761483632578556	0.9702937591052434	0.99070480073719658	0.59001182779113492	11.251703710544547	36.753425132024375	115.50575623903515	10.595949560370418	33.161852913223456	104.40228257947425	84.929999999999993	68.849999999999994	22.360000000000007	0.19831298485392357	0.031686149580951874
0.12	0.015395915083899835	0.96337885403600299	0.99018656920772918	0.60124972044646641	11.399035717295373	31.164214873369865	126.60823772118552	11.393590149151937	29.187321053944459	110.26308074154549	88.360000000000014	74.180000000000007	20.27	0.17091431279102001	0.032917297077623538
0.14000000000000001	0.0063032764639678902	0.95952689247985423	0.99017576937408924	0.63102153006540429	12.522935242340983	27.446311428334116	159.38078050176065	13.093383974855263	26.955771172274467	135.03544178585292	92.13000000000001	76.799999999999983	17.440000000000005	0.15017337810553294	0.033882102830669072
0.16	0.0019773024764337291	0.96336616453987456	0.98984316890155433	0.64962860267228306	12.257616042132277	25.843307797522641	160.91459684603498	12.815624928338952	26.391347264425121	138.31738980591075	93.079999999999998	77.920000000000002	16.859999999999999	0.13393027616366249	0.034645961061673405
0.17999999999999999	-0.023971867969191769	0.96391543896446008	0.98920560464147034	0.65553282972183746	12.35302874404101	25.540441746889492	143.54261208929671	12.708505461059053	26.156804679501612	127.24641724512571	93.280000000000001	78.72999999999999	17.899999999999999	0.12086849738328383	0.035249246117904191
0.20000000000000001	-0.026136759817854426	0.96461600258592528	0.98869798110852902	0.6598041825071238	12.14041368643765	25.453965100671411	134.74941779072316	13.241782644065387	26.26945541016271	121.93463680540044	92.840000000000003	79.629999999999995	18.609999999999999	0.11013936138483923	0.035724598111843274
0.22	0.043773837620724614	0.96880402604577154	0.98740642801653722	0.66622962657621287	12.669662682094089	24.913698217048513	137.29175223765884	13.842429849747404	26.872845238631989	121.84011926587291	92.540000000000006	80.149999999999991	19.229999999999997	0.10117082659695198	0.036100079708227324
0.23999999999999999	-0.0095237286751815951	0.97304908947976576	0.98555672640602077	0.67493401323562208	12.70367251479086	24.918971208922635	144.6783436395101	13.53673474092696	27.258116151231793	127.26267710483589	92.370000000000005	80.829999999999998	19.27	0.093563799350375884	0.03638784055896277
0.26000000000000001	0.049296547455275036	0.97712370445463503	0.9839284834969293	0.6875510705721195	12.536877161561209	24.867620647354105	152.9414227613795	13.218135570152867	27.117968700837071	134.9976060851136	92.25	80.989999999999981	19.190000000000001	0.087030721467570821	0.036605928008715719
0.28000000000000003	0.064604931325761242	0.97957105191824723	0.98315066507127857	0.70020542508336003	12.306535956770853	24.872262483171031	156.80221605158653	13.357196902732227	26.695633630305799	140.16699461577301	92.260000000000005	80.920000000000002	19.990000000000002	0.081359521144926644	0.036776429159369559
0.29999999999999999	0.08238416849727194	0.98092439275227206	0.98305453427992562	0.70802085675721638	11.755729387162276	24.067350013451204	157.33726172952794	12.289668536709398	26.556697955090243	141.88721582195848	92.130000000000024	79.859999999999985	21.390000000000004	0.076391246773376401	0.036890377114258813
0.32000000000000001	0.097394638912196144	0.98189451068690636	0.98263793072298944	0.71444095804832586	11.20038381300235	24.563614098205772	157.2507464314175	11.393263279758234	27.180482788842987	142.35073058388593	92.070000000000007	79.750000000000014	23.170000000000002	0.072002810346236817	0.036966085718434384
0.34000000000000002	0.067866976705618143	0.98304387988004627	0.98278964447906425	0.72436016158225047	10.817828069008561	25.435023551696055	155.01416300459482	10.794831435672261	27.18722269308622	142.05490654853494	92.02000000000001	80.02000000000001	23.960000000000001	0.068098853369324808	0.037000708099727248
0.35999999999999999	0.15057936529097304	0.98379711779896473	0.98316775322710392	0.73215198742582277	10.682899602896585	25.781449796976581	152.2283346857746	11.030968461171012	27.140659265624198	141.90643427268691	92.130000000000024	80.070000000000007	24.169999999999998	0.064603581723686396	0.036998127993165167
0.38	0.12204591407655072	0.98427568060295878	0.98340015810731063	0.73745943154283433	10.766797458817615	25.834539080948542	151.42672991802482	10.717087592282152	26.803119558386413	140.54640327988363	92.379999999999995	79.86999999999999	25.780000000000001	0.061455797914381383	0.036971823636776681
0.40000000000000002	0.14863783591501298	0.98456476678054372	0.98338020649319025	0.74224238686661248	10.798538917410863	25.94934731547686	151.59108652929996	10.660468714035481	26.552333260023175	139.62002945944747	92.5	79.879999999999995	27.919999999999998	0.058606213561921319	0.036922978346287688
0.41999999999999998	0.067025275202159215	0.98484330214074267	0.98366753740612511	0.74900582027397511	10.441705502893692	25.820504729132768	148.03459741689636	10.52118154777644	26.986846277024739	139.65261028885476	92.349999999999994	79.789999999999992	29.07	0.05601440682646721	0.036863842747760403
0.44	-0.14363088564829024	0.98514129201653267	0.98384450592046357	0.75797559848704221	10.522703264600823	26.4616044900303	144.26517080253089	10.651404224382114	27.287830901890707	137.74671569859939	92.550000000000026	80.38000000000001	30.520000000000003	0.053646881361202457	0.036795529995024924
0.46000000000000002	-0.24193941616720532	0.98521605549600966	0.98358657957627238	0.76392813967873729	10.13367037246392	26.286159802026766	141.05937365545449	10.570932054735513	27.587941853494833	134.34969442734175	92.369999999999976	80.309999999999988	32.219999999999999	0.051475964014121675	0.036717414994687711
0.47999999999999998	-0.27810354106912716	0.98525142043957903	0.98336924194587161	0.76941710080300596	9.9495341453896788	25.974450789991199	137.30148587861427	10.345551143646038	27.184204220721618	131.73485780020226	92.350000000000009	80.080000000000013	33.759999999999991	0.049478182102257171	0.036637898512127572
0.5	-0.26823747969363204	0.98536194230620455	0.98328092095871644	0.77329292093189461	9.5927653386808753	25.595084780238768	133.71633692640773	10.334013659105283	26.78324896067371	128.27608798102091	92.150000000000006	79.86999999999999	35.780000000000001	0.047633811211800409	0.036558185978374617
0.52000000000000002	-0.27816301640087826	0.9854432423944639	0.98315236078193902	0.77548592515182313	9.5959718260841882	25.339557191892542	127.68981791951845	10.172554250974349	26.572847880144273	123.35971118610898	92.189999999999998	79.650000000000006	37.189999999999998	0.045925993215006747	0.036477624979328098
0.54000000000000004	-0.27517274299954175	0.98535266366664231	0.98276729650661709	0.77911450002389082	9.1647370896214788	24.841316945366209	123.90285962353309	9.9602689521514129	26.396502691867408	117.28724410047968	91.890000000000001	79.299999999999997	39.079999999999998	0.044340158109001479	0.036393407925551201
0.56000000000000005	-0.27343179973316956	0.98525362973078767	0.98234424709752821	0.78104154665146874	9.0876175341901249	25.357786083556583	118.56613085674212	9.7802314721246173	26.071278258863277	113.77680337844529	91.88000000000001	79.700000000000017	40.519999999999996	0.042863699674352537	0.036297510381220359
0.57999999999999996	-0.25940198835734896	0.9850759281794067	0.98197813977420734	0.78303301639479428	8.7783607400721273	24.93992490405963	112.55979862058605	9.6545924377025365	25.922733731243547	108.38784834072757	91.630000000000024	79.430000000000007	41.119999999999997	0.041485379595639561	0.036195622944943537
0.59999999999999998	-0.27953768638984461	0.98487368382856233	0.98155403276576192	0.78535890637628103	8.6847437886973697	24.80834768902394	109.46964138854302	9.5368105266964882	25.509060661869576	103.780513940948	91.590000000000003	79.450000000000017	43.420000000000002	0.040195735362328996	0.036092610608091921
0.62	-0.26340838740142719	0.98451832263782513	0.98126628543196737	0.78733993682352299	8.6236267763636683	24.426365116430894	104.73009615108886	9.486899528793419	24.984092488752079	99.878744764459739	91.549999999999997	79.239999999999995	45.110000000000014	0.038987013668051997	0.035979909522847672
0.64000000000000001	-0.24253174589112322	0.98431232468322738	0.98095996683943354	0.79189709479562786	8.380321743279282	24.16969560253218	100.4981337069365	9.1144564193056574	24.673987513609063	96.10260617764871	91.320000000000007	79.22999999999999	46.93	0.037851590459322564	0.035872079728600376
0.66000000000000003	-0.2703382724793747	0.98419189014607622	0.98029027443794836	0.79769971586413924	8.0465606447213514	23.64008494119199	96.578743950178904	8.7332749625781503	24.674429780943644	90.880728067993047	90.970000000000013	79.039999999999992	48.409999999999997	0.036783366061672998	0.035767170455796062
0.68000000000000005	-0.24375604966222764	0.98406719807842136	0.97984621844430764	0.80040101452703905	7.7799035194376929	23.350249274951491	91.892018506251901	8.4216833699796183	24.377258907703087	87.379090966346126	90.669999999999987	78.930000000000007	49.199999999999989	0.035776146480160545	0.035660222979534847
0.70000000000000007	-0.25055898194950826	0.98387349990924999	0.97936425217335166	0.80305597113440341	7.564218043761282	22.939108918343685	88.036642163526338	8.2518911323634079	24.079068153086972	84.264420191188819	90.439999999999998	78.660000000000011	50.289999999999992	0.034825098717391464	0.035559496289903555
0.71999999999999997	-0.23449029774957958	0.98372063773266505	0.9786800741203534	0.80580262173063988	7.4255534631692113	23.629468158035372	84.821158814006253	8.0098593631239918	23.920005810898321	80.678174353429227	90.22999999999999	79.439999999999998	51.299999999999997	0.033925427281141951	0.035458243690768367
0.73999999999999999	-0.24411121863913809	0.98360009694521222	0.97809800728287188	0.81041797070415578	7.3396599242171803	22.985898565484913	80.052020233086608	7.6658298501228561	23.321318038787101	77.411861458874384	90.050000000000011	79.030000000000001	52.010000000000005	0.033073566930306816	0.035362297133300316
0.76000000000000001	-0.2368069300266635	0.98354430063228016	0.97732551092807785	0.81538896221052026	7.2656326458558711	22.574577050378149	76.158205964703669	7.4574939231769024	22.778818030805528	74.473068615135944	89.909999999999997	78.840000000000003	53.789999999999999	0.032266059427366947	0.035257019933243407
0.78000000000000003	-0.21210158525775571	0.98344238080527402	0.97676591380255873	0.81482753325275803	7.0357979100167398	21.932147468224532	72.404203084968273	7.2240771663668468	22.52233882281952	71.736705942933426	89.570000000000007	78.549999999999997	54.890000000000001	0.031499284191601543	0.035134886971422044
0.80000000000000004	-0.20555891354394948	0.98322163827247466	0.97658459093158922	0.81581797625378116	7.0087327163550315	21.183742068108998	69.436287031544921	7.1209135624771083	22.091928214942847	68.091192275595901	89.460000000000008	78.140000000000001	56.120000000000005	0.030769937285031551	0.035003540960353602
0.82000000000000006	-0.19469574798551709	0.98275291677005094	0.97642079039011809	0.82021567974212672	6.8567853528091423	20.666709185808777	66.556554386318197	7.0069412518781791	21.365581671886108	64.203174033478433	89.22999999999999	77.879999999999995	57.020000000000003	0.030075898032858778	0.034878437166666526
0.83999999999999997	-0.17963280988737898	0.98223391098605628	0.97510312043091785	0.81945797626650074	6.7023557906442708	20.061875423392387	63.446398533137497	6.9441698984821993	20.617145993686684	60.853727408880367	89.010000000000005	77.300000000000011	57.710000000000001	0.029414671468427911	0.034750337192615569
0.85999999999999999	-0.13233913031317968	0.98156290331646434	0.97455972398381197	0.8186228454729475	6.4368950169348835	19.995081365489604	59.641733884187332	6.8830786124059369	20.281209092755581	58.310441501976072	88.570000000000007	77.309999999999988	57.960000000000001	0.028783728916981333	0.034603214343957356
0.88	-0.14813973883654188	0.98066266350625941	0.97336182749724676	0.82558335844679964	6.2180368523129976	19.390695876675057	57.352215460342862	6.6175108457095444	19.593676113542468	55.6078760741431	88.200000000000003	76.900000000000006	58.240000000000009	0.028180927417739317	0.034462452312734995
0.90000000000000002	-0.098548377937495504	0.98005525308555197	0.97170137145199575	0.82832982423759205	6.2477995377433544	18.769675452452638	55.619193637322397	6.4420622515434527	18.999381957776443	53.800931101704087	88.22999999999999	76.280000000000001	58.810000000000002	0.027604907848360623	0.034316960441129786
0.92000000000000004	-0.094853678988150295	0.97893295898038402	0.96985544373803445	0.83034254120302919	6.21106655205684	18.523145497078449	53.062851490465732	6.3940662862271456	18.391076624226393	50.472291991587561	88.159999999999997	76.140000000000001	59.140000000000001	0.027053126033598295	0.034158564360569035
0.94000000000000006	-0.06481255484657536	0.97717295826426365	0.9699613075067598	0.82856520566766245	5.9204810676043724	18.281655039092165	50.861426125938848	6.1149698399499082	18.215921459897555	47.766916189947651	87.63000000000001	76.010000000000019	59.679999999999986	0.026524522541713134	0.03401339078466506
0.95999999999999996	-0.034600757206686386	0.97617652531190158	0.96753663252166755	0.83140489100167358	5.8145093420246292	17.792353835246793	49.917903024681728	5.8623413623629537	17.680840807281538	45.792403016129072	87.390000000000015	75.620000000000005	60.450000000000003	0.026018559810323628	0.033858955293802048
0.97999999999999998	-0.031084776841977191	0.97476149292536962	0.96401880908593418	0.80084276877675042	5.6787193893404107	17.502049337856125	47.594257481004199	5.7526126967063878	17.3405309162085	44.539032998672305	87.060000000000016	75.609999999999999	60.320000000000007	0.025532424603653403	0.033711053599472733
1.0	0.021939463848448196	0.97277983738030083	0.9622175553186324	0.81017686600513383	5.608949400434537	17.269034920847833	45.830874780247015	5.6775740573516433	17.070152803206764	43.104720820850943	86.900000000000006	75.500000000000014	59.719999999999992	0.025068655697167458	0.033613321929486045
1.02	0.070852788159119495	0.9710005123286628	0.95733141013670564	0.80071058376039161	5.433676509071991	16.518986872065245	45.081396059993367	5.6052936809078684	16.330863964833384	42.253012767236036	86.499999999999986	74.590000000000003	60.079999999999998	0.024619193549662171	0.033413982704428136
1.04	0.0790271119676864	0.96258174955866183	0.95030867810968878	0.74318627584347074	5.188226646565079	16.569491343870716	42.910854864069947	5.3644455681431076	16.163334668185847	41.195765304487161	85.780000000000001	74.949999999999989	61.010000000000005	0.024184543393500429	0.033153104197080452
1.0600000000000001	0.12733143393610621	0.96596341238962791	0.92540649279767817	0.75685554886451101	5.1017378718704052	16.134063485846426	41.350838763777809	5.224147003590959	15.821687184244951	40.126826105074493	85.409999999999997	74.289999999999992	60.899999999999999	0.023768864607312187	0.032919225318161417
1.0800000000000001	0.16980310046776712	0.96230992796920167	0.93197506503355088	0.75660892558164516	5.1736418432250399	15.657220157415116	39.419760697337907	5.0669052275786148	15.155308697039761	38.257535569247281	85.489999999999981	73.549999999999997	61.140000000000008	0.023368009165558489	0.032742214262127964
1.1000000000000001	0.27774564156655945	0.95949636408717731	0.93347983358351283	0.73623926739770129	4.9677104916415988	15.319063342453987	37.911138254781072	4.8531234045608107	14.972335757538449	36.478441930112673	84.900000000000006	73.659999999999997	61.489999999999995	0.022981486230026313	0.032563987617973605
1.1200000000000001	0.33473989236493262	0.95765365648414968	0.92549970915156687	0.74182857258185453	4.7846078849770697	14.781427164692502	36.125448321185623	4.789681645738435	14.408542937661093	34.564163181171281	84.299999999999997	72.859999999999999	61.220000000000006	0.022608705007185183	0.032285374139929192
1.1400000000000001	0.53373875523535175	0.95716566951415571	0.91283443739398851	0.70854037707709661	4.7461318672523038	14.596353973210034	34.852881983101732	4.76016427807577	14.337555982265467	32.760257561370032	84.070000000000007	72.540000000000006	60.239999999999995	0.022247167993148891	0.03201476537094395
1.1599999999999999	0.46073164179169501	0.94671343925167195	0.89491867119679291	0.66095850967157377	4.6776492213549004	14.246941433392049	33.768432369790823	4.6810927860698381	13.780971688898685	31.010007595210322	83.810000000000002	72.460000000000008	60.459999999999994	0.021897800017944027	0.031737891609184624
1.1799999999999999	0.55280700440075992	0.93782288346641651	0.8875872653802388	0.68602020179710055	4.6723795036009754	14.211624334347718	33.219739275710133	4.5084008180587123	13.551808136147951	31.059783702512231	83.689999999999998	72.129999999999981	60.419999999999995	0.021561343858648798	0.031330846659915861
1.2	0.87150070368577903	0.93212297311051007	0.86969742826487995	0.65056494839004686	4.615699573481935	13.773273861510038	32.870011690190381	4.4720982840606407	13.091622002062319	30.60403505080567	83.390000000000001	71.280000000000001	60.100000000000001	0.021236370542498904	0.03094087398539782
1.22	0.80330929192318068	0.91767657950982695	0.87861344120878915	0.63161703988203866	4.5267735990687061	13.707898743082051	32.381119429679686	4.3669331051305944	12.941261746221992	29.309907726686351	82.810000000000016	71.069999999999993	59.75	0.020922041224077818	0.030481209383719593
1.24	0.84471745335649795	0.91800635532639596	0.85898740649811867	0.5832703706779101	4.3929013039600271	13.455210692649374	31.445915258241435	4.1290066659668714	12.538457792099409	29.384641908792162	82.239999999999981	71.119999999999976	59.63000000000001	0.020617800453332828	0.030257864525873562
1.26	1.1468201149838009	0.91411977993288662	0.85829594859895209	0.60676627409634798	4.2296367130813115	13.225069082429339	29.211616068689079	4.168858621583813	12.672453296585669	27.485884977110999	81.590000000000003	70.25	59.820000000000007	0.020319818078255895	0.030005593156828964
1.28	1.2823203708713702	0.90380469630147997	0.8741594177517259	0.63328559227818215	4.2533249701008478	13.083896558207844	29.626475986007129	4.0632629417424582	12.647182175212119	28.03659729364897	81.570000000000007	70.519999999999996	59.319999999999993	0.020033493114508825	0.029727964923367246
1.3	1.2804650296241535	0.87414774147069441	0.83216728197345469	0.57797983326550262	4.1285893205860997	12.886579596969986	31.236452032783951	4.1405552149563638	12.267418107188069	29.064751610331836	80.829999999999984	69.810000000000002	58.38000000000001	0.019753776818651991	0.029203472029012367
1.3200000000000001	1.3550588030002795	0.88102953708520393	0.80075547998570118	0.51632497107796138	4.1363955351034871	12.687647152333156	27.746473437373577	4.0945257635736478	12.612484579286319	25.970596211394518	80.77000000000001	69.909999999999997	58.779999999999994	0.019486064612987762	0.028949585732576749
1.3400000000000001	1.7232679150311436	0.86993765874317042	0.78589599272867561	0.53229871251769301	4.0552758969700493	12.202287933103449	27.4774446540711	3.8882308995399439	11.971089463795163	26.167863883031522	80.240000000000009	68.780000000000001	59.189999999999998	0.019228700860421145	0.028695051509724855
1.3600000000000001	1.2957276441350702	0.84735789146241414	0.79209758830417643	0.59363290491193432	4.0554712723337953	12.231175453491677	26.881255799147247	3.9099400260462658	11.672762615700133	25.291659428173638	80.160000000000011	68.879999999999995	58.560000000000002	0.01896708469065678	0.028280691263890399
1.3800000000000001	1.5279050371845329	0.86695032415618045	0.7830071578799126	0.56939251461080476	4.0011805197223484	11.928107700700746	25.461021834691728	3.7922818745878901	11.510271953726299	24.197456312676156	79.559999999999988	68.480000000000004	58.709999999999994	0.018726437977437664	0.028500003345686264
1.4000000000000001	1.6995215418758864	0.858796011280762	0.7882329098931411	0.5222949171561545	3.9337169429569565	12.061538865929043	27.062617309780002	3.601629724620242	11.319322696324543	25.044847450416675	78.859999999999999	67.939999999999998	58.379999999999995	0.018480499167580003	0.027785358504080843
1.4199999999999999	1.9781154888361747	0.82562948500569644	0.76517342552380485	0.50429456105438519	3.9704577300869408	11.815729346185371	25.466669098501939	3.7821418354329404	11.240086122337024	23.682968124919391	79.210000000000008	68.519999999999996	58.500000000000014	0.018245212224506646	0.027388186341183285
1.4399999999999999	1.6156680448051886	0.8296658517453348	0.77063938408512045	0.49567052811471635	3.9778637607334479	11.574613579231883	25.020071887829026	3.6702896159254932	11.120454765222348	24.160359241953678	78.799999999999997	67.130000000000024	58.229999999999997	0.018021515370419645	0.027225505212367683
1.46	1.6856610644604753	0.81836847666342205	0.75656001609268342	0.46427452302397298	3.941267474210254	11.420144170584404	24.700771452938163	3.5355247202849398	10.851276129203772	22.623211590676981	78.570000000000007	67.440000000000012	57.929999999999993	0.017806809762405774	0.027005670530630937
1.48	2.055762817247794	0.82423665359089482	0.74468534607237258	0.43867920297803426	3.9107006589852595	11.483591670806508	24.308591499388317	3.6265834367154772	10.705374867847173	22.463200137513841	78.420000000000002	66.810000000000016	57.979999999999997	0.017588383036700166	0.02648259766849332
1.5	2.2402314171836664	0.81900359076496232	0.73395583354946825	0.46369585540573011	3.8667714099649375	11.364843795428953	23.999786965281899	3.4944312202320154	10.566508300776778	22.157828029307094	77.620000000000019	66.579999999999998	56.510000000000005	0.017372397775494	0.026205920484422118
1.52	2.1640348776845131	0.80647987699682788	0.74063158335163526	0.410068014023386	3.7692650346646253	11.27226324002979	23.936441898510708	3.526105068949918	10.665019370078445	22.658698109935148	77.439999999999984	67.069999999999993	57.490000000000009	0.017172109029930532	0.026016485889774666
1.54	2.4121640302929905	0.78357497591648084	0.74890281783555035	0.41627170066230557	3.8156628034164415	11.402385046099111	22.73140377142995	3.4701623058446174	10.73987268992563	21.386251894836914	77.340000000000003	66.88000000000001	57.060000000000002	0.016971743648369592	0.025600445424796309
1.5600000000000001	2.318187622494138	0.78792193355988216	0.72573057571344735	0.44080772594243067	3.7260209739504249	11.007130463784822	22.175269580120155	3.5182014301763118	10.397386340690765	20.797699542099775	76.400000000000006	66.089999999999989	57.460000000000001	0.016778535795190029	0.025251844441460447
1.5800000000000001	2.6413270357699861	0.76932284515991722	0.70990763085798625	0.42631310018531632	3.8017686249596756	10.933349995394256	22.286340836148941	3.3271451439353328	10.208534341026395	20.942032825464644	76.760000000000005	65.860000000000014	57.220000000000006	0.016582885434582022	0.02468013421916871
1.6000000000000001	2.3832588766969636	0.77556169935338293	0.70206408748028104	0.38864809981538795	3.7216779775674214	10.82059086949219	21.777211736456241	3.4139898106827666	10.223890903359507	20.536441809264133	76.289999999999992	65.589999999999989	57.359999999999999	0.016399686421327782	0.02431711863478777
1.6200000000000001	2.773256720374432	0.7599212661242476	0.69218378254706048	0.3921329232616847	3.7787990465107475	10.912963960890455	21.725639048279128	3.4831360547608172	10.284006401710702	20.095324855775406	76.090000000000003	65.260000000000005	56.450000000000003	0.016215309540187656	0.024442703826731284
1.6400000000000001	2.7288242301748435	0.70252972541028791	0.61921716858681741	0.35398353321271497	3.769121497995326	10.7864997152759	21.396083061283775	3.4448602683054346	10.053108562726958	19.866041067037518	75.409999999999997	64.540000000000006	55.79999999999999	0.016039517621322226	0.023609414182721489
1.6600000000000001	2.8831651556672973	0.72433596027422698	0.65024113988537002	0.38597019934959514	3.8206951371275402	10.82779115841592	21.504305116305765	3.3802188593886378	10.28786698776053	20.244379678102856	75.699999999999989	65.340000000000003	55.970000000000006	0.015866612204264365	0.023456629695482727
1.6799999999999999	2.9811520935005573	0.71144033349517477	0.67986679937571926	0.40787140982661096	3.8730949180978045	10.742153999548229	21.069373194402896	3.4386858799904387	10.06973590040397	19.46970167146943	75.069999999999993	64.600000000000009	55.999999999999986	0.01570406638928732	0.023169314452420799
1.7	3.1046126119620863	0.72629291037726607	0.65693555654506142	0.36759690440662957	3.7828781338736439	11.016885093544149	20.962151035752633	3.4335614679663813	10.360412889375702	19.333813845609772	74.980000000000004	64.789999999999992	56.350000000000001	0.01555201390299373	0.023035221171664139
1.72	3.1996685174345365	0.69300886264566652	0.66136900622116723	0.39977578035682537	3.7902707215400939	10.80002437585747	21.432913890951177	3.4056722644946733	9.9784458353126837	19.910811842574311	74.769999999999996	64.620000000000005	55.460000000000015	0.015376606821898176	0.022613265838968305
1.74	3.3228661955852963	0.71318621289191853	0.65299251273986192	0.36164130206563155	3.720066560372755	10.623438058480001	20.540869421181668	3.4297705873999207	9.6951997347841825	18.87908521881231	75.200000000000003	64.689999999999998	55.5	0.015232535936176485	0.022606876958360007
1.76	2.9845655264998778	0.70691431231257018	0.67154778139615612	0.42357694159662451	3.8394852095555017	10.533107232827005	20.001803962541814	3.3022855918027729	9.9530570210393794	19.027265257851464	74.650000000000006	64.289999999999992	55.890000000000001	0.015075157789474384	0.022255467121193973
1.78	3.5873798952616482	0.70802801164910945	0.62057402927131788	0.33921967926377261	3.8378343374959889	10.366290598938278	20.39136102856785	3.4328227916495608	9.5463493093177725	19.155097184812508	74.039999999999992	63.939999999999998	55.339999999999996	0.014927948213701003	0.022081377649318432
1.8	3.7673603517398524	0.67771484324152187	0.6552499099592729	0.33954724560795485	3.8910091724234648	10.58234604912586	19.873535099418241	3.3733301765577424	10.359836931515794	19.529589205681816	74.189999999999998	63.36999999999999	54.950000000000003	0.014785905158009432	0.021818821700210284
1.8200000000000001	3.1685895819099072	0.63735486771862926	0.62106998314590933	0.26752837581299188	3.9149548596169752	10.473769480742238	20.107875879149553	3.4302531739803235	9.8991592374919293	19.391251194784974	73.22999999999999	63.039999999999999	54.839999999999996	0.014628763220149226	0.021045036377511525
1.8400000000000001	3.4641057845167023	0.61415780070786874	0.56105466913748125	0.24872210430528613	3.8472316388841605	10.728475232323898	20.225731971548736	3.4476173792655174	10.047440243639029	19.945530092955419	73.319999999999993	63.220000000000006	54.63000000000001	0.014484288330100927	0.020364150755327489
1.8600000000000001	3.6924569060698071	0.65764534954499854	0.58502979179045589	0.31189412887905915	3.880249023388719	10.223649300688624	19.557921561841248	3.308713581307555	9.7260498692860402	18.526256987186638	73.179999999999993	61.929999999999993	54.649999999999999	0.01435964266792299	0.020625157087225714
1.8800000000000001	3.7469626687452835	0.62682654549276973	0.58763637839924598	0.27558084450987708	3.8355506355708053	10.338799559106926	20.832234842786214	3.4000671325592378	9.5415377874231275	19.430271386492649	73.299999999999997	62.989999999999988	54.510000000000005	0.014227761143343181	0.020538036517572453
1.9000000000000001	3.7137112052383454	0.6029624121180609	0.60012738391662857	0.34176292036962774	3.8125600938829978	10.160757654674988	19.273552513334522	3.421073671900678	9.4388548849519633	18.241057543635854	72.569999999999993	63.189999999999998	54.549999999999997	0.014076262029906866	0.019728620492919475
1.9199999999999999	3.6387522983203922	0.60051710991496288	0.56537980673851385	0.28174630259091971	3.8534611603064008	10.502619168200308	19.462669468320936	3.4122426535274051	9.7308386490163965	18.458223318428505	72.609999999999999	62.430000000000007	53.890000000000001	0.013943949587113671	0.019694121631123239
1.9399999999999999	3.7911011226378717	0.60849291370843195	0.55789351423604605	0.29540833689951518	3.849014400531297	10.25674889001802	19.328931845272926	3.4183247862389727	9.5706589990756203	18.088057847117646	72.530000000000001	62.170000000000002	54.38000000000001	0.013827744095634356	0.01980208364238558
1.96	4.0942039334624107	0.60264358787589789	0.58886407848984301	0.2608918732642479	3.9010428789824765	10.320230148643002	19.158550200747051	3.447863586906537	9.9406468165672059	18.31746235944868	72.299999999999997	62.689999999999998	54.270000000000003	0.013706357580534182	0.019283999320910437
1.98	4.1766712714089742	0.59496659603861579	0.56114049970908542	0.29654605432869063	3.9450812333907317	10.300821259009606	18.956095715126811	3.4354241962273635	9.7554767245164182	17.856108708425506	72.419999999999987	62.479999999999997	54.689999999999998	0.013584362110694807	0.01931766959003962
2.0	4.2168916929135696	0.5783423904731444	0.50077091594639112	0.20550012231813994	3.937313963121305	10.350780894907391	19.32819199415237	3.3627954764373	9.6812709572416278	18.030543457471794	72.389999999999986	62.129999999999995	54.11999999999999	0.013462750416283175	0.018794141566633466
2.02	4.6273962091292598	0.59013639725672573	0.51467252576474043	0.19584842894236082	3.9656640081511432	10.513810939759093	19.476543542378344	3.4062016806030919	9.6909232160207672	18.533317222093675	71.859999999999999	62.140000000000001	53.660000000000004	0.013337251818821231	0.018341841827930621
2.04	4.7377167549643042	0.56244446257983749	0.53655049177557257	0.21132955882302093	3.9776532672120615	10.269449921295195	19.622683487478128	3.5145306893573407	9.6494333042791816	18.872427063679627	71.780000000000001	62.359999999999999	54.070000000000007	0.013230885918087651	0.018571071164128417
2.0600000000000001	4.437631295251145	0.53733406211903689	0.54322142203810064	0.2532838089139669	3.9225490156512861	10.200419892799436	19.229538058717232	3.4347064870793629	9.555695686913948	17.817002163836644	70.97999999999999	61.299999999999997	54.279999999999994	0.01310897601435888	0.017921657593313475
2.0800000000000001	4.708741916336769	0.54871921483660291	0.54882988441968517	0.21285363993383033	3.8800743403428113	10.390959432665325	19.047908867449951	3.3986758168192659	9.8092475485592043	18.010695308401573	71.049999999999997	61.989999999999995	53.189999999999998	0.013009502629680942	0.017709692298547058
2.1000000000000001	4.4677235823612245	0.55324277786868792	0.54959120967473996	0.24688378265901009	4.0551018592660162	10.382779801043352	18.937602992841711	3.7072907389145469	9.6602550406269927	18.002274930159626	70.739999999999995	61.009999999999991	53.279999999999994	0.012911566731075994	0.017805271750575745
2.1200000000000001	4.709884834605897	0.54699066647794869	0.51505676677323908	0.20371682878749811	3.9995854501217565	10.347156401501103	20.402862655043037	3.5527722754344326	9.5971685132928268	18.971578537914077	71.349999999999994	61.089999999999996	53.439999999999998	0.012803466038836493	0.017748135613930609
2.1400000000000001	4.9377100287545197	0.49231463752957427	0.46478652318126795	0.16609783582179763	4.0001128301175388	10.423769914464597	18.954259903216791	3.6454312777291009	9.6513673614586999	17.980521721211758	71.079999999999998	62.109999999999999	53.649999999999991	0.012688292843699036	0.016956995598098764
2.1600000000000001	5.0795906215302136	0.48478264963694284	0.47343841692294381	0.19235831764030722	4.0945994519866957	10.158452025428497	18.478407890953015	3.5506293365822801	9.4262185573630219	17.354873755606352	70.960000000000008	61.399999999999999	53.61999999999999	0.012583966392222909	0.016627382866424477
2.1800000000000002	5.3094981720636758	0.53433910477551783	0.4917393372433419	0.23324028042809036	4.0552534571790719	10.204603239301861	17.995345439108583	3.6008164765334243	9.3272276296370471	16.851556928921376	70.670000000000002	61.410000000000004	53.399999999999999	0.012484218401626442	0.017039044613035511
2.2000000000000002	4.7162778128808602	0.51289475390633987	0.51212465046484101	0.25291549256021123	3.9588778290546904	10.319965475098787	18.380749941370762	3.5172167396424667	9.7107886650738973	17.31997793562623	70.609999999999985	61.339999999999989	53.140000000000001	0.012386533429025163	0.017002475277050181
2.2200000000000002	5.0882152587502461	0.52888151081587398	0.52400960643420746	0.22022140808489382	3.9995709529837336	9.9385006526231159	18.086813720600286	3.568502673679693	9.3785848566079029	17.209521171996609	70.370000000000005	61.100000000000001	53.479999999999997	0.01228962145852663	0.016560629570450118
2.2400000000000002	5.0269775141974895	0.502780316986017	0.48002655147150008	0.16105865796742108	4.1298637905809583	10.427491815044611	18.472318780179069	3.5616251865830861	9.646004537148098	17.628676124717853	69.75	59.909999999999989	52.140000000000008	0.012197797985974486	0.016362813192248013
2.2600000000000002	5.5299347946281348	0.47565882206362026	0.45685931793955625	0.22405352566714515	3.9887585774041403	10.408496565052257	19.066700018956951	3.4462497953845861	9.6419411632354866	17.977529812988514	69.950000000000003	60.960000000000001	52.339999999999996	0.012105403127032201	0.016082287304988417
2.2800000000000002	4.7383780424682627	0.48273008082868296	0.44655018023839121	0.22970818263642739	4.0007506035535565	10.065166676329801	17.895732754842371	3.5080759656235818	9.0602535244007552	16.933632612840576	69.840000000000003	60.600000000000001	53.120000000000005	0.012002490068966599	0.015855278668935824
2.3000000000000003	5.1018343355335176	0.49628839954316667	0.45887609708418181	0.17148756285652009	4.0671956863721963	10.347597227699238	18.184684981008036	3.5334990203037102	9.4214778654108944	17.046493369413831	69.97999999999999	60.910000000000004	52.830000000000005	0.011903858200863583	0.015608429192153047
2.3199999999999998	5.33903973188285	0.44538511415477428	0.45901574378205873	0.20471434642213207	4.0734924285722292	10.420868829185014	18.594533812004869	3.5170365376636141	9.6825458766351176	17.530337864585572	69.840000000000003	60.419999999999995	52.770000000000003	0.011816763053335242	0.015358785045738205
2.3399999999999999	4.8356782009100883	0.48931165915929486	0.44546739811107761	0.18521242430079146	4.0968621987238132	10.50156268132333	18.74267455255179	3.6251677961725575	9.8258308228941882	17.584742904897304	69.679999999999993	60.309999999999988	52.470000000000006	0.011751558435321306	0.015875102858279217
2.3599999999999999	5.0996813055504822	0.44862671353687561	0.42837917802608994	0.16353580382534311	4.1817712383878893	10.442343334630236	18.696940733624068	3.5974209550471286	9.6545918634009666	17.771581007413065	69.559999999999988	60.350000000000001	52.489999999999995	0.011657228972957383	0.015202760411286043
2.3799999999999999	5.1608609524433824	0.42312899877043825	0.41202508019508005	0.12391215891291192	4.175115347027023	10.484878006405978	19.117209513906126	3.6947717253775094	9.417282951392	18.106703570280096	69.280000000000001	59.909999999999989	52.399999999999999	0.011562587147504655	0.014940559136331407
2.3999999999999999	5.4300499743084378	0.46824416854484791	0.40925486658792698	0.16489507342692072	4.1548470469913523	10.327295633281391	18.194252846395386	3.5913651954309898	9.4342776021118411	17.568972459498553	69.120000000000005	59.689999999999998	51.870000000000005	0.011481093192033484	0.014960675046262048
2.4199999999999999	5.800405118029853	0.4665971115611488	0.44268438369688701	0.13359476818936694	4.161254561375662	10.430177665788438	18.027285571644729	3.6199236567940667	9.5382030236879611	16.906064369281545	69.309999999999988	59.319999999999993	52.190000000000012	0.011408951853172776	0.014746021783158075
2.4399999999999999	5.9407176625820926	0.45431045795781955	0.42008959860473583	0.1184369445205298	4.1626425555186071	10.47690459765291	18.73966242656747	3.5511784084660682	9.1880918450040205	17.237988189374683	68.849999999999994	59.159999999999989	51.86999999999999	0.011314871504615076	0.01456089273727354
2.46	6.0612314984955091	0.43566871965635928	0.43153585653703647	0.1354911910219557	4.1092061174497001	10.117472979371261	17.653298725440401	3.6267279350820281	9.5541292455787463	16.723866922216221	68.620000000000019	60.069999999999993	52.739999999999995	0.011237391161191351	0.014196963810664093
2.48	6.1877639421939552	0.46861537632058747	0.4020284539815776	0.13768621944435919	4.2225352090875479	10.065648988182973	18.10614957936377	3.6663469913796547	9.3001980271252727	16.740553071157642	69.730000000000004	59.549999999999997	52.689999999999998	0.011160894213385026	0.014511765505634159
2.5	5.8282249100762238	0.43847641694217926	0.37399271089871111	0.13081657924526097	4.261555997502894	10.592783811130248	18.410925040416622	3.6744681288492567	9.6942847602590909	17.434754521924507	68.450000000000003	59.470000000000006	51.460000000000001	0.0110931558267754	0.014135805460442522
2.52	6.0244656466437201	0.43575999652050318	0.43451745384888002	0.16835116675917366	4.2027858518476711	10.051678221681531	18.060164277511348	3.7782038459407943	9.3858763103912253	17.007542008485892	68.75	58.890000000000001	51.510000000000005	0.011017455414286441	0.014127293373202274
2.54	5.6597214065808208	0.43579615545262929	0.36900166336440249	0.19175555497421129	4.1742249642030345	10.387691483167165	17.670081634709412	3.6149575092647241	9.5778888481686444	16.591626563739418	68.47999999999999	59.449999999999989	52.690000000000012	0.010923335899967156	0.01372115642009171
2.5600000000000001	6.1761744015193765	0.41961736992405818	0.34650639144432588	0.10007767400866301	4.2733577920006978	10.2185707587784	17.752608415138162	3.6146671380942008	9.1337930992441567	16.454927163573497	68.070000000000007	58.739999999999995	52.060000000000002	0.010849845374945526	0.013471307473462379
2.5800000000000001	5.9483461559307962	0.45112614252739747	0.38536572691402959	0.15580273034058498	4.2428093429171758	10.323066941654087	17.921171787003964	3.7485443039039028	9.4908375982645534	17.02790826644657	68.480000000000004	59.140000000000001	52.189999999999998	0.010782713050464928	0.013735182634785315
2.6000000000000001	6.593449563146744	0.41174313076771618	0.31232944673260554	0.081564731018658715	4.2128902952713849	10.746510471529849	18.418894149157559	3.5758876903053194	9.7399485300051065	17.411025219621443	67.920000000000016	59.159999999999989	51.050000000000004	0.010720438325180508	0.013607944548784837
2.6200000000000001	6.2626478179357763	0.39067707670135948	0.34561824060607538	0.12634156026414581	4.3110668556202896	10.771663944895089	18.21589817236309	3.7756152904158915	9.706193750173183	16.795090839275453	68.510000000000019	58.549999999999997	51.520000000000003	0.01064957100927125	0.013271615336609196
2.6400000000000001	6.1282366679821738	0.39871578852156142	0.34838033752428166	0.13087641725285731	4.3376258491833246	10.762927740800457	18.069491919980727	3.7314438582420815	9.8861598702148452	17.60221875031656	67.72999999999999	58.390000000000001	51.210000000000001	0.010569824419486793	0.013110482977435941
2.6600000000000001	6.594174857204135	0.38509415584567791	0.30174107096064634	0.09503667699078136	4.2734632886442858	10.418556350707247	17.976062168762734	3.7104724956662496	9.4457391701900484	16.566995708638043	68.079999999999998	58.539999999999999	51.729999999999997	0.010523297946224221	0.013217037064029002
2.6800000000000002	6.4714581809039355	0.38799869372051543	0.2766650231717116	0.092218126624334124	4.3477860534168089	10.785170009004819	17.956920819168189	3.889474918055762	9.9954166723001272	17.034677262144179	67.900000000000006	58.799999999999997	51.260000000000005	0.010448290716062932	0.012869171071934995
2.7000000000000002	6.5559216608283739	0.41225768499365045	0.31947985964621817	0.1191458211993965	4.3330549660613205	10.583401849816875	17.779509850755442	3.8784430147300539	9.9066034926576414	16.683846040053133	67.63000000000001	58.140000000000001	50.570000000000007	0.010376273101790517	0.012921043029180377
2.7200000000000002	6.5325292394489418	0.41690032947869116	0.34701700633849702	0.1053466542162544	4.4647348814666383	10.460628170308199	17.934025609352183	3.8583432482284392	9.5623307646585154	16.454697187455459	68.100000000000009	57.729999999999997	51.040000000000006	0.010323327148905246	0.013048664139123808
2.7400000000000002	6.7787538829814418	0.4543241436255695	0.2999793357956953	0.073366982320918955	4.2884294372567506	10.740419219616314	17.199302418003253	3.7848027791628156	9.836374417756522	16.484949823731796	67.27000000000001	57.879999999999995	50.38000000000001	0.010249070379602803	0.01260727156556019
2.7600000000000002	6.8050355429565332	0.38127722503945943	0.31108032868852953	0.10676365845258173	4.3839684801447873	10.450580141467315	17.759455253353302	3.8004941985164047	9.6396097763515449	16.040000561419586	67.129999999999995	58.399999999999999	51.260000000000005	0.010181102688317924	0.012347834727054681
2.7800000000000002	6.9640979917418893	0.38773877635547821	0.33209742982260804	0.10514197876971298	4.3591669068404872	10.59042313727908	17.675364773667006	3.7888446512903244	9.520171481890797	16.466464123531296	66.950000000000017	57.520000000000003	50.600000000000001	0.01013250742223212	0.012613142516581253
2.8000000000000003	6.7940795238734282	0.41292330081645867	0.3453580577080313	0.11316938733911611	4.4445798476005205	10.946869835823669	17.861149960523154	3.9193010549078418	9.9797132173105183	16.296707447556763	67.409999999999997	57.930000000000007	50.590000000000003	0.010055595187843432	0.012199336528120849
2.8199999999999998	6.6484047218432094	0.409316596237215	0.31878532769217116	0.12650002272902122	4.3832540993957938	10.824802868539624	18.578006326677905	3.8768459431341382	9.9387985223256141	17.222078555765819	67.299999999999997	57.949999999999989	50.780000000000008	0.0099996900126817917	0.012416504588611975
2.8399999999999999	7.2006147442378525	0.36173130126496689	0.32721519646113761	0.12440617427447787	4.4410344793327825	11.095106511536367	17.718089431842238	3.8391584078075645	10.121250211032356	16.597059150996404	66.560000000000002	58.010000000000005	51.370000000000005	0.0099347797983854614	0.011739007283687633
2.8599999999999999	7.1940577555579628	0.36944553140366676	0.28913688032027657	0.13391269440764159	4.338935320774703	10.746134597470759	17.599131890008067	3.8444565162113506	9.7342984149274958	16.22111598236085	66.789999999999992	57.419999999999995	50.759999999999998	0.0098678106513826816	0.011985761200561208
2.8799999999999999	6.9277855708772034	0.40821244907879317	0.27857043139298343	0.099178978215902797	4.4167891927306888	10.922722704610669	17.734658454767974	3.8134095870670315	9.6357850494210151	16.755018230810329	67.140000000000015	57.789999999999985	50.539999999999999	0.0098159250659683971	0.011800902620173304
2.8999999999999999	7.1820918343984212	0.41484221203883703	0.3470741005300525	0.10148872304681947	4.3792872788325639	10.935954340241596	17.695417079949706	3.7900478147411811	10.069116493587579	16.516505028227364	66.359999999999999	57.439999999999998	50.420000000000002	0.0097628727036578496	0.011626567567658688
2.9199999999999999	6.9009805063469392	0.3577859897022786	0.24869871533486707	0.096704339141565857	4.4323357344310699	10.984214935164754	18.282201280461429	3.797636688526719	10.077853438720727	17.222663269456302	66.849999999999994	57.500000000000014	50.93	0.0097234905423901011	0.011777685410176347
2.9399999999999999	7.4607000752341461	0.36859642658898084	0.3014192768784153	0.085051066866681083	4.4733211568262421	11.022373645701339	18.184378451639411	3.8465834659714915	9.7322954103557926	17.025765614645746	66.97999999999999	57.149999999999991	50.390000000000008	0.0096490200362348948	0.011488771467329155
2.96	7.4916473894568849	0.3774883622446592	0.27932191328725942	0.10652644830973881	4.3851773848095128	11.123767719161529	18.132156139239182	3.7926955562825571	10.057519819386195	16.891535141312495	65.990000000000009	57.189999999999984	50.280000000000001	0.0095977749609458592	0.011486189608825923
2.98	6.9020007593289083	0.37715163470741198	0.29071663147967169	0.068115154088771862	4.4377021294893142	10.683718127133627	17.286567571444564	3.846824030562721	9.5882798670957179	15.802941252914058	66.689999999999998	57.580000000000005	50.179999999999993	0.0095358507550543405	0.011263212419966938
3.0	7.304658543959456	0.36439434618722505	0.27091429082180063	0.085670042526034246	4.4541553875064128	11.015910174196879	17.607145457938209	3.975754304006629	10.153173220685368	16.075943033758637	66.549999999999983	57.0	50.180000000000007	0.0094996357359281546	0.011428235087936124
3.02	7.1729099355300638	0.32986224943169873	0.27714814330711068	0.13747639141958184	4.494277826284339	11.016902488608729	17.508375608433774	3.7843648973349153	9.859806239864243	16.087199001746111	66.769999999999996	57.260000000000005	50.290000000000006	0.0094291712201259679	0.011019976292461405
3.04	7.4793713660749734	0.41533710057779522	0.29057682597241569	0.083347835958179642	4.4533095544406276	11.095548761702071	17.919276693614279	3.8427897700563975	10.019777945371249	16.652419420117347	65.859999999999985	56.989999999999995	50.500000000000007	0.0093793971216178489	0.011079540324873381
3.0600000000000001	7.2814249079255413	0.35459903419334565	0.25969061726938542	0.088034237375591601	4.5427219217308661	11.267637332106492	18.19526711866683	3.9730018113807537	10.490640247771875	17.068956027849637	66.030000000000015	56.859999999999999	49.859999999999999	0.0093236720182029893	0.011091421211195092
3.0800000000000001	7.5932024002531016	0.35027648020959606	0.28060375367350421	0.11030768480418669	4.4373152224020176	11.148608782092992	17.831936472712972	3.9598273240487289	10.06595188902719	16.850041572863862	65.930000000000021	56.799999999999997	50.519999999999996	0.009274357362422837	0.010833588412715978
3.1000000000000001	7.9240786786778754	0.32589672541760251	0.24233704837243417	0.046027246484750206	4.5469413871937778	11.250176813930214	18.138382857921435	3.9057893534089509	10.228428600824037	16.794267635452702	66.060000000000002	56.579999999999998	50.310000000000009	0.0092346974873063741	0.011052681801070623
3.1200000000000001	7.7668534297531746	0.31984771680900032	0.26515165441962624	0.085054174566006377	4.4517143953719716	10.978529099141291	17.358435087582102	3.9143790134843237	9.78121201641612	16.066538786123154	65.039999999999992	56.899999999999999	50.480000000000004	0.0091923780708718632	0.01089190724083083
3.1400000000000001	7.6137759094932536	0.30628323460275253	0.27330702516569472	0.083551567390074896	4.4573064563467035	11.084168774584136	17.933540728495803	4.0223471140908886	10.012321774988777	17.051901791008166	65.960000000000008	57.329999999999998	50.489999999999995	0.0091277639790202942	0.010534672342625343
3.1600000000000001	7.4387637454989681	0.32851769467646985	0.25335789371672263	0.090519615373477469	4.4907827867454282	10.908686896263134	18.182762365563626	3.8844593672619254	10.050837789666257	16.610541807616656	66.049999999999997	56.960000000000001	50.300000000000004	0.009078959569135011	0.010367621429477263
3.1800000000000002	8.251269499491416	0.36916581491920225	0.27151008431513457	0.092398298408078339	4.5593680125864529	11.206222334606959	18.006815749792885	4.0342204743887553	9.9197764235431407	16.888921645496502	65.680000000000007	56.86999999999999	50.519999999999996	0.0090423496468402913	0.010611275437908655
3.2000000000000002	7.6311495136319749	0.3328636492181607	0.26267534636550477	0.08699198609156357	4.4951380538088594	11.050448318615551	17.892697272748769	3.99361537826179	9.8970300137798777	16.256450100109738	65.890000000000015	56.829999999999998	49.930000000000007	0.0089829813938254559	0.01046804742862532
3.2200000000000002	8.1859560937308018	0.32384286787336042	0.19857813028775689	0.077859830977143635	4.5447028605251614	11.395096243981159	17.940489177404249	3.8578226102435238	10.431918660184614	16.840155313417021	65.780000000000001	56.399999999999999	49.409999999999997	0.0089378550513362354	0.010310308853849759
3.2400000000000002	8.3148111071682784	0.36073944644447387	0.26762204541667634	0.08442583602858636	4.6219841282698875	11.572649707344684	17.670625575985003	4.1743873974442165	10.378451738377688	16.318335496379511	65.849999999999994	56.560000000000002	49.909999999999997	0.0088937583568012516	0.010398691393290692
3.2600000000000002	8.2963378210929939	0.33649647577855413	0.21752735482122404	0.068491605273501108	4.7133308698762439	11.231715163168101	17.800734386513739	4.1099691764292174	10.120885509950417	16.196223593584854	66.060000000000002	56.25	49.63000000000001	0.0088406489560929735	0.0099500685372523497
3.2800000000000002	8.3000794713563231	0.3355932930841779	0.24038057924744347	0.052361134906974846	4.5602236661668751	11.353324016924301	18.661560805797045	4.0834928185568264	10.048480533446297	16.829416357195178	65.72999999999999	56.700000000000003	49.93	0.0087992297075438711	0.010224823402510089
3.3000000000000003	7.9669727181407062	0.35703105284796177	0.22570961339788456	0.061333202719719128	4.5806549478237635	11.163509116579833	17.654212290701597	3.9586921560467445	10.216212367038377	16.271479201599185	65.499999999999986	56.839999999999996	50.100000000000009	0.0087432533340492842	0.0098180876087409219
3.3200000000000003	7.6288499719210243	0.31905467565160583	0.23918759206840051	0.05676886405132836	4.5634062828158921	11.277933866375793	17.856549790820623	3.8668428446949621	10.16380335749297	16.617036810255975	65.500000000000028	56.469999999999992	50.280000000000001	0.0087130684014732999	0.009822803274696059
3.3399999999999999	8.0787034128691833	0.33292796832395505	0.23324298183626085	0.041947554021187342	4.4905816563406713	11.185418683807679	17.764375504339597	3.8745875531947247	9.904866303725921	16.338900166418973	65.359999999999999	56.299999999999997	49.810000000000002	0.0087007664982367231	0.010312353413699781
3.3599999999999999	8.3131507728684682	0.30605986461258039	0.22633210437574203	0.056830019792910101	4.6102473017440371	11.362363829951111	18.908767615906239	3.9868443980546773	10.468241173396821	17.884954789011733	65.290000000000006	55.400000000000013	48.439999999999998	0.0086211689167752809	0.0098604924218948786
3.3799999999999999	8.1189511060375263	0.28909375099209539	0.19648412018994324	0.045062683737252189	4.6469183813929096	11.651358284583637	18.506457844311029	4.1376651235453163	10.406540684351317	16.783171584628668	65.340000000000003	55.820000000000007	48.920000000000002	0.0085946582308649763	0.0099026451653250677
3.3999999999999999	7.8380331542459238	0.35209747281915554	0.23096289047025689	0.07034015792821699	4.5514652822448127	11.4976130182822	18.314167706971759	3.907010099847148	10.331559405032111	16.507380972267637	64.810000000000002	55.63000000000001	49.75	0.0085510442063398816	0.010061925455709653
3.4199999999999999	7.8596773077397337	0.32057321700757796	0.24466188341108003	0.082160664783048731	4.6141791783692705	11.141335429572717	17.687161369065279	4.0077169435325679	10.255328601303438	16.344409230927596	65.269999999999996	55.419999999999995	49.900000000000006	0.0085055008507251041	0.0097593033887202318
3.4399999999999999	8.8668941356757518	0.3201423945149855	0.24828036405773202	0.082057030112678633	4.6746036712104537	11.605112465401676	18.466677160933312	4.0353497465121135	10.046368152822392	16.58396036214635	65.189999999999998	55.430000000000007	49.240000000000002	0.0084685224574810002	0.0095104405141161578
3.46	8.125956945702864	0.32167802289944553	0.16924984468645643	0.055969810456016275	4.6392243297746569	11.830759892491589	18.308996418461618	4.1096616429660591	10.911531899858668	17.148537992476978	64.920000000000002	56.159999999999989	48.600000000000001	0.0084187583452354411	0.0095866146194223539
3.48	8.5796580002458587	0.33278340938698636	0.23357788973760968	0.079986049693739944	4.6195067339959603	11.525051787081569	18.26950880390266	4.0604912236843207	10.321479680166611	17.027264176755484	64.969999999999999	55.910000000000004	49.510000000000005	0.0083998347454673859	0.0097550938467481745
3.5	8.2494017241182398	0.33499073975592453	0.2170873689700476	0.044618328294687995	4.6671773845682791	11.549545641837268	17.680719792559749	4.132395734540288	10.487748185265055	16.440709522213062	65.000000000000014	56.100000000000001	49.140000000000001	0.0083320563104230007	0.0093429684331997852
3.52	8.7660995545723406	0.2948929292257304	0.18316734283960695	0.038532135412105782	4.6774714368184727	11.772576757591205	18.148339794652511	4.1500949562553799	10.386736687596573	16.553137364404737	65.409999999999997	55.210000000000001	49.149999999999991	0.0083137530580268248	0.0091907433046324941
3.54	8.7276746640019578	0.27107376547313827	0.188268334345676	0.066516618898620095	4.7270703174489181	11.718087113307057	18.228024982335064	4.0572604746505059	10.425232150135077	16.833341991462969	64.769999999999996	55.210000000000001	49.490000000000009	0.0082661379699218301	0.0093613700852951155
3.5600000000000001	8.8768971259530947	0.29909878569502835	0.17315072269937412	0.02883103858754683	4.6381119739938326	11.378844596749698	17.819436655067523	4.0056968869597513	10.409368871577799	16.693740095023436	64.749999999999986	54.790000000000006	48.410000000000004	0.0082314933364294705	0.0094150816247029669
3.5800000000000001	8.9697878139438654	0.33215744957590332	0.20842157155524052	0.042814941375095124	4.7378042630620048	11.727857277117256	18.237349069761233	4.0337063722994504	10.547688891341991	16.588309362296265	64.25	54.819999999999993	48.370000000000005	0.008192316376075745	0.0093158193572799135
3.6000000000000001	9.0281370983744527	0.28458618004042002	0.17485768142721764	0.091070229556631521	4.6258957344059093	11.443667087533241	18.060040790735652	4.0438898599825333	10.308199493049354	16.497341671574002	63.970000000000006	55.100000000000001	48.859999999999992	0.0081364585025432735	0.0090076317126918763
3.6200000000000001	9.0591873013557311	0.2705334725409434	0.19607136390475166	0.062592085148239107	4.7360541339795361	11.950832179371924	18.93044054632842	4.0894608366730569	10.620731818439751	17.550943116247652	64.36999999999999	55.359999999999999	48.470000000000006	0.0081173515289533378	0.0092165739236047921
3.6400000000000001	8.7896605468438214	0.28374099202981118	0.22339310095158807	0.10360445617476458	4.6183321726245206	11.688650383050392	18.225863926305241	4.0088896121713393	10.31455122403732	16.942512900519571	64.639999999999986	54.820000000000007	49.219999999999999	0.008084547629689777	0.0090179676728177997
3.6600000000000001	8.7417451202224843	0.27574497776036944	0.18580835061653039	0.034672329091940582	4.6919762380638348	11.743149537230192	18.160810722436416	4.0204248254255353	10.493720213091278	16.565725899383338	64.039999999999992	55.059999999999988	49.340000000000011	0.0080408164625265406	0.0090311640995734809
3.6800000000000002	9.0213160129045722	0.2826717230146209	0.20057864419173707	0.066833345683786613	4.7271480741479426	11.795454608274323	18.329466983030194	4.1635851560721893	10.498273772542598	16.55741687108182	64.650000000000006	54.760000000000005	48.870000000000005	0.0080226881938951153	0.0089725557544622393
3.7000000000000002	9.0622094570850269	0.27162971525152407	0.19563438400852767	0.056935557110350143	4.6937676523571872	11.899161500018888	18.728139301196983	4.1097269022077034	10.489740557934644	17.454589706792742	64.450000000000017	54.879999999999995	48.940000000000005	0.0079766988279546223	0.0090942151446808776
3.7200000000000002	9.1423105709342298	0.27770498715584352	0.2005593460237387	0.066567063010323946	4.8012127391334243	11.775216358383712	17.979400860520599	4.1184768327650394	10.834676812116138	16.622803352349997	64.269999999999996	55.850000000000001	49.289999999999999	0.0079333472610624463	0.0087738070725916252
3.7400000000000002	9.2179202161704392	0.28480836122391762	0.15885536507759182	0.04655937882925943	4.7220397765471507	11.781523851309581	18.853234190977314	4.1600480750936635	10.76949214793763	17.162272572362259	63.670000000000002	55.170000000000002	48.759999999999991	0.0079189012454276165	0.0089093056537459282
3.7600000000000002	8.7507184532156366	0.26571363102191847	0.16704203077392851	0.050311527709497539	4.7583112985838465	11.782825659306624	17.8968584534271	4.2229225037771752	10.465882576506289	16.215631627927586	63.379999999999995	54.610000000000014	49.150000000000013	0.0078716948476913687	0.0086750184549234041
3.7800000000000002	9.0285700008177496	0.27833539248540939	0.18397708327469967	0.052515018677119864	4.7293127885624004	11.992218260606226	18.851971507762084	4.0121164301932257	10.570206534686381	17.110892786933071	63.839999999999996	55.030000000000008	48.319999999999993	0.0078258083811863811	0.0087832179352753028
3.8000000000000003	9.8407383796004169	0.28177079357945145	0.18054923797555886	0.074995133180290288	4.8574856607351231	11.906326240026585	17.508254727183676	4.1226271225432276	10.363351623873427	16.076886920065441	63.739999999999995	54.979999999999997	49.250000000000007	0.0078185619100816957	0.0087531748915850079
3.8200000000000003	9.3217478764651869	0.26159532434640076	0.16142561815303391	0.043838683065184188	4.787520754621271	12.043409672637756	18.475601193231171	4.2013914435983306	10.617728620153764	16.655906637250972	63.180000000000007	54.960000000000001	48.720000000000006	0.0077720034082138147	0.0085952177003333699
3.8399999999999999	9.3646786947699869	0.29943683033813306	0.17478407377991209	0.051567902389650755	4.7323464601684773	11.80125230819379	18.13634360157041	4.1751533410764861	10.47811997549176	16.660744744635473	63.5	54.710000000000001	48.920000000000002	0.0077380524534723912	0.0085565367345361125
3.8599999999999999	10.526857192221129	0.25971145811115637	0.15400119963773473	0.063326378099773289	4.7686874862404229	12.047815721460013	19.015114587765666	4.1674799172046093	10.78008593976384	17.092444797233707	63.930000000000007	53.670000000000002	48.289999999999999	0.0077044263733115764	0.0085709434563297042
3.8799999999999999	9.41593124132425	0.28319112297239507	0.1401070997370609	0.031881390825477592	4.8412707827025381	11.94596003730914	18.273623545240277	4.1864774688090023	10.537194381239608	16.807654938374306	64.0	54.810000000000002	48.519999999999996	0.0076727671779928622	0.0086250231781521084
3.8999999999999999	9.975830046818535	0.24933852959497935	0.12116011457379967	0.043815321872398408	4.7497394297862892	12.168081994721929	18.637033913415262	4.2062404002657363	10.629032797588966	16.876345925207012	63.879999999999995	53.789999999999999	48.439999999999998	0.0076458868686575584	0.0086632196237665434
3.9199999999999999	9.0934488361790731	0.24741370330023696	0.16347812332220674	0.043613072914781476	4.7947039891434997	12.013773375791441	18.053206623942067	4.2081555960683339	10.552539155561902	16.397475702859953	63.229999999999997	54.149999999999999	48.529999999999994	0.0076116112466031189	0.0084049148827457058
3.9399999999999999	10.431023429957436	0.25541740688008474	0.15225703556054832	0.030145608572849231	4.7363915103603667	11.984295175393484	18.024582767449846	4.1199997581916525	10.658494609369033	16.686555687968802	63.290000000000006	54.129999999999995	47.859999999999999	0.0075827111381332746	0.0082671086538076179
3.96	10.129158654420424	0.27178326130103614	0.16436639592865346	0.034315385460197342	4.757580752941438	11.835699498827623	17.761348886410467	4.1945490592430232	10.5569823464355	15.900108481444207	63.320000000000007	54.060000000000002	48.32	0.0075362846463035427	0.0083954071953774422
3.98	9.8208108734286981	0.28137620385395401	0.15063662102986569	0.063795225942472764	4.8550999766137393	12.008360077661898	17.85535907844212	4.2433367268382858	10.639146476515343	16.499091726938531	63.609999999999992	54.270000000000003	48.839999999999989	0.0075368605756805981	0.0082738034500293468
4.0	9.8150267373319373	0.26056215752574785	0.12000451604320173	0.037960260519886338	4.8597766972213927	12.291266392390455	19.083271661630302	4.3053708252500229	11.301488294296297	17.605967977565996	63.38000000000001	53.939999999999998	48.999999999999986	0.0074870095112604829	0.0081925757838171437
