f	stdf
1.0065135529345459	0.1000663052719707
0.77536035942909509	0.14853937933793837
0.62991335656266267	0.20756389685991075
0.5309792509052742	0.24828450129054033
0.46068509797106127	0.27253823710577807
0.40914637818337213	0.28586435167306851
0.37006392267743332	0.29145022259620579
0.33896074540102883	0.29373220847313608
0.31340560408687568	0.29488121638228199
0.2919647313096766	0.29541743462104847
0.27381067284157778	0.29514872485679261
0.25827124683779479	0.29417136565943347
0.24483756607482463	0.29296181279270039
0.23329459258555227	0.29113814833583956
0.22324126461686694	0.28902133874670588
0.21439839624295859	0.28661720014859304
0.20655832838454569	0.28393565112493602
0.19948233403876298	0.28117684280607697
0.19300399630837428	0.27849913168677243
0.18705087778009721	0.27592290104403738
0.18152338744914101	0.27345675899069005
0.17635525147282483	0.27114145934075562
0.1714841961962576	0.26905079296632067
0.16688429244727171	0.26717901712302505
0.16253856638468672	0.26549289210105126
0.15844243103658059	0.26397956287086399
0.15458031027824923	0.2625928497340021
0.1509287957903456	0.2613399561218463
0.14746875058788089	0.26022361702632651
0.14419080790104832	0.25920371340791071
0.14108069817924845	0.25825557541388539
0.13812946984367278	0.25737659432979398
0.13531520482514889	0.2565879666233436
0.13264323596193586	0.25587799169197067
0.13010614095635725	0.25522564904158407
0.12768349588525979	0.25463125384273438
0.12538515946556797	0.25406853378275984
0.12319502224608206	0.25352227606991518
0.12110802682836594	0.25299303848781513
0.11912115106437256	0.25248878055578439
0.11722560384169836	0.25201853864044216
0.11541677719048821	0.25158977038551006
0.11370594058481824	0.2511790664807183
0.11208800707863989	0.25075977651824327
0.11054936083986514	0.25033208883948743
0.10908333231306425	0.24990773823004489
0.10768364160922046	0.24949580809620528
0.10633776252628263	0.2491008746266711
0.10504275439877225	0.24872146773364545
0.10379810473950783	0.24834774093155418
0.10260452198243059	0.2479669994003656
0.10145886633667409	0.24759199606503757
0.10036200579951525	0.24721257998485024
0.099310184108784477	0.24683923035751446
0.098303393783041121	0.24647778146178903
0.097335966734812068	0.24613795854025039
0.096406563224509037	0.24580564958876119
0.095509522091395627	0.2454714402154248
0.094646893980863261	0.24513876574907886
0.093815426288059653	0.24479890420736677
0.093011558355024129	0.24445339242893593
0.092232463034429543	0.2441129306908823
0.091474205580017287	0.24378201863460575
0.090739729767480667	0.24345503845279493
0.090027168378860073	0.24314405505078962
0.089336773665001812	0.24284647261673914
0.088666690911726478	0.24255298274396861
0.088020721010577396	0.24227809664684855
0.087399289039979261	0.24202104024188753
0.0867994880730628	0.2417699012737323
0.086220232545425352	0.2415214316003623
0.085662863138624937	0.24127193172188147
0.085133226520672484	0.24100593293796058
0.084626441582280706	0.24073432002548548
0.084141845570120083	0.24045773641909141
0.083679515220674031	0.2401744467775995
0.08322840357936577	0.23987216506884076
0.082794498890358115	0.23953983569565648
0.082378178170109145	0.2391965343984834
0.081971920691218489	0.2388437357270064
0.081574761892256792	0.23846732740229279
0.081182962569198283	0.23807549826374932
0.080796548542289626	0.23766965715378396
0.080424426497712323	0.2372534219909696
0.080067345970170734	0.23682944199646172
0.079719876092533073	0.23640700734065773
0.079381805261435595	0.23598258595308255
0.079055881061569661	0.2355549500297108
0.078737494045544532	0.23512865990630114
0.078430568673229492	0.23470235567829648
0.078132621318745668	0.23427268188003914
0.077841734250129066	0.23384281956351849
0.077555999116920404	0.23341639178990933
0.077275550929920014	0.23298788973351306
0.077004056143018515	0.23255245572310659
0.076744036761808021	0.23211426024218204
0.076488219959681039	0.23166895082159361
0.076236611412722699	0.23121837469297371
0.07599035103436888	0.2307650466674116
0.075747241061927692	0.23031131666171331
0.075506398098174513	0.22985846142172128
0.075268856507909751	0.22940670763991947
0.075033897283591389	0.22895705740946173
0.074800568704735657	0.22850982690863783
0.07456925942097925	0.22806362757430676
0.074339963261783229	0.22761894426742607
0.074112279957580365	0.22717783634499886
0.073885207922126772	0.2267378722422598
0.073659166642503701	0.22630048083692311
0.073434603348689134	0.22586694996543749
0.073211241894426196	0.22543640838661544
0.072989986723547534	0.22500999218833415
0.072772150498009197	0.22458678776877761
0.072555998916101969	0.22416754825086285
0.072341434117553907	0.22375181572274427
0.072129235289497287	0.22333585251021057
0.071919961596182899	0.22292212096968386
0.071713132953980019	0.22251124061323926
0.071508266393235639	0.22210251054957428
0.071306934275582184	0.22169451129443443
0.071107048638742565	0.2212893938801023
0.070908616811018385	0.22088752471116826
0.070711646592457156	0.22048918316529134
0.070516176322656388	0.22009474279565391
0.070322189505042917	0.21970450685474152
0.07012966123212927	0.21931864592297748
0.069938600750434773	0.21893718331642778
0.069748994622118407	0.21855990958308233
0.069560815741483303	0.21818662653498361
0.069375739125384542	0.21781490133890097
0.069192175477331377	0.21744622453378148
0.069009929084423827	0.21708094001040959
0.068829012412776586	0.2167189108231565
0.068649382199483341	0.21635995726353416
0.068470997093528455	0.21600385075296311
0.068293891175144089	0.21565042071452117
0.068118136170392876	0.21529955810884793
0.067946338473839824	0.21494803325408937
0.067776936440520949	0.21459545017804349
0.067608763807296315	0.21424476179509649
0.067442014774271461	0.21389140767102577
0.067276495669697067	0.21353671205247332
0.06711223233728493	0.21318292618268084
0.066952260266822633	0.21283078860442467
0.066793207676796501	0.2124793262116122
0.066634931647797699	0.21212859988547392
0.066477381160402249	0.2117786509951145
0.066320560379621959	0.21142949029544625
0.066164468291396869	0.21108133783990349
0.066009119873325445	0.2107344205699857
0.06585451548333493	0.21038883008893089
0.065700721536858228	0.21004480446404108
0.065547748675316	0.20970261427402231
0.065395622556241692	0.20936241477521275
0.065244338551600237	0.20902431247612746
0.065093911609501162	0.20868819446311612
0.064945495206740395	0.208353501969745
0.064798714722568332	0.20802014106681577
0.064653379757462257	0.20768606072198376
0.064509043123788773	0.20735222650998913
0.064365347971528514	0.20701946324921655
0.064222237286433045	0.20668768201514703
0.064079666363755602	0.20635688964539448
0.063937659234719307	0.20602732405786467
0.063796223221562032	0.2056991422071727
0.063655334920590778	0.20537234905524121
0.06351499390499217	0.20504703185723169
0.06337520510587645	0.20472330455885726
0.06323596652975598	0.20440126981537002
0.063097274378840523	0.20408096998548431
0.062959131424244863	0.20376240237715679
0.06282153767683217	0.20344559982619687
0.062684488794340881	0.20313054978333872
0.062547988541291039	0.20281723521915307
0.062412049929660061	0.20250566734311201
0.062276682442385906	0.20219589653549194
0.062141905064973899	0.20188795724373523
0.062007708508958925	0.20158181341023343
0.061874108486180988	0.20127747459101525
0.061741148727551522	0.20097499572211647
0.061608862006198375	0.20067442156992588
0.061477256611359769	0.2003757394040849
0.061346348988483491	0.20007893549719799
0.061216146585411399	0.19978399197621521
0.061086635656236919	0.19949084299206363
0.060957799745886311	0.19919942355584075
0.060829641643901346	0.19890970282952453
0.060702184916368869	0.19862159806053373
0.060576181350304639	0.19833507176796936
0.060451710982835666	0.19804990584320245
0.060327824958335989	0.19776588395968159
0.060204487179483561	0.19748286194811734
0.060081697344100952	0.19720067233778155
0.059959596218004209	0.19691809627024387
0.059838309619424185	0.19663388209128002
0.05971753687816457	0.19635044028799853
0.059597298934253827	0.19606779366641075
0.059477603107125916	0.19578598566581179
0.059358467903181833	0.1955050894474292
0.05923991438820711	0.19522522066830392
0.059122225709207832	0.19494580721527083
1.0032111771385797	0.10419797838591009
0.77003854880439526	0.15980220487094568
0.62478425300023421	0.22054929348186916
0.5266482139246923	0.26167712534908349
0.4576680797997954	0.28493804139519185
0.40718897353024092	0.29725314036493167
0.36893228644857468	0.30237771712308403
0.33835981212606392	0.30495103165935655
0.31339373632249401	0.30615140237041522
0.29258245421220624	0.30661787635959448
0.27507223035300632	0.30652128399502143
0.26022614495537844	0.30566103555196178
0.2473877258866547	0.30449908272229709
0.23617583385229166	0.30310939552079574
0.22631426552167574	0.30149871367755904
0.21769088204462414	0.29967159418554334
0.21014321107182765	0.29741173868382087
0.20341168053313483	0.29490449561085313
0.19729154031998186	0.29226038192953979
0.19168982728551412	0.28956939802207987
0.18646686010178121	0.28699771033189547
0.1815712890058899	0.28459110801925031
0.17695969151777241	0.28237937985955591
0.17260404785275557	0.28034687084173199
0.16848819279712365	0.27846760333120968
0.16459779077516573	0.27673591702031874
0.16090571404916046	0.27515086021401647
0.15739549839926406	0.2736873073165999
0.15407179999732137	0.2723376191565503
0.15091591417555877	0.27109888591278958
0.14791583976813133	0.26996275595566654
0.14505961710930859	0.26894185028524314
0.14234668840656184	0.2680268788838191
0.13977209198258717	0.26719797425136838
0.13733423378209328	0.26642811133636068
0.13503294101803032	0.26568171306611277
0.13285509931928721	0.26494909723194687
0.13078404169394195	0.26424942272258084
0.12880287273959617	0.26358301006787016
0.12690933251074588	0.26290032113247647
0.12510201778195004	0.26221490051168261
0.12337822040527766	0.26155186781709394
0.12173019023324463	0.2609043192548014
0.12015760274526244	0.26026369537405319
0.11864213120554909	0.25961853196910506
0.11717353984109842	0.25897656008256698
0.11576257040058041	0.25833050235238636
0.11439987734808246	0.25768699538778866
0.11308205900997942	0.25704906685765755
0.11181417819054315	0.25641498378928784
0.11059438751463552	0.25579857680367918
0.10941862260691333	0.25519864936785019
0.1082866035106947	0.25459969670318977
0.10718879906042994	0.25400739211191276
0.106124521844094	0.25342898051814428
0.10508915091347658	0.2528546226624459
0.10408702315199637	0.25226809384500332
0.10311311103161475	0.25165832322434051
0.10216503045543124	0.25105928005068023
0.10124369210713735	0.25046634211577401
0.10035268076065075	0.2498804910456604
0.099489924558633105	0.24929990268264879
0.098662465433365112	0.24872422816410625
0.097866362795644299	0.24815454492598757
0.097104184568946067	0.24757012533761413
0.096372723456890394	0.24697067059320565
0.095660567896045989	0.24636877724218764
0.09496644323222822	0.2457649407654364
0.094287144482065252	0.2451649672103737
0.093624842621606516	0.24456955132838049
0.092980920092930214	0.24397364105557684
0.092354511181967677	0.2433859867878059
0.091741426782032454	0.24280411616445946
0.091146426008590187	0.24222475138800412
0.090572448468993316	0.24164389433461159
0.090022245917495206	0.24105599305558778
0.089484363024442792	0.24047185946543179
0.088957022619007883	0.23989143915843913
0.088440117159667833	0.2393153540673304
0.087937366734853833	0.23874331329618798
0.087448528994359037	0.23817153331635141
0.08696825287738999	0.23760562653205144
0.086496047182259159	0.23704712438767522
0.086030886409719357	0.23649585537680617
0.085571680640772335	0.23595109528515137
0.085119016832942263	0.23541267038662753
0.0846731145388296	0.23488213466979077
0.084234431031556908	0.23436014562194363
0.083808654221152662	0.23384369404148331
0.083390730713339703	0.23333443419991792
0.0829825643961907	0.23282538639616621
0.082587461097517939	0.2323142666652418
0.082200779625962325	0.23180244216785637
0.081822779153282996	0.23129106052582538
0.081450200075179391	0.23078096246317381
0.08108223142403187	0.23027308016659964
0.080718701526154429	0.22976808990187125
0.080359703915482791	0.22926557863273522
0.080005532564118284	0.2287644859904524
0.07965570176188598	0.22826658332842759
0.079309677855075408	0.227773672058732
0.078967758085622744	0.22728422879348761
0.078629843092445764	0.22679932038601613
0.078296881665307405	0.22631893807565323
0.077968199353125392	0.22584388368949113
0.077645432844556841	0.22537174418306732
0.077326813449230744	0.22490345931173511
0.077011374111139327	0.22443923674150104
0.076700151292122806	0.22398031403788118
0.076393211838864605	0.22352689433505352
0.07609236557688577	0.22307743546831232
0.075796674060745597	0.22263282883908928
0.075504816063557231	0.22219386547008563
0.075219256636890913	0.22175884990608216
0.074937542281785091	0.22132854559615062
0.074659551919576586	0.22090180269074286
0.074385586150436639	0.22047712199815386
0.074115394823926553	0.22005628497837096
0.073847752451896301	0.21963507903265833
0.073585467561249035	0.21921385839328658
0.073326543768029981	0.21879392004736559
0.073070839751203695	0.21837482033000105
0.072817868596234861	0.21795895945233057
0.072567641492143148	0.21754671049448435
0.072320481584158783	0.21713744844621172
0.072076402143996576	0.21672928421441331
0.071833853976455017	0.2163225753723981
0.071594913639154614	0.21591761061637146
0.071359414396002671	0.2155126057778787
0.07112858357979962	0.21510607069341819
0.070902189091453183	0.21469663734534686
0.070683908347588781	0.21428623887276962
0.070469553122214368	0.21387594674307556
0.070259646587688115	0.2134657101244927
0.07005423199116978	0.21305722428709048
0.069852391999799188	0.21264843540442493
0.069653638792870343	0.21223913363137745
0.069457513373555282	0.21182994638842267
0.06926339257288569	0.21142163525943911
0.06907086858312729	0.21101479063661208
0.068881074516637622	0.21061008148781907
0.068693387599213826	0.21020761424041964
0.068507226352413741	0.20980745917891694
0.068322564994205665	0.20940998740351888
0.068139394169626943	0.20901557773234619
0.067957577310990072	0.20862410915862123
0.067777279890228248	0.20823589222077848
0.067598441983707624	0.20785076838879241
0.06742102592431147	0.20746837475561214
0.067244899513471415	0.20708808309939988
0.067070421687084075	0.20670923723813633
0.066898778208827253	0.20632911506312851
0.066730495711750673	0.20594874439728567
0.066564480500819159	0.20556944944692077
0.066400093123557866	0.2051912567698613
0.066237691666474571	0.20481367704730521
0.066077894741787754	0.20443534514469419
0.065919364464046198	0.20405809488791204
0.065762412183981211	0.20368165162126045
0.065607554635901788	0.20330515042051311
0.065453910333831744	0.20292954704437668
0.065302648745042088	0.20255336526895118
0.065152555315483487	0.20217850501001941
0.065004335425091431	0.20180495443585372
0.064858332453921266	0.20143264796905516
0.064713296803717915	0.2010618490792532
0.064569157385634568	0.20069253455546693
0.064425893704118858	0.20032485840921668
0.064283452557724122	0.19995884090195892
0.064141784545940453	0.19959462719633303
0.064000880325059906	0.19923233896724762
0.063860691858289811	0.19887193604012085
0.063721203266694129	0.19851339668998361
0.063582389773643305	0.19815669174842621
0.063444231941984286	0.19780178928377626
0.063306700375818842	0.19744866946772055
0.063169771215349085	0.19709728039078112
0.063033457065398535	0.19674758960656333
0.062897766035282437	0.19639957386798593
0.06276269654549152	0.19605316408862544
0.062628227153609758	0.19570823965651854
0.062494348288360431	0.19536468753546357
0.062361076851878278	0.1950223816821072
0.062228834829684131	0.19467728178457486
0.062097182957650016	0.19433303838721172
0.061966072898388076	0.19398997715389968
0.061835507715628762	0.19364813399240194
0.061705520341509654	0.19330752925261688
0.061576111483586132	0.19296817919613415
0.061447295766995723	0.19263002240477481
0.06131956086656136	0.19229267102209374
0.061193262119983022	0.1919558493122038
0.061067561189002716	0.19162035068983876
0.060942456376906373	0.19128622619875726
0.060817924615039168	0.19095349345131166
0.060693944841025263	0.19062215116516801
0.060570513041554558	0.19029223178356344
0.060447616961499265	0.18996371594856762
0.060325258344237867	0.18963660760674705
0.060203445690883289	0.18931092523743373
0.060082174196933583	0.18898665761949349
0.9940138965916181	0.10059278332376691
0.78789670434856551	0.15026441316795039
0.65192844191490296	0.21181074821344534
0.55637530359651322	0.25641332901709579
0.48762552509863066	0.28271656338545914
0.43718134129880953	0.29534191774147156
0.39779865087666499	0.30297913278281113
0.36582835221062532	0.30868992759601255
0.33942095937953898	0.31296420906617528
0.31761728364783515	0.31568431675285907
0.29962742935482678	0.31668805616902679
0.28471296463802875	0.3158898284486964
0.27199272610505842	0.31406232130364581
0.26086259078225632	0.31170689986359323
0.25094913978617622	0.30911198402122619
0.24201999858210735	0.30654950148854065
0.23385959140785206	0.30412252172461035
0.22628644488487373	0.30194075663102377
0.21922551572495305	0.30006809388600147
0.21262145672292934	0.29852606560435874
0.20645814840322319	0.2971865583039664
0.20068038143766934	0.29606334470287449
0.19526018250766675	0.29507739029838331
0.190176469043431	0.29420304487780508
0.18539006290922225	0.29345044352064603
0.18089135943778231	0.29278391384674662
0.1766532113107874	0.29219914671217451
0.17265309584520591	0.29169565490554061
0.16889206086493996	0.29127882860756105
0.16534275619588926	0.29094083230286061
0.16200229950761449	0.2906470561911802
0.15885605291156199	0.29040394630281263
0.15590610801614022	0.29012985160266758
0.15312624187448831	0.28981965235796897
0.15050346605958498	0.28947990907765297
0.14803166902500609	0.28912244557540662
0.14572690539868921	0.28873271813878515
0.14354875916864235	0.28832169912234301
0.14149300364735731	0.28790384165285077
0.13954529604458038	0.28747829221460008
0.13768612070598105	0.2870352569488594
0.13591929414197346	0.28655461523812775
0.13423853968306823	0.28605071282365141
0.1326599858413714	0.2855306410375355
0.13116887841171945	0.28500507779745859
0.12975793042513886	0.28447999085685738
0.12842560783912477	0.28395359681888743
0.12715736030277705	0.28343268961984991
0.12595478789097403	0.2828984017423582
0.12480984847031376	0.28234508404962266
0.12372008453211632	0.28176896995375017
0.12266839811463853	0.28116470132735272
0.12165610066673815	0.28054221175348215
0.12067442287432822	0.27992234745018613
0.11972494816110674	0.27930332966912513
0.11881833289352443	0.27868676507494555
0.11794085628620743	0.27807788173696391
0.11709792718054482	0.27746840484862151
0.11629174217424557	0.27685502023856895
0.11551294568103314	0.276238834480243
0.11477134903645304	0.27560846302789332
0.11405655866631846	0.2749689393618725
0.11336192799604095	0.27433045128408162
0.11268868715569727	0.27369395861549589
0.11203417729473529	0.27306101972922098
0.11140488825589734	0.27243131296849704
0.11080075762178856	0.27180070957309904
0.11021108010791963	0.27117119203664475
0.10963557614652646	0.27055229948701887
0.10907854209025263	0.26994087548795676
0.10855366318021856	0.26930833376908198
0.10804682066715687	0.26867636537961365
0.10755277236833054	0.26804208579037986
0.1070702158811925	0.26740021186249363
0.10660050784685433	0.2667479577393802
0.10614252233684614	0.26608924454160693
0.10569643694478424	0.26542808993461081
0.10526140201874817	0.26476455389698339
0.10483794223788218	0.26409809756356595
0.10442608166138703	0.26343132120606383
0.10402069407826832	0.26277070925903262
0.1036223614063012	0.26211508195430749
0.10323123956586276	0.26146373782454257
0.10284715750925157	0.26081986548456115
0.10247722465317384	0.26018309981894333
0.1021189831520775	0.2595497541984646
0.10177082507560754	0.25891633665130875
0.10143401540538748	0.25827394651023827
0.10110267178763445	0.2576280666110724
0.10077473685022488	0.25698097725030805
0.10045009612872036	0.25633325526237555
0.1001312400542176	0.25568257114430087
0.09981678465838692	0.25503355869584304
0.099508966790759809	0.2543870162953073
0.099205640548944193	0.25374030793164665
0.098906622317460183	0.25309437625806114
0.098610367896121986	0.25245209257295675
0.09831665292256718	0.25181355383788406
0.098025218717245982	0.25117891918760499
0.097735701115173615	0.25054813547289195
0.097447957735307067	0.24992103459674264
0.097161913914099063	0.24929737244376737
0.096878539100472699	0.24867675718099788
0.096599844821350367	0.24805817172073089
0.096322961894560966	0.24744317769683241
0.096047963262974781	0.24683210394057964
0.095774871409601905	0.24622514128160081
0.095503577685611407	0.24562232089280034
0.095233957499793687	0.24502359727034928
0.094965927009054207	0.24442889812687468
0.094699412690942897	0.24383811050716583
0.094434368522379991	0.24325117005414482
0.094170825289612362	0.24266806484637138
0.093908756477598498	0.24208868985900481
0.093648163202166457	0.24151296110658693
0.093389038256846649	0.24094078382895828
0.093131388007585594	0.24037209780571123
0.092875218783149679	0.23980679456296478
0.092621325637084487	0.23924401167077497
0.092370114265708986	0.23868326278310836
0.09212024231493661	0.23812576805268992
0.09187172754741077	0.23757150399035609
0.091624591233119529	0.23702047650679525
0.091378800521112566	0.23647269590141592
0.091134368110870612	0.2359282367218582
0.090891277643067328	0.23538708259368041
0.090649515874184863	0.23484922653292398
0.090409057241221086	0.2343146818386441
0.090169888732978293	0.23378350134207268
0.08993195624028566	0.23325561106416662
0.089695241151106497	0.23273100004295122
0.08945973000881674	0.23220965036465402
0.089225386059855458	0.23169149910306649
0.08899219777224214	0.23117652886961673
0.088760137071739645	0.23066467539168986
0.088529209374743748	0.23015593972096343
0.088299415390135971	0.2296503140890376
0.088070723766701775	0.22914772391432969
0.087843148089004411	0.22864818132066503
0.087616661993484432	0.22815159592487474
0.087391246734592795	0.22765792408161126
0.08716689531510155	0.22716714721567957
0.086943617308588586	0.22667926959300241
0.086721389709447344	0.226194228576933
0.086500199031704292	0.2257119595225025
0.086280031885858796	0.22523236848054645
0.086060865359256472	0.22475547370189025
0.085842692795616696	0.2242812507588457
0.085625490366399382	0.22380965397121261
0.085409243550890468	0.223340615286091
0.085193943216582205	0.22287411489602726
0.0849795826937947	0.22241013146067579
0.084766147801013353	0.22194859795110256
0.084553631023025072	0.22148945230996961
0.084342010475627352	0.22103268728802364
0.084131274575334578	0.22057827983846282
0.083921423921268737	0.22012621107635183
0.083712441112734265	0.21967637735815765
0.083504310738710841	0.21922867971633461
0.083297090249797895	0.21878289726391351
0.083091485964327694	0.21833689941079495
0.082886706042692382	0.21789303009048072
0.082682725506321594	0.21745128491246524
0.082479521851592241	0.2170116052904901
0.082277097330425597	0.21657401834998069
0.082075445335278788	0.21613848022807761
0.081874557167867748	0.21570496768835609
0.081674407601204826	0.21527343768601034
0.081474972664787509	0.2148438741661306
0.081276242987500691	0.21441624261722667
0.081078219452391145	0.213990522131948
0.080880915167853201	0.21356674561550729
0.080684309966875589	0.21314486166861457
0.080488381723630431	0.21272481048298891
0.080293073668382842	0.21230641607173928
0.080098253373634201	0.2118891910694346
0.079904024258336828	0.21147358380151188
0.079710375114260809	0.21105956865070591
0.079517305915967229	0.21064715160623682
0.079324795121643157	0.21023625982521371
0.079132794859918851	0.2098267450184263
0.078941302842681693	0.20941858072524103
0.07875032272524092	0.20901175227988469
0.078559800949736289	0.20860608878125783
0.078369688932481474	0.2082014218054096
0.078179920263632824	0.2077975367887013
0.077990433516686039	0.20739420141403944
0.077801122033787196	0.20699102403961295
0.077611886799820243	0.20658767599810859
0.077422527613654327	0.20618339928181817
0.077232925471666172	0.20577778203848099
0.077042904866012105	0.20537022594518722
0.076852055877447117	0.20495930371098503
0.076660166957369005	0.20454419695214968
0.07646687117936847	0.20412341901482295
0.07627086787213537	0.20369238542963156
0.076070029456724475	0.20324369432394235
0.075863856227629561	0.20277593925831577
0.075652862501693244	0.20229006072318123
0.075435184889943996	0.2017795355994792
0.075198381933472946	0.20120566933860845
1.0000800935949428	0.10105834678833281
0.77067628744265426	0.15430879513153289
0.62683656973533508	0.21494028784667787
0.52923156839805585	0.25637066002496861
0.46051388596736093	0.2800901865263532
0.41047343378964729	0.29248910821463148
0.37253599170327684	0.29798745956647948
0.34233711162432934	0.30025348358609327
0.31737795194697049	0.301368378105631
0.29640011214966511	0.30200892701938931
0.27855320571767939	0.3023122287364185
0.26336595042013927	0.30208204959926876
0.25039797862642715	0.30112485216584839
0.239223001930187	0.29946834364933589
0.22942572806187839	0.29735295845260629
0.22071215425913804	0.29505326234431217
0.21294563588307774	0.29256382670131087
0.20594321570123111	0.28990025314965184
0.19951625262042738	0.28724347779219961
0.19358788219885575	0.28468267985518902
0.18809413992274449	0.28227287345460306
0.18297181831006173	0.28002799231336467
0.1781840076720356	0.27790984397472507
0.17368433268406602	0.27591865035095975
0.16943270680653269	0.27405543454494669
0.16541104356554182	0.27229636743329
0.16159313355906033	0.27066860693891398
0.15797328758911861	0.26916937406634495
0.15453408254540488	0.26780714744228978
0.15126197230113564	0.26657468364201875
0.14814880496240718	0.26545613754288749
0.14518898490827745	0.26442197434863796
0.1423741811343921	0.26345822297947885
0.13968843746854193	0.26254992874106386
0.1371242917905913	0.26169859321832634
0.13466837324477052	0.26091247073522988
0.13231772743118841	0.26016874686783775
0.13006429335775818	0.25945062947470399
0.12790379744609556	0.25876627723522899
0.12583013353973538	0.25812427699430607
0.1238361476665749	0.25753638253405708
0.12192095788363588	0.25700404006219502
0.12008249399960633	0.25652118648304706
0.11832163563044532	0.2560716985854487
0.11663708428291773	0.25564072840090579
0.115027742708917	0.2552115277635052
0.11349052714065869	0.25476793048646068
0.11201770059393285	0.25433529726204052
0.11060857045818678	0.25391419590971093
0.10925685838789835	0.25351930842288334
0.10796503523608876	0.25313372626116354
0.10673311999121318	0.25272818150635312
0.10555264110051865	0.25231988461381094
0.10441652245971372	0.25191874944419734
0.1033208729945609	0.25153301971733411
0.10227241153641475	0.25115359736070214
0.10126579348352475	0.2507607477075865
0.10030711830636076	0.25035287421903629
0.099388543476594121	0.24993545045280743
0.098506251095332203	0.24951325303390084
0.097654573727339836	0.24909932837187895
0.096837567225273855	0.24868869869616017
0.096066145394372734	0.24827608194111603
0.095327909379736578	0.2478562362070289
0.094617553659515907	0.2474257377932291
0.093932645155564612	0.24698457139774857
0.09326593727179118	0.2465267356727299
0.09261996784357257	0.24607027748544635
0.091994204759180964	0.24561618663806203
0.091392208509455952	0.24515603849063153
0.090809059573016326	0.24468894016454262
0.090244332345399261	0.24422001976833893
0.089696398807329075	0.24374524065172404
0.089166620584202494	0.24326829707928452
0.088651221719654685	0.2427933781518325
0.088149253189634152	0.24232334948238418
0.087662474070632213	0.24185259830926534
0.087191362534702346	0.24137588080035041
0.086733133510242796	0.24089346153688063
0.086284217983809849	0.24041340279260867
0.085845661777182641	0.23993491879298395
0.085419708539681186	0.23945775521829138
0.085001520617802293	0.23898842362412293
0.08459038674327865	0.23852370630143133
0.084186631235277698	0.23806845428357407
0.08379217468086228	0.23762218785677613
0.083406105925845964	0.23718191355749663
0.083029397483103812	0.23674400038650137
0.082659567581389801	0.23630980935762561
0.082296689012636842	0.23588200644158797
0.081940101675168533	0.23546028844107084
0.081592371936035107	0.23504138321026094
0.081253360419889897	0.23462440136954255
0.080924690900867194	0.23420738751513964
0.080602972723002528	0.23379374596573774
0.080291462103201497	0.23337828739269997
0.079987661463416862	0.23295883972663425
0.079687974623318267	0.23253953242234149
0.079394836891581499	0.23211853724009499
0.07910589518710151	0.23169855271988712
0.078822294391604431	0.23127655581240553
0.078546737341349912	0.230850506477213
0.078276325103846939	0.23042550191989156
0.078008889654812175	0.23000311741288168
0.077745047000765691	0.22958304716623751
0.077485591002903309	0.22916524057513257
0.07722927480339109	0.22875159783602986
0.076976468008334478	0.22834201136889515
0.076728034819284377	0.22793584323671368
0.076482488680168728	0.22753411904248919
0.076240274607345102	0.22713564525355981
0.076001504797971631	0.226738536619218
0.07576556672799091	0.22634531632119037
0.075533334717006656	0.22595544827013173
0.075308080914115325	0.22556425150765427
0.075087080871511933	0.2251702511081804
0.074869421654474771	0.22477547517287602
0.074657521416022832	0.22438066258447817
0.07445177790156772	0.22397861922716653
0.074249383238780692	0.22357358956153975
0.074049207566221076	0.22316837811547011
0.073851927938437284	0.22276058700348578
0.073657632661075972	0.22234997561078948
0.073466109916664205	0.22193914121344419
0.073277418313059922	0.22152808212422678
0.073090480358634288	0.22111814482687731
0.072905920355505943	0.22070901075153534
0.072724494303456289	0.22030041009494494
0.072544603580678865	0.21989345052849274
0.072366157893872587	0.21948820702337765
0.072189400448086069	0.21908469902326164
0.072016127670242722	0.21868274251813219
0.071844157203996784	0.21828306641565454
0.071673525747773942	0.21788600048812568
0.071504235274087488	0.21749179668866778
0.071336245189927386	0.2171006257937402
0.071169455355015954	0.21671253731018372
0.071003831997102113	0.21632753183932904
0.070839346063463746	0.2159455307436762
0.070675959200032154	0.21556642526246972
0.070513683927639306	0.2151900948568099
0.070352486427598768	0.21481635706148
0.070192374195547663	0.21444514241155979
0.070033324286100027	0.21407635571957703
0.069875278017974385	0.21370975368817866
0.069718221450624063	0.21334515540189211
0.069562585486228831	0.21298229147381695
0.069409722462770898	0.21262016981496851
0.069258268814103477	0.21225918612381242
0.069108224705685048	0.21189848284164867
0.068959715402295924	0.2115376659799745
0.068812095225202818	0.21117821374552892
0.068665339870802811	0.21082025848692534
0.068519461895092268	0.21046390912616506
0.068374485187511796	0.21010927450449782
0.068230389630185198	0.20975646873034362
0.068087180285260757	0.20940554020256211
0.0679449283682311	0.20905657174319014
0.067805331088209325	0.20870901319564791
0.067666799177668477	0.20836345789159624
0.0675291441289919	0.20801988309392697
0.067392390428388682	0.20767830068890736
0.067256491457415538	0.20733854396107171
0.067121924290074533	0.2070000216492405
0.066989792481923868	0.20666144994011199
0.066859483525285104	0.20632313481194581
0.066730812687012725	0.20598515027237305
0.066602960590545532	0.20564834697547252
0.066475828522247218	0.20531278415081497
0.066349410733203953	0.20497835943819637
0.066223625185117929	0.20464501939178228
0.066098470329390951	0.20431282571401027
0.06597393654450831	0.20398184200587108
0.065849986469935756	0.20365198641925411
0.065726598743800421	0.20332337639196951
0.065603748901217812	0.20299608248848106
0.065481418647693621	0.20267014429926419
0.065359592290013549	0.20234557244809173
0.065238258894924447	0.2020224147534854
0.065117414256300493	0.20170072030693278
0.064997050055698627	0.20138052712582724
0.064877163024226261	0.20106185251802861
0.064757754481793287	0.2007447043992063
0.064638816612984235	0.20042906821934678
0.064520347993552482	0.20011494006320385
0.064402346287759857	0.19980234100822891
0.064284803397029952	0.19949125947664312
0.064167717524103954	0.19918168113238077
0.064051084156365956	0.19887360486109756
0.06393490340308336	0.19856703832716469
0.063819171665030219	0.19826196968377985
0.063703886329510184	0.19795839254911213
0.063589045161653271	0.19765629863295359
0.063474645344853184	0.19735567968878637
0.063360684461529038	0.19705652805597809
0.063247158755071017	0.19675883036200287
0.063134062990143583	0.19646256971500167
0.063021396740082308	0.19616774674307694
0.062909158883130825	0.19587435779876006
0.062797345723495046	0.19558239187675414
0.062685953946126763	0.19529183843307998
1.00029203707189	0.10172213010873392
0.74272367502616432	0.14605233272601673
0.59000182216622843	0.19669505130947484
0.489377768622826	0.23203443771521165
0.41986515356214371	0.25097331201479234
0.36932227798251449	0.26055111183846436
0.33106493085648458	0.26476377911774734
0.30122789757194951	0.26536879754675569
0.27715713856957802	0.26423573880203932
0.25716121657893981	0.26256258717255088
0.24024808152317162	0.26045331359308022
0.22562790666876423	0.25844921463068632
0.21292219674830062	0.25647524017600459
0.20177679868552514	0.25445123794114943
0.19196053343241562	0.25239154073801057
0.18324368454101736	0.25033648303910161
0.17545173092279737	0.24829992639291812
0.1684556921164122	0.24618842726533641
0.1621609093674897	0.244053142384101
0.1564595864307369	0.241946118558064
0.15125156155034658	0.23989585437001495
0.14650330437863077	0.23779114021649908
0.14213290236938639	0.23567447648011172
0.13808943697868387	0.23357161532124388
0.13433302073402206	0.23150181229309794
0.13083711486483787	0.22944547321750755
0.12757150790401003	0.22744313313018219
0.12451389585606143	0.22549578617757815
0.12162880734944713	0.22361864279393076
0.11890293044701557	0.22182443161888715
0.11631854291929519	0.22011957678435071
0.11386443261168644	0.21849878041009455
0.11153271580952669	0.21693119780319595
0.10931538204286897	0.21541090527458054
0.10720636742360003	0.21394623502904747
0.10519325599359031	0.21254582328106367
0.10327264876112265	0.21118870808840182
0.10143633096587633	0.20987565795072918
0.099676562691391218	0.20860673105387909
0.097985311460240129	0.20739023877732304
0.096360060544521745	0.20621113271957051
0.094794725241053937	0.20508161928593577
0.093290033751524171	0.20398588579978441
0.091838536787064926	0.20293195001234629
0.090444797999384832	0.20189064549214567
0.089106575265281901	0.20086368197101875
0.087814186566163271	0.19986276696146518
0.08657089473176828	0.19887621145241646
0.08537656905392825	0.19791396202006192
0.08422334503420012	0.19698632266416116
0.08310902009013714	0.19609108017073462
0.082030666764169244	0.19521956182278724
0.080983776102896143	0.19437909165257661
0.079966922020080239	0.19357352606622649
0.078982632561512139	0.19280071524826417
0.078025933521551058	0.19206148450263757
0.077097156949079676	0.19134606324489198
0.07619494271035307	0.19063808861631101
0.075315752265343108	0.18995111508041132
0.074461414366060671	0.18928626009104979
0.073637470089497725	0.18864224925952117
0.072838000915317058	0.18802140245454352
0.072061434933831436	0.1874209153973386
0.071304650119604934	0.18684302504757541
0.070568275509584819	0.18628912674216297
0.069852374387337227	0.18575443790069254
0.069154857892951421	0.18524788301844761
0.068475769282185725	0.18476587144378401
0.067814213822232836	0.18431105550166674
0.067170038007825131	0.18386949084345192
0.06654170900566854	0.18344029724929339
0.065932752645769435	0.18302174910809707
0.065339926557844541	0.18261055648980049
0.064763266544890674	0.18219688784454663
0.064202069326996083	0.18177956427762809
0.063655782121351145	0.18136108456693303
0.063124883277445948	0.18094844091228079
0.062609681344205595	0.18053104987595295
0.062110365993942991	0.18012000563548558
0.061622138139123706	0.17971931290250562
0.061146713762743089	0.17931480503368619
0.06068218915845066	0.1789133228135476
0.060226311584687907	0.17852038240992016
0.059780096022538094	0.17813634436111017
0.059344216356287109	0.1777639551083712
0.058916675562502144	0.17740610072642957
0.058496963205713043	0.17705903561532302
0.058084907222961023	0.17672267515376677
0.057681747912247804	0.17639678767183292
0.057286581807143903	0.1760835945275657
0.05690168036014924	0.17577370748433807
0.056525777534334243	0.17546285003337922
0.056157298601205975	0.17515903637830488
0.055797256028588905	0.17485191010499782
0.055445108808401838	0.17454780162593031
0.055100270972699435	0.17424650601229313
0.054761439657432236	0.17395249590069434
0.054429914217767487	0.1736620399891039
0.054104339104221015	0.17336214478226797
0.053784563752253038	0.17305719265751238
0.053470322749876793	0.17275198123035759
0.053161348462862225	0.17244397975826864
0.052856755755937672	0.17213348215928773
0.052556532978017087	0.17182699734117438
0.052260595321499438	0.17152541899802809
0.051969429455561239	0.17123012610315672
0.05168312188190384	0.17094245677778394
0.051400936000671985	0.17066226493962255
0.051122814883392639	0.17038993498922853
0.050848632702647632	0.17012414933362313
0.050578751008846748	0.16986364435279147
0.050314248902674601	0.16960325251897207
0.050053973133496611	0.16934407749765021
0.049798090590507084	0.16908825236667033
0.049546618845769205	0.16883494469851104
0.049298162461201216	0.1685799497152182
0.049052739824331254	0.16832821939768725
0.048811298382616532	0.16807820879872132
0.048573364412560951	0.16783248915061741
0.048338552645334362	0.16759209421884935
0.048107021230388049	0.16735667747324862
0.047878789859460952	0.16712643699107929
0.047653194035915274	0.16689886550183181
0.047430502811824891	0.16667133485028665
0.047212215923770284	0.16644465841860409
0.046995828663726161	0.16622066904169958
0.046780923430905404	0.16599885502688019
0.046568124714197939	0.16577903127535423
0.046357513484294947	0.16556046876019517
0.04615003632677156	0.16534074071495036
0.045944461124812319	0.16512294303494401
0.045740853695558588	0.16490533195962387
0.04554032368348656	0.16468551716105623
0.045341783201290876	0.1644665060326588
0.045146067024324978	0.16424710552557845
0.0449525305409283	0.16402439164690832
0.04476086282361625	0.16380244784497724
0.044570974198865673	0.16358248965717009
0.044382556581456956	0.16336410727584094
0.044195536740478172	0.16314747490621734
0.044010198539083507	0.16293367143790946
0.043826660848771286	0.16272313145539832
0.043644819302525138	0.16251578040924833
0.043464852518875871	0.16231162057856965
0.043287057712391157	0.16211040866191168
0.043110999631542739	0.16191290319656948
0.042936659871470065	0.16171900174592271
0.042764933773900199	0.16152713458978693
0.042596837970305196	0.16133518828436277
0.042430682108294052	0.16114636976274166
0.042266409597829603	0.16096082157901326
0.042103972423423203	0.16077831438241344
0.041944099262010495	0.16059766190877758
0.041787023342029106	0.16041983671487112
0.041633699952431796	0.16024157979339335
0.041482627414765091	0.16006502664209518
0.041334235162328044	0.1598906339749249
0.041188275032359258	0.15971880918069079
0.041043945216638282	0.15954842157912433
0.040900474593062397	0.15937609423183138
0.040758732287750767	0.15920571698180705
0.040619253354558862	0.15903681100581679
0.04048133734021947	0.15886964280339264
0.040345054436303499	0.15870365697143957
0.040211128301142138	0.1585375393208481
0.040078652387974853	0.15837285778750912
0.039947585418793861	0.15821002059398048
0.039818239828004837	0.15804933496790222
0.039689409500635334	0.15788919699215528
0.039562211783108384	0.15773100315427344
0.039436591123518154	0.15757467973706712
0.039314245660592266	0.15741616662165878
0.039193740912682622	0.15725894733055251
0.03907415435767439	0.15710218575618498
0.03895560149576454	0.15694672268051826
0.038838089078714437	0.15679265488529737
0.038722349583555117	0.15664178674575968
0.038608182774182723	0.15649367191238564
0.038495071969323003	0.15634719584440682
0.038382965346076686	0.15620190956201066
0.038271860746622886	0.15605592235256058
0.038162035107357994	0.15591031319855125
0.038053513111598887	0.15576473833612361
0.037945878785911574	0.15562078902025056
0.037838374023206542	0.15547763538158199
0.037731121767391892	0.15533521556709284
0.037624722025567769	0.15519444531504215
0.037519225346901358	0.15505552330347749
0.037414721284821623	0.15491848255638144
0.037312722142418077	0.1547791287037808
0.037212176544118236	0.15463852124098237
0.037112572666052439	0.15449866251673061
0.037013833321826485	0.15436007897373308
0.036915908483932523	0.15422285872105584
0.03681874145617222	0.15408689876864337
0.036722323483505237	0.1539520548472057
0.036626611248218324	0.15381808076218495
0.036531691752986289	0.15368484698392396
0.036437742604067798	0.1535520675397968
0.036344804808596462	0.15342006690311041
0.036254076572706802	0.15328804349480024
0.99431780660781266	0.098991387668538863
0.74350500092052385	0.14697233635525911
0.59309222655335203	0.20085432631327019
0.49379712453194535	0.23685828835982314
0.42522691888452857	0.25575178117993802
0.37526475401597792	0.26592637306992828
0.33729187085627332	0.27069571363919154
0.30758377337694026	0.27208624721664021
0.2835883583121846	0.27175367724459765
0.26385103499384072	0.27053796830637983
0.24728287373432373	0.26903661659758726
0.23302915525622347	0.26764916694058721
0.22064312790288501	0.26629631987973285
0.20978103985046803	0.26482827886276833
0.20019764555378666	0.26328254790548616
0.19164883823708953	0.26170263054142989
0.1840182999032253	0.26004942933986491
0.17722023916254467	0.25824817432755887
0.17111183060182367	0.25628554537861492
0.165555377772475	0.25416887236251307
0.16045626309872449	0.25203423992159341
0.15574735945836649	0.24996097262679451
0.15136449062382576	0.24798481882185994
0.14728614512929744	0.24605156896770869
0.14350480912271116	0.24417798290250858
0.13997690224124501	0.24238123859998159
0.13667492239816936	0.24058668215699602
0.13355949930744918	0.23884924761572673
0.13061488431212143	0.23717340158186817
0.12782489101185351	0.23556942188321139
0.12517107428190938	0.23404078159658265
0.12264724275260698	0.23260197757852993
0.12024503774805163	0.23125091607301271
0.11796148810792664	0.229959770751302
0.11580343085320199	0.22869484182222605
0.11374694631787544	0.22747978653065901
0.11178309718497011	0.22629284182701104
0.1099015530695104	0.22516184243479059
0.10810287229257255	0.22408788941626903
0.10637931072359452	0.22306416732644474
0.10472190274390653	0.22209137161513381
0.10313073607094375	0.22114626453912362
0.1015990573920689	0.220212734488404
0.10011932435124443	0.21931162758394426
0.098691510932289991	0.21844938241857356
0.097317741227772314	0.21762131802823745
0.095990180687326662	0.21683902373535943
0.0947099883464049	0.21610391715751301
0.093476692366689429	0.21540711127310652
0.092288090558065583	0.21474288160459551
0.091141682519271586	0.21410221541857111
0.090033168231910946	0.2134878874591756
0.088961340714224291	0.21288856084707475
0.087922269236347994	0.21231631532594888
0.086916003752280507	0.21177637351882714
0.085940078072929083	0.21125830868504397
0.084990855571939791	0.21076938317321939
0.084073318487510679	0.21030571232390249
0.083181471964920081	0.20986903358507983
0.082315266503318871	0.20946270709316417
0.081477995724213492	0.20906863906040246
0.080668135609434394	0.20866500327958207
0.079879245118403205	0.2082407929323436
0.079111117629113312	0.20780106486631203
0.07836355410175648	0.207358279340316
0.077635743840836241	0.20691939017166952
0.07693070817941812	0.20648329291653181
0.076243630371983673	0.20605906663167187
0.075575526791641312	0.20565379103978382
0.074926775983540861	0.20526330141661842
0.074297853362301963	0.20488066070620151
0.073687761256956946	0.20450542715381731
0.073099751007645208	0.20413576691951546
0.072527811837497069	0.2037715475138033
0.071971872370330064	0.2034157819311567
0.071432750073502804	0.20306127235222154
0.070905851076827786	0.20271495872379328
0.070389536801993016	0.20237500133198813
0.069883129567459942	0.20204333581936712
0.069387872158209976	0.20172598659268387
0.068902888568501658	0.20140780687934218
0.068426936709205313	0.20109539470003451
0.067963626185840842	0.20078688535015463
0.067513706415733052	0.20047830514288464
0.067075606117069309	0.20017555572799473
0.066646911728887939	0.19986315557724971
0.06622881688777954	0.19955446001193822
0.065824475500851895	0.19924957052817316
0.065430331788073767	0.19894764357566722
0.065047785907402039	0.19865265725259265
0.064673313877762068	0.19836379907806057
0.06430334536530985	0.19807294085262556
0.063939980156599283	0.1977901224136642
0.06358597135468437	0.19751645238199722
0.063237864424073559	0.19725195228576128
0.062896677082364155	0.19699547908133988
0.062559961991858107	0.19674411157169636
0.062228413591020153	0.19650085135489917
0.061907997411381629	0.19626577469502279
0.061595140548525829	0.19603664940553983
0.061288697332712513	0.19581324936300373
0.060991181206210922	0.19559462026789926
0.06070069619028573	0.19537634177445212
0.060417185071531251	0.19515461323565733
0.060138206915948685	0.19493207406366614
0.059863590426600333	0.1947107504624962
0.059595479896675713	0.19449163819614013
0.059330969774348728	0.19426526754427115
0.05907068543876301	0.19403664495241985
0.058816682813812617	0.19380960302378569
0.058566115715876818	0.19358495362697148
0.058318628720570628	0.19336261205057467
0.058074060873211042	0.19314241446660621
0.057832292342544535	0.19292171856680757
0.057593166479653422	0.19269923818540374
0.057357499380819479	0.1924569460730538
0.057125205833406238	0.19220880601176457
0.056897730645953729	0.19195625361305924
0.056673595020663756	0.19170270718886864
0.056452368550074808	0.19145144009201995
0.056233904479573493	0.19120311373414478
0.056018019542999384	0.19095665554809302
0.055804666767567582	0.19070771209665446
0.055595187695316357	0.19046174323731893
0.055390768189255243	0.19021910865050473
0.055189568408615899	0.18998148908784829
0.05499164686143921	0.18974998743979876
0.054797195457297034	0.18952532526415192
0.054606976522392277	0.18930673701920755
0.054422315265620823	0.18909315195811657
0.054241292619797134	0.18888255097615556
0.05406222830510847	0.18867180166717104
0.053886154404268194	0.18846122343651547
0.053712098102094825	0.18824896866809657
0.053543158200923167	0.18803738389153996
0.053377007783172087	0.1878222892932965
0.053213840020081067	0.18760618371928767
0.053053958637099254	0.18738933784281406
0.052895713768932894	0.18716798645217606
0.052739022521865762	0.18694506259584101
0.052584287874867783	0.18671837330821178
0.052431135421225489	0.18648551963492332
0.052279344025460375	0.18625244259039356
0.05212900922045699	0.18601954662314416
0.051982349010566371	0.18578435985202865
0.051837046023124785	0.1855419221652449
0.051693930700874254	0.18529870372666404
0.051552378781972948	0.18505655514632949
0.051412256892163485	0.18481587133601635
0.051274054253972412	0.18457684509757696
0.051138773631679943	0.18433938591085003
0.051005104699107989	0.18410307213075747
0.050874139707129028	0.18386788666031648
0.050744476332286743	0.18363457334752031
0.050615969209066684	0.18340301713814713
0.050488612673699314	0.18317337713041226
0.050362406600115504	0.1829457962325674
0.050237941477155788	0.18272000360639395
0.050114847184227387	0.18249657811586922
0.049992853907732879	0.18227585940943145
0.049871835463819139	0.18205772710267329
0.049751787543862877	0.18184235502038026
0.049631310699980273	0.18162746701247409
0.049511226073921243	0.18141418530949416
0.049391429282671838	0.18119880187533985
0.049272261713535895	0.18098403106086045
0.049153890694126658	0.18077131924406692
0.049036683451313887	0.18056043786547862
0.048921707007911736	0.18034763802125414
0.048807717224968503	0.1801357164918001
0.048694608861269542	0.17992452484716373
0.048582346197322442	0.17971378356453713
0.048470959534392816	0.17950332444012479
0.048362072001690438	0.17929301666052569
0.048256232439732753	0.17908027774409718
0.048152581320122054	0.17886729866204643
0.048050950199806493	0.17865420187321496
0.047950318447790338	0.17843745020450832
0.047852175316439767	0.17821699088937204
0.047756150424202989	0.17799518392041391
0.047661160339270231	0.17777274873998516
0.047567200564532626	0.17754901648931876
0.047474753348348754	0.17732261135995855
0.047382908365823609	0.17709559114421997
0.047291608377797729	0.17686794377832596
0.047200766317186421	0.17663980818513472
0.047110338758069879	0.17641137052270653
0.047020591981261343	0.17617923004208513
0.046931540865239325	0.17594269651338307
0.046842969668624862	0.17570477518356034
0.04675476513552624	0.17546686505304257
0.04666689914890821	0.17522916685893747
0.04657937655971247	0.17499198154585713
0.046492210089127364	0.17475543775280827
0.046405414193590358	0.17451964997232994
0.046318980177064248	0.17428465123955167
0.046232907309585861	0.17405048532140768
0.046147193916488478	0.17381726094764716
0.046061844161176466	0.17358505022987758
0.045976867391176568	0.17335391608366688
0.045892263103594309	0.17312390623706717
0.99567545239390887	0.10214112183659886
0.7220079246595037	0.14155225067763694
0.56611910206209515	0.18753146342910004
0.46577926987843149	0.21861167420952787
0.39651752894266379	0.23756752302688028
0.34658308131473026	0.24768157360413623
0.3092273817643546	0.25217302397957486
0.280287030401149	0.2533320254717692
0.25719574725744276	0.25237687474951509
0.23826134894682496	0.25022595934573555
0.22239084779214802	0.24738557313032203
0.20874717455496028	0.24450471163412163
0.1968668487765213	0.24182327165234849
0.18643939494632564	0.23929505745648766
0.17722826446263998	0.23687774841201129
0.16903754752487801	0.23453381162415665
0.1616811880124244	0.23235553264204073
0.15504611213147171	0.23032237711520623
0.14903805874197723	0.22836136215261249
0.14356916379865509	0.22647947325322954
0.13858979210976213	0.22466119340980426
0.13403745309013601	0.22293774109388687
0.12986586489712937	0.22132325871958794
0.12602739070279853	0.21976311619073061
0.12247269393981833	0.21822743504523784
0.11917373268804224	0.2167193592514737
0.11610818201741373	0.21526431567598012
0.11325189261240787	0.21382287723280027
0.11058062654935839	0.21236998666904877
0.10807977595140517	0.21092708132483876
0.10573633612158415	0.20948742560605543
0.10354015678815949	0.20807497908949374
0.10147165843664697	0.20669367865338653
0.099520019047545302	0.20533555718341479
0.09766589018346121	0.20402596583712251
0.09590497592805855	0.20276157064897649
0.094228478799535456	0.2015049962719801
0.092633755087154712	0.20025079032124773
0.091114804697602719	0.19901483677066881
0.089663732277034364	0.19779195786184797
0.088276532359274573	0.19658788371448596
0.086947500614483461	0.19539592027444691
0.085671281324925644	0.19421258990495519
0.084442943360182904	0.19305828901628747
0.083262483624214498	0.19193733373149238
0.082126898008512972	0.19083583234944196
0.081034306298464448	0.189748518557187
0.079981175628904735	0.18867814782304962
0.078960869775683756	0.18763433893892795
0.077971408252383648	0.18660700745657283
0.077013539613994444	0.18560225703361016
0.076084099549746473	0.18463211687188505
0.075182405345607606	0.18369633690058648
0.074307203824902648	0.18279724309149148
0.073461826240775144	0.18193407041312454
0.072644046211133656	0.18110074953124466
0.071851181752888946	0.1802949313918478
0.071080579598586616	0.17952194387817369
0.070333479347512801	0.17877101061130057
0.069604331636670819	0.17804233979292106
0.068893241139955541	0.17734235542435314
0.068198075509336431	0.17666292509486473
0.067519199274141906	0.17600180203602978
0.066856571712226712	0.17536075181311797
0.066207860274131655	0.17473583251003413
0.065572719753025019	0.17412992961251073
0.064951918512472395	0.17354805408466023
0.064345471545509014	0.17299022368764821
0.063752256596834381	0.17245301894527409
0.063168415894125543	0.1719302992058562
0.062596788596920652	0.17141587543224629
0.062035280358378991	0.17090257344159321
0.061483689083692866	0.17038771282930962
0.060942707123013203	0.16988594627536444
0.0604117683195209	0.16939441589721524
0.059891109497096778	0.16891063494126154
0.059382685053267423	0.16843083968383757
0.058883288800034239	0.16795163458084458
0.058393367414005568	0.16748311565400006
0.057915062659809648	0.16702227347133169
0.057446829001974835	0.16656677701022532
0.056987894625549325	0.16610763178570398
0.056537370381565734	0.16565616425510876
0.056095558627223978	0.16520705343245753
0.055663467517291038	0.16476144507967255
0.055239053115928138	0.16432236232982408
0.054821379410559944	0.16388228297953442
0.05441394020320281	0.16344767152879097
0.054015607337747309	0.16302177052370725
0.053624884155419592	0.16260341398448508
0.053241203120844391	0.16219421183909105
0.052863961758728761	0.16179557979008713
0.052493965149519164	0.16140587220520675
0.052130963561951377	0.16102481632463833
0.05177675008465317	0.16065286822375871
0.051429031154418485	0.16029182059613475
0.0510869603926958	0.15994026148376958
0.050750022490643393	0.15959578152746301
0.050418660136762272	0.1592577884296176
0.05009249715072845	0.1589289452194029
0.049771775746630026	0.15860862151235539
0.049457950272134933	0.15829441335390829
0.049149688930665708	0.15798479866737636
0.048846633585044048	0.15768046500159044
0.048548714208036074	0.15738369892530601
0.048256248425642141	0.15709436203292967
0.047969690778648814	0.15680960564925048
0.047688730484927687	0.15652982022495757
0.047412057994210284	0.15625750972243121
0.047139615673514552	0.15599304760940208
0.04687139206083165	0.15573697198825279
0.046607332983624787	0.15548959549522834
0.046347467467737699	0.15525098631361195
0.046092375647438323	0.1550141048722537
0.045840907453665695	0.15478405808587292
0.0455933695864921	0.15456331612748078
0.045350715984131214	0.15434996117719804
0.045112282317911111	0.15414556330868645
0.044877820109153074	0.153950432474353
0.044649079663250386	0.15375909372294372
0.044424591855950366	0.15357299226721982
0.044204127246004227	0.1533919658102412
0.043988391218864678	0.15321136633915175
0.043777197399036551	0.15303076883268724
0.04357093903043862	0.15284818972764147
0.04336751261413227	0.15266556709624482
0.043165205903823507	0.15247412812213759
0.042966107356246258	0.15228242014664942
0.04277154916098843	0.15209004789226488
0.042580665589732065	0.15189789942879006
0.042392683997329865	0.15170769651002575
0.042207161215740835	0.15152006595169032
0.042024041172498597	0.15133499796661962
0.041843666269300951	0.15115261276949368
0.041666790038856275	0.15096544814319571
0.041491804061910151	0.15077800716491765
0.041319026393953927	0.15059240019932568
0.041148297600836027	0.15040891420049396
0.040979510394691034	0.15022789971086967
0.040813210522529855	0.15004497759949018
0.040648818368028895	0.14986423560114104
0.040486227508161082	0.14968619932979041
0.040325714355107269	0.14951091733008851
0.040167848948064008	0.14933874289908522
0.040011602779549245	0.14916925355551144
0.039857004721526437	0.14900285432264626
0.039704358674052559	0.14883855351865297
0.03955380677432984	0.14867521768065967
0.039404550710439884	0.14850996578397935
0.039256040451046491	0.14834112334488905
0.039109072533831314	0.14817260359781079
0.038963538653956284	0.14800652200834441
0.038819418601329106	0.147842913489588
0.038676696069431325	0.14768170291201077
0.03853590785088349	0.14752221665089393
0.038397284659439791	0.14736407222165873
0.038259908873291282	0.14720796733946551
0.038123751875850917	0.147053771914747
0.037988329109113962	0.14689860865522694
0.037853797492156969	0.14674167952886727
0.03772106957114868	0.14658079016777442
0.037589556239753616	0.14642002186823688
0.03745919961345677	0.14626057665464273
0.037330021317401235	0.14610280336875878
0.037202044485644702	0.14594676808794713
0.037075296893537966	0.14579235615638128
0.036950583703647358	0.14563908921293117
0.036827321927590279	0.14548787290871301
0.036705242617589957	0.14533877218137112
0.036584730639511134	0.14519083496284885
0.036465499297035693	0.14504474876394424
0.036347464314433552	0.14490081024301571
0.036230575543524636	0.14475897462147638
0.036114817953499898	0.14461932246435255
0.036000428669981557	0.14448175050160869
0.035887885126426058	0.14434586240893985
0.035776531401343167	0.14421223198959729
0.035666360224494598	0.14408076536084732
0.035557521095680951	0.14395128261778742
0.035450725460226533	0.14382350396778798
0.035345008852381052	0.14369780875257593
0.035240340507627893	0.14357410678850646
0.035136450211980239	0.14345109926392771
0.035033674489552101	0.14333008659388863
0.034933302915069887	0.14320987572959873
0.034834013474871091	0.14309100160800306
0.034735711587218304	0.14297364595527709
0.034638365240911233	0.14285773016319409
0.034541931504905442	0.14274319453696901
0.034446538393931345	0.14262877259038786
0.034352635824797778	0.14251311614110682
0.034259574943655835	0.14239825000932316
0.034167548174719807	0.14228345953830146
0.034076688073468447	0.14216872590780447
0.033986592358114666	0.1420551404205331
0.033897445994383948	0.14194260593194755
0.033809868557545884	0.14183065281205268
0.033723038297940988	0.14171999011893796
0.033636953039326879	0.14161070105190018
0.033551618794166016	0.14150273917549799
0.033466802812450423	0.14139152525503407
0.99363581765117326	0.10213552902104618
0.74985617038004082	0.15198638441495574
0.60137716155267551	0.20721103668948598
0.50212434542987505	0.24523485359804534
0.43266607887560249	0.26706401995962759
0.38199060581497118	0.27932479502067525
0.34409977670092062	0.28461202847235478
0.3145127549108836	0.28604888654286609
0.29055140328769596	0.2858040950380818
0.27061484020286491	0.28488045488106167
0.25366580943861078	0.28375172104093771
0.23904865562469865	0.2826661616268234
0.22640824561361211	0.28153993584376036
0.21545018956215164	0.28024219129733757
0.2058402558128036	0.27881695173146209
0.19743131437072203	0.27714249197388063
0.19000024747292826	0.27528836680566676
0.18339895699110054	0.2731902784994571
0.17745731603835316	0.27092959972060682
0.17204428947725012	0.26861955681095623
0.16706276472206572	0.26632146394370415
0.16247328315535886	0.26401609700059547
0.15820730956242254	0.2617755200008986
0.15424779215245454	0.25955118420414275
0.15055311618042813	0.25735774714694071
0.14707061301867907	0.25527572934616655
0.14378741597007502	0.25330244059097429
0.14068221976290057	0.25145676145186657
0.137741643632249	0.24970811540713439
0.13495570295394027	0.24804329505643566
0.13230787107734096	0.24646495311859812
0.12979380652971428	0.24493955312997304
0.12739038395582947	0.2434648152244587
0.125083666777806	0.24206139756617917
0.12286718677352113	0.2407284579373874
0.1207304390564251	0.23945346916819316
0.11867623878681277	0.23825638168572882
0.11670154828693408	0.23711328149519689
0.11481239784466135	0.23600383984424209
0.11299729707178799	0.23492965239316138
0.11124925536112749	0.23390558537819728
0.10956777978390503	0.2329322987164382
0.1079517171257353	0.23199563796828565
0.10640014839107964	0.23109788230862188
0.10490781014965826	0.23024929192355773
0.10347924060546711	0.22943262430190725
0.10210507710843618	0.22865265486305872
0.10078415309540902	0.22791123084853399
0.09952191314601197	0.22719034145899827
0.098316691789477315	0.2264680054586086
0.097165182421490442	0.22573436348594375
0.096057708507168646	0.22501482670130932
0.094989007398417938	0.22431668782544331
0.09396466258006396	0.22362901622815165
0.092972356351684562	0.22296103856669577
0.092008402003597237	0.22230795761473313
0.09107416830478772	0.22165672163285249
0.090167312463162508	0.2210238548534775
0.089285808775357675	0.22040552355454249
0.088430179990256305	0.21980754965211852
0.087605520184525804	0.2192287122109246
0.086808001006996011	0.21866235672878476
0.086034123045328439	0.21811432204941261
0.085283946677357572	0.2175862959574357
0.084554432268863278	0.21706583629648685
0.083846871931549452	0.21654935065375167
0.083163907504404597	0.2160341903616895
0.082500594862039131	0.21551349308032858
0.081849989178315666	0.21498644911976822
0.081212236308101038	0.21446030068716918
0.080587235779059213	0.21393692404846726
0.079976332948681145	0.21342236911464396
0.079379864899171731	0.2129165158150523
0.07879603818784256	0.2124170687512463
0.078222896030357078	0.21192407733385155
0.077660993051161684	0.21143444817939364
0.077113843070178809	0.21093737363656645
0.076579223853381312	0.21044125068216374
0.076053975773718349	0.20994883606701123
0.075538391294688909	0.20946064861070263
0.075034875714610982	0.20897792260734754
0.074544371021504241	0.20850072572399828
0.074068238426959934	0.20803075524796386
0.073603927576145561	0.20756797842749558
0.073150146105168068	0.20711448099162913
0.072706567384715468	0.20667085211030481
0.072269969794993144	0.20623640646921595
0.07184277035297601	0.20580963009744258
0.071424824316817598	0.20538969291536846
0.071014640016686545	0.20497601061927342
0.070612474281513196	0.20456895950552925
0.070218261830956294	0.20416926936202459
0.06983015622075589	0.20377612808248707
0.069449278417509655	0.20338550121856305
0.069078360382092821	0.20300077828368449
0.068714715137014076	0.20262514565456699
0.068358054865703816	0.20225831841912756
0.068007896966245193	0.201900080927888
0.06766471079008593	0.2015471738334253
0.067327480420781419	0.20120042100363464
0.066997553925431788	0.20085419949352959
0.066673223289023184	0.200510707818012
0.066355458431435185	0.20017147231032276
0.066043995329236702	0.19983225108245314
0.065737655012644114	0.19949661930171697
0.065437316562367287	0.19915673770688946
0.06514348833054838	0.19882463108076093
0.064856067822855384	0.19848958936407188
0.064575854245131334	0.19815607149832351
0.064301719033323115	0.19782784790917102
0.064034023053859371	0.19750568919696665
0.063770672253649477	0.19719059442767189
0.063511834240176174	0.19688274848247808
0.063257009708966874	0.19658193119683226
0.063002332361682428	0.19627483529262299
0.062750746543248651	0.19597289054883074
0.062501907444516613	0.19567447738911203
0.062255887970712721	0.19537755341551094
0.062013484463784505	0.19508210329553569
0.061775587283962652	0.19477081328180418
0.061540819774340352	0.1944578469612627
0.061309345174394382	0.19414143562050529
0.061080371947902924	0.19382579603945249
0.06085525498870463	0.1935110334915057
0.060633285447872394	0.19318827304641528
0.060412525933867652	0.19285441165553746
0.060193747749703423	0.19252069432666827
0.05997814578315612	0.19218785537171384
0.059765677482700459	0.1918566672166355
0.059555863585260466	0.19152825543333715
0.059348387017599862	0.19120340553686907
0.059143392449448086	0.19088213645498825
0.058942093528368496	0.1905639712743129
0.05874426163969805	0.19024896946943182
0.058548773924637705	0.18993703984360349
0.058356733317414221	0.18962888351546028
0.058169454506632072	0.18932607628729034
0.057984990984405155	0.18902266072255172
0.057805357485008091	0.18872154601408522
0.057628449907494154	0.18842125610866761
0.057454560816076507	0.18812392440997558
0.05728578168946824	0.18782963410277481
0.057118790106815191	0.18753317568984307
0.056954182626389835	0.18723465565800174
0.056791873241779769	0.18693783174122564
0.056631387060278995	0.1866431703737895
0.056472073319218198	0.1863455263383707
0.056313690446984914	0.1860440165239067
0.056156714504859054	0.18574352775559447
0.056001005481430804	0.18544407297274254
0.055846513269313107	0.18514571417884579
0.055692432947137126	0.18484328343531611
0.055539704928084091	0.18453976714525225
0.055388004436504532	0.18423678189312015
0.055237288511222185	0.18393435544210354
0.055087690769277213	0.18363219009362078
0.054939419893937538	0.1833292356172965
0.054792229398831521	0.18302708102910634
0.054647029566877219	0.18272402269145996
0.054503127003145524	0.18242186892663942
0.05435967649732739	0.18211601110033585
0.054217735136397889	0.18180836511696624
0.054077950586793808	0.18150148455783854
0.053939162075466132	0.18119565688146896
0.053801314654798663	0.18089102617718023
0.053664413743622123	0.18058520631708197
0.053528349945982316	0.18028067506465725
0.053393114348772967	0.17997762617614133
0.053258747544699225	0.17967623081211725
0.05312524778666966	0.1793766062091704
0.052992587961152526	0.17907873564756835
0.052860760884378237	0.17878261153539632
0.052731390267600861	0.17848864387520902
0.052603076094561149	0.17819650742160442
0.052475580660112396	0.17790624131612129
0.052348851574489617	0.17761782239897111
0.052222864837219655	0.17733116216656974
0.052097624302927782	0.17704626466404425
0.051973091808128077	0.17676309962862227
0.05184923693495519	0.17648160167720139
0.051726048912029608	0.17620165048241387
0.051603917984820578	0.17592220618334506
0.051482981292573025	0.17564273825890137
0.051362738091715807	0.1753647683551991
0.051243158721799659	0.17508836818223475
0.051124236370709925	0.17481346263957559
0.05100597274521354	0.17454004227948614
0.050888348533238252	0.17426802974266672
0.050771380603272749	0.17399741849203071
0.050655627251400222	0.1737261573126464
0.050540887977480402	0.17345468790939161
0.050426688244360592	0.17318406026847794
0.050313003659905972	0.17291440550282519
0.050199837292593884	0.17264573449849385
0.050087193990020755	0.17237802788667886
0.049973623978250219	0.17210661017169224
0.049859631716186771	0.17183291656828539
0.049747042845485985	0.171558922390632
0.049634990625056191	0.17128587067375442
0.049523528954134276	0.1710140408234932
0.049412665513466209	0.17074348824620786
1.0025186308430971	0.1028347986611868
0.76560226748791216	0.1546853598506707
0.61866892689865249	0.21215976941882114
0.51969093040067671	0.25088735795398048
0.44975790047463454	0.27425391254181791
0.39881652419199543	0.28646490344261061
0.36038259330516381	0.29179182870558629
0.33028509577725029	0.29351637687749138
0.30560420307792069	0.29401274312810238
0.28488675529808632	0.29401054897203538
0.26724921034311488	0.29367649889108949
0.25214542716481064	0.29310688992996436
0.23918362557991457	0.29219515162712056
0.22800887279184001	0.29089046615822817
0.21826982752482416	0.289100090523223
0.20970391489551518	0.28701508661227537
0.20208714947590301	0.2848184873884928
0.19527157211057589	0.28251654739768095
0.18913447581282838	0.28004053373363474
0.18353015869176567	0.27746391799708475
0.17835468434512639	0.27490748195378789
0.17355829669355052	0.27239365179024344
0.16909290594868173	0.26996937399915122
0.16490479833209895	0.26766825495578017
0.16095009890062753	0.26553981998319437
0.1572023897489731	0.26361045729577359
0.15366423351076883	0.26182036176843831
0.15032005030822029	0.2601380026341123
0.14714852811483775	0.2585663348242358
0.14413048325699709	0.25712957371694095
0.1412596648927173	0.25580666999078971
0.1385392592851124	0.25456894171660521
0.13595101606945673	0.25340522253505809
0.13347886969474951	0.25232363499849686
0.13111474764019662	0.25133866174257541
0.12886105121236482	0.25041716761772415
0.12671035957496229	0.24955316902290645
0.12465586680762192	0.248728745088963
0.12269411765308967	0.24794078118137292
0.12082029044723595	0.2471889205970593
0.11903994376327401	0.24643558161930199
0.11733398643468351	0.24568857158661425
0.11569358047975146	0.24496036352731027
0.11410915855190538	0.24425412768456423
0.11257969929815248	0.24356562867692105
0.11110379561364528	0.24291604714480147
0.10967795050566966	0.24231456196222922
0.10830786940980747	0.24174005418922923
0.10698839452410093	0.24119265159297976
0.1057196880494418	0.24066320879416916
0.10449310912693764	0.24015253559586253
0.1033086783624353	0.23964977033018145
0.10216739875612708	0.23914696574458189
0.10107079223337451	0.23864897429146542
0.10000845110822848	0.23815837239514207
0.098982951755953563	0.23763990527473189
0.09798973831177471	0.23711946209860046
0.097029164341138008	0.23660456996194817
0.096099577633783642	0.23609321369296099
0.095205464755200281	0.23558511376690996
0.094337986318460923	0.23508086562620023
0.093493557887225562	0.23457414805907656
0.092671177365832649	0.23407810374573748
0.091867525612456202	0.23359322133313953
0.091087658522006204	0.23312553427371582
0.090329081454942978	0.23267380877714833
0.08959170073799283	0.23222774716416311
0.088874217819144188	0.23178245911088169
0.088175439479450113	0.23134861946432572
0.087491538831024424	0.23091982810457673
0.08682294448298665	0.23049593732074686
0.086170581571264143	0.23008015943234214
0.085536045582348202	0.22967418488356417
0.084918571629960055	0.22927589394026615
0.084318703596857711	0.22887647092296989
0.083735776128474215	0.2284845787131658
0.083165910509338373	0.2281050186625013
0.082611399820223211	0.22773388656033827
0.082074914863671355	0.2273657702176925
0.081552032100335958	0.22700861271133402
0.081044237054181373	0.22665779428247376
0.080549510865205273	0.22630844959577545
0.080067374384333895	0.22596312856896961
0.079602158305002779	0.22561980333102055
0.07914895664096247	0.22527605446486978
0.078706512607771853	0.22493712583170158
0.078276561387348287	0.22460204165196893
0.077858675614590908	0.22427530216187827
0.077451515244494326	0.2239570062098144
0.077056417661758164	0.22364600110290189
0.076672790431084881	0.22334499897456825
0.076299811497484632	0.22305069664033919
0.075935717493284177	0.22276522523923384
0.075579931390205801	0.22248731821807818
0.075233053636883249	0.22221297267256226
0.07489386588502274	0.22193292817667207
0.074561199735360698	0.22164411578859408
0.074237059009993861	0.22135180468426188
0.073920920988423192	0.22105886342943676
0.073610132255202035	0.22076090476641647
0.073301788484761932	0.22045741444242536
0.072997881438577314	0.22016053980829445
0.072697833568545839	0.21986840127344898
0.072403330846415426	0.21958308727523881
0.07211283823825429	0.21930327202530595
0.071824318851467575	0.21902004176913956
0.071538437623514986	0.21872908946132111
0.071256940236783098	0.21843045170802891
0.070981132913039757	0.21812337919347294
0.070711429154396432	0.21780753492419119
0.070445435095402631	0.21748942069332886
0.070184073811454431	0.21717135840177901
0.069928147041720706	0.21685127067254009
0.069675054579127774	0.21653049196582255
0.069426294288473189	0.21620999119108883
0.069182156501917461	0.21589274630674921
0.068943523104277843	0.21557816068220739
0.068709344104421588	0.2152664131554356
0.068478045479293453	0.21495837234284773
0.068249349728297576	0.21465195149896002
0.068024850832681436	0.21434706540155091
0.067805034832359237	0.21404452985429059
0.067587379592555549	0.21374806195578952
0.067372142638885371	0.21344752667489936
0.067161257893917303	0.21313796247550096
0.066953363576529437	0.21282681715694876
0.066747605472197019	0.21251701656818309
0.066543878597222092	0.21220912439056291
0.066342037569217902	0.21190286329702129
0.066141652656040967	0.21159482734993126
0.065942826826468112	0.21128722062396385
0.065745582883114856	0.21098130565642895
0.065551365859054855	0.2106724894099018
0.065359866803896952	0.21036221596432442
0.065170234863689877	0.21005424183905372
0.064982411086941749	0.20974880739105947
0.064798528587845225	0.2094424935182479
0.064616620570792316	0.20913832122739465
0.064436437631703203	0.20883692700761447
0.064257885350125998	0.20853821691412444
0.064081391508594931	0.20824186410107029
0.063908127568826925	0.20794645105709869
0.063738407716854267	0.20765286327185575
0.063572121997622952	0.20736028419762129
0.063408011352183505	0.2070697967334913
0.063245444348677279	0.20678129255376035
0.063084259375185192	0.20649405662098305
0.062927521051348717	0.20620935621476186
0.062772112433740826	0.20592505154661142
0.062618250135995132	0.20564197847627141
0.062466953784652321	0.20535802270991835
0.062317011717600651	0.2050753369435033
0.06216845301172743	0.20479332752109947
0.062021651943832766	0.20451074953219356
0.06187595027451992	0.2042294795949649
0.061731312681929038	0.20394969754496223
0.061587684810051682	0.20367156601717099
0.061444999690507263	0.2033952306189902
0.061303260723536764	0.20312089867877697
0.0611625032510517	0.20284877924314301
0.061022774580752774	0.20257903276403869
0.060884473894750643	0.20231094381504636
0.060748095458373022	0.20204329119905731
0.060612753651693996	0.20177749497819783
0.060478390664662499	0.20151341778689605
0.060345221054819889	0.20125031842024799
0.060214625204651921	0.2009860211171042
0.060085143278504817	0.20072289381868269
0.059956710994977402	0.20046110108651424
0.059829299452135082	0.20020065881982019
0.059702979719930938	0.19994165960560692
0.059577837168956191	0.19968412145946937
0.059454859259260709	0.19942593740132616
0.059334101425870915	0.19916723590495997
0.059215293761957562	0.19890854046080722
0.059100721775683797	0.19864549767668543
0.058988100341936529	0.19837999890956393
0.058876593280523283	0.19811466296106148
0.058766423162531792	0.19784854583318753
0.058657638888436052	0.19758157762937945
0.058549710700254921	0.19731473999135296
0.05844260800479377	0.19704804854220351
0.058336244241882253	0.19678158171386473
0.058230532239559728	0.19651548348284886
0.058125380456305942	0.19624975968172712
0.058020720565571698	0.19598440452340712
0.057915381402002988	0.19571770248356524
0.057810054730273917	0.19545088765053276
0.057705110911986421	0.19518463048963416
0.057600564055947101	0.19491910218527636
0.05749644215649316	0.19465442961189261
0.057392734466337629	0.19439064862780994
0.057289468802213361	0.19412788631705366
0.05718673163904358	0.19386637275600696
0.057084545793459882	0.19360610599405823
0.0569841092746073	0.19334761604584677
0.056884572893517983	0.19309064363066372
0.056785495038411751	0.19283500955444333
0.056686915862378486	0.19258077878727822
0.056588742981759352	0.19232782376830951
0.056490966900660369	0.1920761160970291
0.99392834161601307	0.10063207257731531
0.72387102334292619	0.15009762646886227
0.56923258087857376	0.20069338701054373
0.46955652094482048	0.23421387535932148
0.40125340635072482	0.25261390596764227
0.3520035424517321	0.26196895405971315
0.31489687462123489	0.2667864878580623
0.28629309303642669	0.26818719568295268
0.26344468284371508	0.26730550588204349
0.24474714796603661	0.26520760070984667
0.2290316737672235	0.26265607696582427
0.21553304067634543	0.26011978700212651
0.20375886969624013	0.2577443423031342
0.1934195736118178	0.25555241623723801
0.18427412328456114	0.25353320456413486
0.17612978322058398	0.25172695015338797
0.16881195922933925	0.25005857884856852
0.16222185254605956	0.24853370668719277
0.15626510475477415	0.24707802810408686
0.15086728710504363	0.24566562562966024
0.14596884162246074	0.24418723736209719
0.14147223533508219	0.24263145872914382
0.13731086911662657	0.24106340612772909
0.13344529224536836	0.23945325091753647
0.12986150241539091	0.23783302957188435
0.12653537469895546	0.23627059850325299
0.1234419111122942	0.23472276492328542
0.12055576335152643	0.23320277684392737
0.11784483787027639	0.23172726380321762
0.11530439692408763	0.23025312397943276
0.11290188505031193	0.22879037756334922
0.11063560992356657	0.22734434824428901
0.10849417768971878	0.22591846335932275
0.10645920470525633	0.2244894505400522
0.10452862344654529	0.22307777759113664
0.1026909748295179	0.22168383612946982
0.10094240325154873	0.22030901889955909
0.099276068633940215	0.21896619081136398
0.097683404709880739	0.21766747220914073
0.09617140314864904	0.21640915162145222
0.094727421421837821	0.21519268380978085
0.093348665001689313	0.21401492583243048
0.092029933180024392	0.212882396944688
0.090765434085176316	0.21179162428274978
0.089550569891442472	0.21074396301032455
0.088380542975353402	0.20972462943733172
0.087254628148236632	0.20872416714252806
0.08616452925592652	0.20774005287710975
0.085109510572540126	0.20678234331518014
0.084088442053788237	0.20586264706217486
0.083103408452214561	0.20497768659117152
0.082147599196407267	0.20412316005933329
0.081218958172166206	0.20329181390573714
0.080318598143763326	0.20248052620408991
0.079441883485889528	0.20169712073841867
0.078589640102608688	0.20094640991583185
0.077760199183710993	0.20023059813698205
0.076951603929528725	0.19955143070859246
0.076164192009495618	0.19890608878761476
0.07539718885581613	0.19829014984289173
0.074649105997984924	0.19769752483024175
0.073919076295375891	0.19713466435649166
0.073208327788685967	0.19659593360343236
0.072515723333750656	0.19606709502109798
0.071837550689541063	0.1955440168839615
0.071175782924694675	0.1950313227389881
0.070527932478633037	0.19453425325787094
0.06989647270999208	0.19405875602704223
0.069280499971124079	0.19360842179682217
0.068680636635170697	0.19318117849647054
0.068098299912796353	0.19277814497390194
0.067530934893352559	0.19238631480518123
0.066974180198398417	0.19200445527365692
0.066427912486907173	0.1916344268987441
0.065895093318134187	0.19126063684444305
0.065372702698095905	0.19090016283674258
0.064861265419492137	0.19055538974774044
0.064360566133016189	0.19022416479606194
0.063870151385362284	0.18990185720413758
0.063389638057088402	0.18958181554671172
0.062917232835920628	0.18926346090096022
0.062452532018321863	0.18895234400774394
0.061996633486775296	0.18865050183940008
0.06155162776033668	0.1883593976827061
0.061116439223787442	0.1880793702769801
0.060692602980628493	0.18780910457541194
0.060280139364870707	0.18754844242568211
0.059876132638156679	0.18728667082141331
0.059480725299290368	0.18703315211666419
0.059092906470880918	0.18678716294922348
0.05871167473021454	0.18653169518176005
0.058336815837700569	0.18627720959696056
0.057970297591006359	0.18602950331338547
0.057610385106483537	0.18578559703074718
0.057257363046541401	0.1855452991738501
0.056910437915946015	0.18531199108103746
0.056570070380967154	0.1850866943820284
0.056236112413211969	0.18487018461976626
0.055908677952705994	0.18466203968345876
0.055587835894877341	0.1844618722702891
0.055272439560012689	0.18426987112268511
0.05496310801307841	0.18407504343183528
0.054660415375239559	0.18388144249800889
0.054363358779822693	0.18369145680440344
0.054069903198033772	0.18350005189909244
0.053781278854685678	0.18330802960251003
0.053497350793636801	0.1831218147681769
0.053217937694333681	0.18294248023797555
0.052944258037713049	0.18276846287330387
0.052675094417163594	0.18259605437672782
0.052411226610515928	0.18242706614091533
0.052152998762133404	0.18226321804950701
0.051898465585249798	0.1821051885669778
0.051647095110332331	0.18195064813989567
0.051400274579036863	0.18180044117646024
0.051157422796362366	0.18165714933596
0.05091899856575352	0.18152092082890162
0.050685602450677374	0.18139131856057863
0.050455938471077898	0.18126774407514268
0.050229616012659545	0.18114884103112591
0.050006132877979462	0.18103254308886343
0.04978408946650726	0.18091112084503039
0.049568137210953662	0.18079100694656747
0.049355650885117272	0.18066644502364201
0.049145468802041889	0.18052921753242085
0.048937956266784509	0.1803865498976924
0.04873358292138142	0.18024143481280269
0.048531696852310194	0.18009001985664677
0.048331508921073567	0.17993663425966064
0.048133051285358573	0.17978032701551333
0.047936906014634011	0.17961990947689849
0.047742373908954805	0.1794550792484097
0.047550100211584699	0.17929167567782539
0.047360242524280581	0.17913024852206919
0.047173401909538282	0.17897149258273728
0.046990526076470703	0.17881431382734958
0.046811546681547057	0.17865532105338547
0.046635971052015432	0.17849825254665275
0.046464795905925615	0.17834643035997025
0.046296881977438704	0.17819761418848412
0.046134112231065214	0.17805473477767711
0.045974119054892612	0.17791667023910876
0.045817824860277939	0.1777842458035267
0.045666265427188997	0.1776563750612756
0.045520379891998815	0.17753011371327171
0.045377781462261214	0.17740733737470799
0.045237875498644796	0.17728564806454133
0.04510124689818009	0.17716772957913263
0.044967377348518418	0.17705338888343153
0.044835922365066137	0.1769428748007848
0.044706796921117259	0.1768328862084971
0.044580309364546308	0.17671950441468043
0.04445686119525051	0.1766095527350808
0.044334997549271178	0.176491669955819
0.044215633696447869	0.17637361854425543
0.044100234430853445	0.17625576607789481
0.043986900226035561	0.17613835549100454
0.043874100857733342	0.17601722820617319
0.043762831338902485	0.17589670633908264
0.043654702290975879	0.17577746155270957
0.043548081565656836	0.17565737302657375
0.043442438851379918	0.17553576553866534
0.043338424694760069	0.17541160017559321
0.043237716315578649	0.17528371211827551
0.043138122205893734	0.17515218832662541
0.043039023843530193	0.17501828650734277
0.042939307504237308	0.17487476833460161
0.042839562117466611	0.17472541398623018
0.042740220542595207	0.17457370653734527
0.042641325752201482	0.17442006779927163
0.042543688700059076	0.17426294526946201
0.042447051394937645	0.17410379863201969
0.042351109140673686	0.17394435455046084
0.04225594766219843	0.17378510011002443
0.042161633026433276	0.17362649505822267
0.042068236015197914	0.17346896587340324
0.041975773693909889	0.17331285939190358
0.041885046230345578	0.17315935163947641
0.041796567707148652	0.17300881720392747
0.041709375476016809	0.1728602473178856
0.04162409076092477	0.17271312418110493
0.041541006881666537	0.17256624003058718
0.041460263801819844	0.17241844775613721
0.041380664558916154	0.17227086016990659
0.041301712186661323	0.17212392667017695
0.041223409577136182	0.17197790775926916
0.041145698842932274	0.17183281150892887
0.041068582568221532	0.1716886064479744
0.040992047866628113	0.17154542394719141
0.040916017830819724	0.1714031014551386
0.040840407666666946	0.17126141752969973
0.040764872499965632	0.17111921101984814
0.040687711173908923	0.17097017912702528
0.040610963527654816	0.17082206037101461
0.040534645820739783	0.1706749214047952
0.040458723814026543	0.17052861830523916
0.040383749412561398	0.17038307722422266
0.040309753036725807	0.17023852285964028
0.040236318746366524	0.17009528147929956
0.040163425718294836	0.16995339763048656
0.040091058313092572	0.1698129090766255
