f	stdf
1.005911887598478	0.10002578239102246
0.97942050282037529	0.10003593301592112
0.9542882352684845	0.1000462412623379
0.93041309960661067	0.10005670806730901
0.90770307112437121	0.10006733361471819
0.8860748871625409	0.10007811873075588
0.86545303588268008	0.10008906395791767
0.8457688704252837	0.10010016949528494
0.82695986202627458	0.10011143341820963
0.80896890387141174	0.1001228576591065
0.79174376295485427	0.10013444226945173
0.77523655761569654	0.10014618452194667
0.75940331674505135	0.10015808369507873
0.74420359015581627	0.1001701397668449
0.72960007666574078	0.10018235677542339
0.71555831793744595	0.10019473108749113
0.70204648911220657	0.10020725932374625
0.68903515819926731	0.10021994306948845
0.67649703125400362	0.10023278245710385
0.66440672287720048	0.10024577951992887
0.65274065029185868	0.10025893956662893
0.64147687611936022	0.10027225934192684
0.63059494383880088	0.10028573797738911
0.62007575432598239	0.10029937766682942
0.60990144372186095	0.10031318090750937
0.60005533363288421	0.10032714324767782
0.59052178704063707	0.10034126685413371
0.58128612922698719	0.10035555281814339
0.57233461096669813	0.10036999507641051
0.56365432893384193	0.10038459125616403
0.55523311954481025	0.10039934771030197
0.54705953174752897	0.10041426177729292
0.53912278909424249	0.10042932280465107
0.53141272673423801	0.10044453819090282
0.52391973559835869	0.10045990328421764
0.51663472822536327	0.10047541918916622
0.50954916302139164	0.10049108438666866
0.50265495162103335	0.10050689143020808
0.49594443050312159	0.10052285186811789
0.48941028932203162	0.1005389600171214
0.483045629070603	0.10055521720947394
0.47684390774749441	0.10057161647435292
0.47079892315213112	0.10058816342698008
0.46490475813638271	0.10060485545498449
0.45915580620622165	0.10062168852328345
0.45354679150699478	0.10063866983359161
0.44807266562587084	0.10065580433711406
0.44272857579909225	0.10067308177176137
0.43750990677102719	0.10069050384154572
0.43241224856337973	0.10070806000249595
0.42743139593675505	0.10072570122913341
0.42256329851504598	0.10074337046695538
0.41780410593088402	0.1007610706986387
0.41315021416610603	0.10077873353643356
0.40859814289628255	0.100796296640162
0.40414456875402555	0.10081370491549899
0.39978628876607569	0.10083087664563373
0.39552012290222133	0.1008477986353955
0.391343065731942	0.10086436126822061
0.38725240529489413	0.10088047083841094
0.38324540977215477	0.10089608424376002
0.37931934669862855	0.10091109137290741
0.37547163179905407	0.10092536618085851
0.37169976533086396	0.1009387377930686
0.36800127774072489	0.10095102796862027
0.3643736126011422	0.10096176769117109
0.36081403300602549	0.10097039754785919
0.35731985938951105	0.10097619378160563
0.35388773585045979	0.1009784128852647
0.35051490423320297	0.10097572400330226
0.34719557210686575	0.10096585085867403
0.34392360662380367	0.10094707671223604
0.34066907446231914	0.10090722162501807
0.33740768512600344	0.10082531642496462
0.33413271921133947	0.10069864528635925
0.33103455899540846	0.10064235784233258
0.32766814624660989	0.10042714265341712
0.32436995800675356	0.10019817149077782
0.32111699142208433	0.10000244878223979
0.31807054022881637	0.099756995837636073
0.31494730648551772	0.09948342641998402
0.31182888844391343	0.099260147624654432
0.30878551383672048	0.098875630097870815
0.30535599976341293	0.098654494634255227
0.30222720184912089	0.098335849821042973
0.29961309796403479	0.097895854590301645
0.29643658531199335	0.097606793967551272
0.29362156412765811	0.096959241466244891
0.29088107001322328	0.09682528123552317
0.28813407938961005	0.096103964048953647
0.28568036387097218	0.095437942158915975
0.28321025383356563	0.095284781243358804
0.27960724349525423	0.094458908708853206
0.27812069419925545	0.094048882708604023
0.27513309380669737	0.093813953100910064
0.27240300873284284	0.093119921919476586
0.26944990509909089	0.092764407876360727
0.26798169110726244	0.091945297181676308
0.26480406317567168	0.091971531203501516
0.26290629746243888	0.091273091704903012
0.25955675674467898	0.091059435303541353
0.2579651669963961	0.089970044645384981
0.25570618493014996	0.089772839254432288
0.25405131201840075	0.088875957622460033
0.25134075812740941	0.08909676916304711
0.24971037284165334	0.088103689183450726
0.24689150175983809	0.088129826009955947
0.24405855188164127	0.088206254340383386
0.24236726457666538	0.086731044058830156
0.24086434904031137	0.08701808235954385
0.23860344360255947	0.085786314421529883
0.23613690776144503	0.08607223888957187
0.23494844393173464	0.084954003463431862
0.23217502429576786	0.085399259005927791
0.23157314554965519	0.084125092648672517
0.22894525679831515	0.08449644196924895
0.22765141333315181	0.08346077597735195
0.22452940562758539	0.083350774536828473
0.2230739703249949	0.082822433637697354
0.22159811883577429	0.082963549634144054
0.21997429774168201	0.082126048713107108
0.21859885574554508	0.082158143280214785
0.21613614706420048	0.081660228824605496
0.21498116822786845	0.080998077887850239
0.21334154732657434	0.081272624210572353
0.21140812090317365	0.080571796537571114
0.21094390438977201	0.079298866435251011
0.20830482984473411	0.0797904435439582
0.20738451689884962	0.079317928831516518
0.20587286198407595	0.078605108417580102
0.20482280107548331	0.077800595638869957
0.202049518861105	0.078424442820283616
0.20124577857539963	0.076714429243636806
0.19948581268003565	0.076629859912358447
0.19884967179878271	0.077320511921698379
0.19662056098961403	0.076006369907637053
0.19577622443312595	0.075958897986555932
0.19435977149511283	0.07535163880937791
0.19242555592093913	0.075551793695508587
0.19109457330540916	0.074554987270037246
0.19011704806435525	0.075430503441224248
0.18927115217424986	0.074379151152802109
0.18774346563278629	0.074393217936905634
0.18505507003947863	0.074742828195473843
0.1844531410572659	0.073261256592594179
0.18439373920975966	0.07324887190987292
0.18191795552137949	0.072218184735886537
0.18121477500428165	0.07243344655453289
0.1800782880004449	0.07181142991503231
0.17836272856435295	0.07180951616553366
0.1786061620330365	0.071411638980640749
0.17653463814687501	0.071829254562367217
0.17583482743570714	0.070587856127199922
0.17471876617047546	0.070575158199214699
0.17340570432673758	0.069920656963784453
0.17190737052012106	0.070409176798879397
0.17120033041426563	0.069852691307012688
0.16943563615420673	0.069194268638959361
0.16842336550401932	0.069119401849464732
0.16730516396129708	0.069122842333562376
0.16715643039657238	0.069164490834151132
0.1651939157270533	0.068060240112003151
0.16555531982941826	0.06841635412163781
0.1635911686234458	0.066895192761574782
0.16285841751585073	0.06734751672412706
0.1616558203815078	0.066811903582932625
0.15990165247642041	0.066754158492140239
0.15975430639035579	0.06693555617111098
0.15959427029971374	0.06575505533706813
0.15828714609636155	0.065510635577848683
0.15676110723327161	0.065535669850995376
0.15700005885393753	0.066569290613057081
0.15448185943173728	0.065386323813390226
0.1541980881833489	0.066090026871792107
0.15229624161222369	0.065294883434186143
0.1525939237214689	0.065287782653511359
0.15181127616905024	0.064590212523353965
0.15127619922267632	0.063739902238830345
0.14947579820681375	0.063915719380345612
0.14949694071444672	0.063517621408840125
0.14773845104425343	0.062963986543810815
0.14702692017695518	0.063946300012204998
0.14690319127253831	0.063227939231049662
0.14602129465344102	0.06256533780008075
0.14552478535567606	0.062526741134614705
0.14403151866440334	0.061888036843285615
0.14277032371311424	0.061873049556548446
0.14162112782254382	0.061968110396850781
0.14153310748828724	0.061420454252470891
0.14063569366722611	0.061239041948549809
0.14006159456535927	0.060701488083916136
0.13975884377559111	0.061093320148258363
0.13891626729587747	0.06043623222588216
0.13799540606299288	0.06020351878837759
0.13723822580893158	0.059887015585925754
0.13661288256948068	0.059690439320844398
0.13583375587789356	0.060334612627563559
0.13479150542866097	0.058977508732716982
0.13434037586308861	0.05995454256628948
0.13339139746749717	0.058520524857989462
0.13268719778814173	0.059557333368181385
1.0009129791941327	0.10401934608215309
0.97455694927955916	0.10402054377319857
0.94955311167781364	0.10402188052580659
0.92580000933103379	0.10402335663963233
0.90320608748151221	0.10402497241712372
0.88168851435557238	0.1040267281635079
0.86117216646738304	0.10402862418681057
0.84158875234318353	0.10403066079785366
0.82287605312583656	0.10403283831026776
0.80497726226708122	0.10403515704049011
0.78784040954447776	0.10403761730777525
0.77141785710141408	0.10404021943419878
0.75566585721761681	0.10404296374466426
0.7405441327280996	0.10404585262627962
0.72601559629279	0.10404888641392718
0.71204600364358184	0.10405206620130582
0.69860369524754018	0.10405539312783897
0.68565934965599851	0.10405886891164355
0.67318580475277168	0.1040624933249458
0.66115783785892646	0.10406626624280775
0.64955199644837636	0.10407018757315285
0.63834643547725545	0.10407425805040536
0.62752077725063082	0.10407847955651837
0.61705601583280401	0.10408285293569419
0.60693438124575205	0.10408737994396172
0.59713929125937926	0.10409205885251671
0.58765518237217362	0.10409689091929281
0.57846748498523293	0.10410187555721118
0.56956251837555028	0.10410701289372233
0.56092742297693299	0.10411230381887239
0.55255009825498858	0.10411774737458268
0.5444191458368155	0.10412334364692893
0.53652384479210447	0.10412909412226529
0.52885407160194164	0.10413499832070904
0.52140027492310448	0.10414106220054649
0.51415342467634806	0.10414729114999965
0.50710494206776657	0.10415366697852557
0.50024677351609359	0.10416016693752782
0.4935712893477493	0.10416681231933694
0.48707126421246377	0.10417359953487562
0.48073990283974172	0.10418047431598508
0.47457071948382418	0.10418735502557458
0.46855748545842163	0.10419423223601049
0.46269433811830746	0.10420111248589395
0.45697570295986428	0.10420799453724809
0.45139627947262168	0.1042149182047843
0.44595096358419556	0.10422188235125616
0.44063500634549096	0.10422888045943594
0.43544382134847709	0.10423589537323498
0.43037304935874271	0.10424289487809639
0.42541850537771853	0.10424986821096359
0.42057610668006251	0.10425685459370281
0.415842001779689	0.10426385769174973
0.41121256608506035	0.10427084882427592
0.40668434213735571	0.10427776031875856
0.40225399022567626	0.10428456364986979
0.39791818265843931	0.10429130349382071
0.39367384911691816	0.10429797092129364
0.38951806298936947	0.10430443537841556
0.38544798627194105	0.10431069593322283
0.38146077059788225	0.10431670241933907
0.37755374065030073	0.1043223782005227
0.37372415785743462	0.1043275376733364
0.36996942580797204	0.10433213971764643
0.36628718871306387	0.10433591423092535
0.36267522962611021	0.10433850469162838
0.3591310874022462	0.10433968002126669
0.35565223760647552	0.10433903571595458
0.35223668408897796	0.10433620146573544
0.34888241654616231	0.1043309548741945
0.34558711873095843	0.10432304971360525
0.34234773429536902	0.10431181683066518
0.33916154339572702	0.1042962212650687
0.33602727903642765	0.10427575295028182
0.33294323471453352	0.10424974874500334
0.32990760975379979	0.10421749893105307
0.32691804508881661	0.1041782671624969
0.32397223123513219	0.10413035119338464
0.32106812219647113	0.10407078249887017
0.31820267139270564	0.10399741046201719
0.31537268244639505	0.10390468603004427
0.31256484617814678	0.10376665178477225
0.30969143665328913	0.1034217406648059
0.30674021666026019	0.10307672651526671
0.30379718048945642	0.10272887398331051
0.30083030779605335	0.10242699007481446
0.29804657837284837	0.10211916495906524
0.29517004635591171	0.1016952017410411
0.29224656098171364	0.10134724997606138
0.28948823807020119	0.10093247507499369
0.28669842192389955	0.10048368258839688
0.28396544613501384	0.10013606498457718
0.28143327497774939	0.099718200610492677
0.27899699224894736	0.099335647429812865
0.27638210528381529	0.098914433605556504
0.27391573096755678	0.098651890950026674
0.27151330404496865	0.098325177289511248
0.26847994770378236	0.098185164313625437
0.26652040573224756	0.097585072312059568
0.26398310443476863	0.097035923132178528
0.26191395539553997	0.096491601104739227
0.25949015785002194	0.096297381612132291
0.25742330395351004	0.096003509751700342
0.25503074382774005	0.095375911689163997
0.25262807375902835	0.095372185027461462
0.25065109625192605	0.094034572826201757
0.24826575340388837	0.09460870574819466
0.24661517655008242	0.093458029249204169
0.24403262630488382	0.09361566202936647
0.24207019581221306	0.093147967013174307
0.24049240165469155	0.09268546238699403
0.23893947842331631	0.09186817113893686
0.23714780810039837	0.090819625994232031
0.23416114172554317	0.090434285538812303
0.2265782898980167	0.090631002727447743
0.23089898695651692	0.089852855514919394
0.22861332081534305	0.08984439669402644
0.2274534844044751	0.08883116249983658
0.22624707579507919	0.088311343006135801
0.21621025894797766	0.087946556873765111
0.22279164940168786	0.087673814351971802
0.21966725824933564	0.087121893884720691
0.21921992247416733	0.086102979288224163
0.21741356418066379	0.085648538621498432
0.21495162728941672	0.08620891712579469
0.21382418319358609	0.085285952254217146
0.20446045328932494	0.085247159382064536
0.21104976091806643	0.084196990398952204
0.20942145909861865	0.084456045196563023
0.20697352289243612	0.083219814815429338
0.20598950615460729	0.082634878015254737
0.20469570445132682	0.08208799866051765
0.19519612466868658	0.082233234278493189
0.20210093974714913	0.081789018082859363
0.2005476857122642	0.08142470611099964
0.19836468428050205	0.080652780954201198
0.19740992502066251	0.081144929556049572
0.19554829853929931	0.080034386464399795
0.18569209027222885	0.079963707718599425
0.19357460723040196	0.080064331239108097
0.18341930362062669	0.079075395428275505
0.19099413908322996	0.078525131789616565
0.19013082401265974	0.07798720735547543
0.18801437800446932	0.077386228473688229
0.1868052177159715	0.078415616198602198
0.18552255515462371	0.077581427954097074
0.18543662006707234	0.07646339775665259
0.1836868394078994	0.076578693925596825
0.18232013142061429	0.075925519208381614
0.18110395955567157	0.075916605544501609
0.17949713179040344	0.075221321212476794
0.17966311409504843	0.075276262409142619
0.17832029464748286	0.074636609193791045
0.17700547097209923	0.074443806929633871
0.17547859892277909	0.073802768429252402
0.17436918425636166	0.073507752811289684
0.17366320103017868	0.073602814746835776
0.17190860510784853	0.07278908520198131
0.17108543341524426	0.072503291859764313
0.16959344373436841	0.072457554066190755
0.16947243902831149	0.072404072039956704
0.16776254675756888	0.071792526657738512
0.16754072407728487	0.071127497894879876
0.16605337646520352	0.070817645732760642
0.164726831309255	0.070524476725084731
0.16377065719190495	0.071304611026195827
0.16305162236701623	0.069915600374332254
0.16138281359390896	0.06969613463487094
0.16163191578248223	0.069661523378189663
0.15972218606064667	0.069450323254386381
0.15872757312174962	0.069058989193684694
0.15801121511883223	0.068829445497571376
0.15722306005505768	0.068430282643255555
0.15676513304098147	0.068284230807905896
0.15510430006006867	0.068353641299025242
0.154289343831291	0.06735729812690272
0.1537298116734766	0.067121500216727914
0.15209436545570026	0.067077995348502784
0.15214897493738869	0.067354331855582539
0.15090565869358791	0.067050967891646399
0.15074113261800443	0.065763253317349932
0.14962191563048577	0.065686605419897473
0.14950751606952423	0.065310127239787727
0.14734134272907687	0.065260488246015019
0.14737822066127318	0.065115887077993623
0.14525858980369824	0.064873693991872025
0.14445175279123385	0.065235383016147314
0.14396359873508899	0.064429129940475519
0.14316493560548454	0.064194708550677437
0.14250234071035062	0.063851355847930655
0.141262316186922	0.063349211637162409
0.14204319147792124	0.063804387568366691
0.1401891976935655	0.062912578329489419
0.13970059717543551	0.063964358839443097
0.13827477740840954	0.06224164964121727
0.13779781772403343	0.062251632373075301
0.1364863504056931	0.062475143099787786
0.13686734564688191	0.06188513443307106
0.13604701406492642	0.061958438918552544
0.13487920397462808	0.06154189972007721
0.13422254110794057	0.060958005097575298
0.99480686961077802	0.10068406410854383
0.96860397916099661	0.10067712064473472
0.94374532529954858	0.10067032485829269
0.92013003834035867	0.10066367559386738
0.89766709258526067	0.10065717177223847
0.87627413286537803	0.10065081135889262
0.85587646884088253	0.10064459378139108
0.83640619315213105	0.10063851293670896
0.81780143710127162	0.10063256905419656
0.80000570390516279	0.10062675758068412
0.78296730485461574	0.10062107117568017
0.76663890054768624	0.10061551093210884
0.75097695628427097	0.1006100728788768
0.73594145874398831	0.10060475796414604
0.72149552506760795	0.10059956990140587
0.70760511577515739	0.1005945071998892
0.69423876641406934	0.10058956934264396
0.68136735988074471	0.10058475929094446
0.66896387813920999	0.10058007201094307
0.6570032357618687	0.10057550916287063
0.64546210271794213	0.10057107497007683
0.63431879070925057	0.1005667739188527
0.62355306255560417	0.10056260995911924
0.61314599549683901	0.1005585716215381
0.6030799213495458	0.10055466374448245
0.59333829787440617	0.1005508815761237
0.5839056435837453	0.10054720260352187
0.57476743090504645	0.10054361937528451
0.56591002515646682	0.10054012012442198
0.55732070325277372	0.1005366776838779
0.54898748396744779	0.10053332676379795
0.54089898528795266	0.10053008832718018
0.53304455894637637	0.1005269512592902
0.52541412232882012	0.1005238892430378
0.51799819363259669	0.10052093092654836
0.51078780864720674	0.10051806190231036
0.5037745467868443	0.10051524410206755
0.4969504115901956	0.10051250902821342
0.49030781149000618	0.10050985729679207
0.48383958830849455	0.10050726111687905
0.47753883536480118	0.10050466370315674
0.47139914212076722	0.10050211280922094
0.46541430134801853	0.10049961551869105
0.45957846635387012	0.10049713472855692
0.45388616061409881	0.10049466113186911
0.44833211414989482	0.10049217193457165
0.44291131037088255	0.10048966142283081
0.43761902674123471	0.10048712574031364
0.43245064430914965	0.1004845467129256
0.42740180682101558	0.10048192937876189
0.42246836206264776	0.10047917882302641
0.41764633572140314	0.10047625709968361
0.41293190383277872	0.10047321760084696
0.4083214497705096	0.10047008205422255
0.40381157321194211	0.10046672525926408
0.39939896387787233	0.10046308489543607
0.39508032341535954	0.10045910213093519
0.39085258309809662	0.10045474234566569
0.38671291039241235	0.1004498510050838
0.38265859967926064	0.1004443983272801
0.37868690264095856	0.10043830140845242
0.37479510719995518	0.10043150313217949
0.37098071048029907	0.10042395596933439
0.36724146293320187	0.10041542211587973
0.36357504855659151	0.10040565539177738
0.35997936341076636	0.10039458431202557
0.35645213000740578	0.10038195456229268
0.35299107119395412	0.10036748618645454
0.34959413376133025	0.10035085004232895
0.34625930036591129	0.10033102364167269
0.34298468210014826	0.10030472837393554
0.33974506163541002	0.10018309905858962
0.33650186746046939	0.099900074133159961
0.33322428812830013	0.09959307014227553
0.32990255859840772	0.099311104524343122
0.32657082448300728	0.099066607800864903
0.32326007675577489	0.098837284089666383
0.32002969071107662	0.098516989721248671
0.31679860171045482	0.098227114287722586
0.3135294229461707	0.097919409581150904
0.31030562157537595	0.097628425388805534
0.30732688181940071	0.097454120933557403
0.3043035168855972	0.097171032996251211
0.30126531608306206	0.096871790556051801
0.29846907238738329	0.096429507174057863
0.29551338201432409	0.096107607571702669
0.29280974476063937	0.095743123321528817
0.2900336342586643	0.095350392493343622
0.28719109513445062	0.095008855545508808
0.28422998143122574	0.094314251553321654
0.28170296016140078	0.09420226407522049
0.27906397430075186	0.093744973725947284
0.27663126567894669	0.093580419774744267
0.273623795997813	0.092809065695672363
0.2712697904459741	0.092435087208313976
0.2685540783987625	0.091925093733502286
0.26587228207656644	0.091278731317847389
0.26322256554789736	0.090833242009211876
0.26101978641568357	0.090437463021766584
0.25871054993129178	0.090248012403814137
0.25645756075795151	0.089590701489406482
0.25359901730442486	0.089091895383369368
0.25206784507820496	0.088281217006761864
0.24976511720655689	0.088322813592494914
0.24754361527499263	0.087869866309320838
0.24467229823449479	0.087435421151883796
0.24228560923886316	0.087139154153936429
0.23958775258414544	0.086949726210792319
0.2384043482903232	0.086521126470207141
0.23699554199094103	0.085856671086397468
0.2349316155909337	0.085886058401383525
0.23295467785664539	0.084927850131766194
0.23008799625481266	0.084696341478524825
0.22862308539374954	0.083823017095321348
0.22678018604189082	0.084045985953802443
0.22556922912060676	0.083679191258471175
0.2230052966956157	0.083107083363686135
0.22200445082951945	0.082675190219550512
0.21958970785361617	0.081991263376779033
0.21883712836431932	0.081703679682698316
0.21675506443245587	0.081425371337276703
0.2156675883554737	0.081146995213235082
0.21283274707534719	0.081144690889946719
0.21205018023874209	0.080148413352000084
0.20986685929372453	0.080102961426373034
0.20963838823059483	0.07945275560201083
0.20715041299959033	0.07920533604053584
0.20653624539088572	0.078944340104997235
0.20444546311066733	0.078384811938214588
0.2029030800451776	0.078091045368928483
0.2013152673310464	0.077764150670777729
0.20028604005462239	0.077843732891548362
0.19813557662591269	0.077069144293080968
0.19728861456813748	0.07682104174266724
0.1950952814877345	0.076413105361654549
0.19448275630561546	0.075643299117347448
0.19299537424679103	0.076198578782723014
0.19107580794095258	0.075690584567729646
0.19063983198200904	0.074536234689830339
0.18911982004012434	0.075079451141322112
0.18850166805545071	0.073888368708178567
0.18676546134755267	0.073214865818829952
0.18493416408571137	0.0733298870743119
0.18520619809421879	0.073428890007775735
0.18186584605964384	0.073071773102932031
0.18243681249383037	0.072655980570394477
0.18055489525900323	0.072183300353160354
0.17954708500178027	0.071714016902162531
0.17817348900164109	0.071804022110625823
0.17698309708987175	0.071331607593772328
0.17553314202858086	0.07123308832560811
0.17517458905644781	0.070560514102645563
0.17449730485482437	0.070037329152305192
0.17200684297511215	0.069456953828495843
0.17134691928952639	0.069347175016195625
0.17018333705686953	0.068683213572046181
0.16910149644601086	0.06865772180060177
0.16833337448802957	0.068511515400215564
0.1676462717582172	0.068384008300506921
0.1663056187979467	0.068162293872641
0.16487277815268192	0.068224032250134459
0.1640707826905824	0.067451715275461788
0.16248027468123957	0.066839619669262648
0.16133401947098772	0.068153213343714963
0.16095386670625492	0.066275916560698103
0.1600152693964435	0.066165219876480219
0.15952568888389379	0.065471484970535482
0.15837061188220228	0.0661791269714192
0.15666889201181886	0.065355114971779427
0.1571909467045487	0.065202298900557523
0.15466744351372824	0.064886416514387035
0.15479396614186319	0.064845098325279987
0.15410334078489757	0.06380009514395478
0.15238510828071664	0.06455715162490093
0.1516807490581018	0.06358560631589695
0.151379970215546	0.063846996059376326
0.15065705154621969	0.063142295212598787
0.14887999906602853	0.063233596944590173
0.14753465284490461	0.063106776480500767
0.14826559550678622	0.061912005399312436
0.14718218283954293	0.062433869001846665
0.14536279805018318	0.06208912809479783
0.14461273118806295	0.062107753804891842
0.1437158954401897	0.060816071753630553
0.14281720621591712	0.06164858522460983
0.14276997451255691	0.061396458570854254
0.14078932067712197	0.060852716795600698
0.1412897732081082	0.060119501423784548
0.14056808994305425	0.060575568137246155
0.13874877503831692	0.060112730440214181
0.13924279187958491	0.059826738632783524
0.13924580902160461	0.059498309845518883
0.13740835516578823	0.059807616012107309
0.13689983619694937	0.05915385815901366
0.13562844413993341	0.059005115637713206
0.13471482055145936	0.059037838518493521
0.134792785558047	0.058322138189281877
0.13400105404783744	0.057914927406040012
0.13336892254098237	0.058174656715289479
0.13234858321736362	0.058179267627360483
0.13215541174640674	0.058194565275059208
1.0011416648449674	0.10122374876541372
0.97478526634064044	0.10122426580538738
0.94978097295720931	0.10122490708401886
0.92602733432807827	0.1012256726352804
0.90343280173261276	0.10122656249461431
0.88191454870953434	0.10122757673092199
0.86139744980755695	0.10122871687707112
0.84181321384022767	0.10122998392631827
0.8230996254588181	0.10123137821425492
0.80519988385748864	0.10123289948028363
0.78806202027344219	0.10123454835455767
0.77163840239782178	0.1012363244789124
0.75588528169069991	0.10123822889249172
0.74076241907064688	0.10124026057958271
0.72623272245734072	0.10124242010160327
0.71226193822907236	0.101244702269634
0.69881842559913576	0.10124710728224252
0.68587285977853818	0.10124963333320836
0.67339807042704747	0.10125228642258471
0.66136881617376864	0.10125507068180324
0.64976165067190295	0.10125798457380542
0.63855470272009507	0.10126102212911924
0.62772761233668117	0.10126418706296106
0.61726135718724184	0.10126747255202662
0.60713816454751335	0.10127087575164578
0.59734144650941001	0.1012744057922422
0.58785564692301062	0.1012780580834217
0.5786661996331568	0.10128183229844145
0.56975940022164762	0.10128572194965181
0.56112237156931666	0.10128972199656562
0.55274302223458915	0.10129383911691919
0.54460997096833508	0.10129806046538478
0.53671248033549002	0.10130238547439506
0.52904046655614767	0.1013068144183597
0.52158439102016207	0.10131135209539745
0.51433521899491352	0.10131599300964875
0.50728438885458171	0.1013207276128201
0.50042389248509511	0.10132556347405119
0.49374607440413398	0.10133049346846774
0.48724374067143961	0.10133553155253891
0.4809100563626173	0.10134066926955106
0.4747384590921927	0.10134589356360338
0.46872281336853999	0.10135120601470832
0.46285722293233833	0.10135659419586164
0.45713607565062681	0.10136206273411165
0.45155415877764027	0.10136762405385061
0.44610643744146261	0.10137327606884254
0.44078809856812051	0.1013789951801644
0.43559454052566071	0.10138476352377492
0.43052141066597133	0.10139059072766847
0.42556456568565476	0.10139648878191904
0.4207199641210701	0.10140243078989963
0.41598384397314453	0.10140836661814612
0.41135259599849017	0.10141431174536207
0.40682275135838553	0.10142021998062407
0.40239093406699339	0.10142598576171644
0.39805395740746657	0.10143164829395625
0.3938087327854925	0.10143720691480597
0.38965234965159684	0.10144263430997877
0.38558195956327834	0.10144788333298041
0.38159486322577085	0.10145293172075899
0.37768843365240251	0.10145778795322878
0.37386002802882801	0.10146239351316522
0.37010710296186811	0.10146648081906556
0.36642702512993158	0.10146963565635443
0.36281631033417489	0.10147082372098382
0.35927164886770496	0.10146919470231283
0.3557879517478883	0.1014634457778074
0.35235619026933135	0.10145074548118641
0.34894013734993806	0.10140626085204141
0.34497593376816998	0.10097688478039103
0.34074566262616224	0.10063762417557888
0.3367293894553704	0.1004733184660094
0.33270906268710049	0.10032744170861341
0.32868047299135572	0.10017829102936762
0.32483017882729848	0.10005776308473732
0.32134887473828783	0.099811189499982578
0.31773406231812223	0.099728184955580987
0.31414013650109374	0.099705865491130044
0.31057165865674097	0.099736302412360839
0.30705498957153476	0.099594575112936054
0.30430912166778218	0.09938499933713324
0.30056758864417787	0.099168455073643247
0.2974135902470928	0.099100928977977717
0.29398955963760209	0.099175102735417395
0.29089560134837994	0.098973036754280791
0.28789673873272353	0.098961283945228448
0.28476189399876844	0.098611272247976847
0.28176694313267625	0.098378100679246711
0.27891759589456283	0.098370851203104168
0.27574135364928887	0.09799219426459771
0.27312145417265971	0.097747743457315822
0.270222934940134	0.097784388431571528
0.26724964686681196	0.097341275136335004
0.26470208610119667	0.097114881953482349
0.26207905520392899	0.096985723152981054
0.25961706847028848	0.096559062631512149
0.25713604450863009	0.096509661090587687
0.25459137300352763	0.096248429130732185
0.25228474874143675	0.09607629827124084
0.2500223342077873	0.095837121924165658
0.2478040529508338	0.095630921951863124
0.2456716595095976	0.095330186665943228
0.24339070951987174	0.095118509639667892
0.24132128560595398	0.094871864347399984
0.2395141371448018	0.094377482919686007
0.23753962087449887	0.093886940179262135
0.23563323510912285	0.093888263410481398
0.23353596756934472	0.093672829033517632
0.23155466284696952	0.093584948275808613
0.22996238670719424	0.092321813153497842
0.22812762735910558	0.091458367700342769
0.22632344233727267	0.091856639742689261
0.22445876948394095	0.091240462375461864
0.22268105899804766	0.091072128307456757
0.22140049495202466	0.088352062509985438
0.21967986920081306	0.088942493457750502
0.21791922859397339	0.087989151083236766
0.21628270393849516	0.087180305237818584
0.21472274628933297	0.087890243658783063
0.21313246321413026	0.08721986875867202
0.21090607603403225	0.086307445846037556
0.21015628579351811	0.084720196992840752
0.20794136151205025	0.085830812210273
0.20623469989576851	0.086646172679515798
0.20524025940528434	0.085385999526230896
0.20374045554974912	0.083114502761126696
0.20237013082196667	0.082303874299351779
0.20056139982275592	0.082304243380807912
0.19909124849496856	0.083086085251422997
0.19762924439709217	0.082691584634167606
0.19712311985286834	0.080747499586303145
0.19462823802430448	0.081562509288765558
0.19355239893324641	0.08110337354985768
0.19170649136050374	0.080758394034384354
0.1902863020952309	0.079090495401351962
0.18973914480129586	0.078613489247224541
0.18796517143918129	0.079244015425039199
0.18659685899029288	0.079376745292705289
0.18539799137096566	0.079005583830746462
0.18424895381708506	0.076836786477801192
0.18386633986521275	0.076122884854095019
0.18206489780865917	0.077548012086158941
0.18061077049744431	0.07725859079432483
0.17848636785125718	0.07672420428310224
0.17826364142604245	0.075546913407395555
0.17761473038414419	0.074831061693265408
0.17544513061723019	0.074224969083869885
0.17493960629098174	0.073781333846941813
0.1747212000389039	0.073185513056347976
0.17319842112960723	0.073547693596716909
0.17189492311317822	0.073001277219096425
0.17113403718273235	0.07134169895472163
0.16865800166147915	0.072708427785644583
0.16801318906886262	0.071513944118518025
0.16794137908195725	0.071059523417091153
0.1660103184865894	0.070580075239412343
0.16475656038342376	0.069963311187766122
0.16409546125651964	0.071598563622554762
0.16320651916846254	0.070373280397603322
0.16237391488185546	0.06947705022422386
0.16189802636949885	0.069291318504890606
0.15943900455233581	0.070401538201517719
0.15967163980533436	0.068344572140934659
0.15779173302373051	0.069314537515669461
0.15655488196978778	0.069486925412429429
0.15602115899392874	0.068078542999403552
0.15576084680068827	0.067700292997287526
0.15472806388172483	0.067526339774671984
0.15416874390648086	0.066528153588206504
0.15387565166679326	0.067112432857113005
0.1519708365350291	0.06595922013469091
0.151282828935805	0.066432394332893815
0.15052247788405315	0.06706672239631134
0.1489794078247324	0.065359065248267095
0.14721215095693516	0.06603462947128938
0.14760831396053323	0.064478767408539597
0.14718225950900041	0.064465029835521576
0.14586178367286656	0.064573153964067737
0.14478755157040438	0.064145886391963919
0.14378701755546422	0.063900299284349621
0.1438870980607877	0.062985106516994002
0.14277717300977041	0.0632638702338124
0.14172195679220864	0.064337873923877242
0.14190773469314305	0.063190266054351643
0.14090509603041776	0.061966112054417113
0.13928855807160107	0.061861205293927635
0.13904567448259184	0.061648603887365837
0.13833624269371755	0.061746285548465167
0.13787509233586082	0.061702309691309833
0.13759160976174328	0.061199080923269575
0.13619273472570465	0.06176819796146113
0.13617894371732439	0.061174873939873697
0.13513449346032128	0.061261243499032059
0.133189514801521	0.060924387183848044
0.13382012012756872	0.059469171771694723
0.13221703478548563	0.060208211175334328
0.13339712028108114	0.059426466831630012
0.1320420986126403	0.060047352780424383
0.12971737642617776	0.059665742307279529
0.1304631341686715	0.059046387139822368
1.0005664800876528	0.10175230917396441
0.97421618198622384	0.10175184671103972
0.94921778963569958	0.10175153942797879
0.92546986799801156	0.1017513873726192
0.90288088218560769	0.10175139059538132
0.88136801840134515	0.10175154914926197
0.86085616946259236	0.10175186308985408
0.84127705871569414	0.10175233247533422
0.82256848080539646	0.10175295736647126
0.80467364151046961	0.10175373782662628
0.78754058188570342	0.10175467392175462
0.77112167441130997	0.10175576572040788
0.75537318085941796	0.10175701329373683
0.74025486323438872	0.10175841671549223
0.72572964049990829	0.1017599760620279
0.71176328492726593	0.10176169141230261
0.6983241528301849	0.10176356284788218
0.68538294522730214	0.10176559045294199
0.67291249462216252	0.10176777431426909
0.66088757463506265	0.10177011452126428
0.64928472948827542	0.10177261111498745
0.63808209949240224	0.10177525922927912
0.62725932975622734	0.10177806001684338
0.61679742832083317	0.10178101459943636
0.60667864537912652	0.10178412332016865
0.5968863626566433	0.10178738721108453
0.5874050253861669	0.10179080624214047
0.57822006517999214	0.10179438107714697
0.56931776726944539	0.10179811237125613
0.56068528513765914	0.10180200114115588
0.5523105225892454	0.10180604514909332
0.54418209236869908	0.10181024483633042
0.53628928798726916	0.10181460129314765
0.5286219914978415	0.10181911318712865
0.52117061983772373	0.10182377912835809
0.51392618054409422	0.10182859225416321
0.50688016337522646	0.1018335538368559
0.50002445999986445	0.101838660839665
0.49335142947224503	0.1018439151125668
0.48685382146181982	0.1018493125972694
0.48052477377266428	0.1018548465858692
0.47435782137720101	0.10186051471994657
0.46834678163509569	0.10186630666928004
0.46248578535890555	0.10187223388915689
0.45676928107943526	0.10187830175879806
0.45119193395102819	0.10188450112529329
0.44574874549444021	0.10189083674931791
0.44043488007411674	0.10189728908742951
0.43524579507766781	0.10190386032426953
0.43017711726908153	0.10191054314618807
0.42522460838223625	0.10191732305625424
0.42038427888427315	0.10192419678406164
0.41565232063369056	0.10193117728053341
0.41102507542282796	0.10193819632599255
0.40649898815537494	0.1019452348238291
0.40207064974981621	0.10195231173368052
0.39773683182149677	0.10195933060905406
0.39349448086183231	0.10196626777690446
0.38934044506909782	0.10197301576550209
0.38527176585290984	0.10197959379884604
0.38128541205763428	0.10198610320043244
0.37737826830131987	0.10199236245107852
0.37354766489607366	0.10199817575572277
0.36979048746320553	0.10200327299449145
0.36610291431781777	0.10200707804468317
0.36248078422211399	0.10200921086902194
0.3589134543752272	0.10200582478316249
0.35512939500771418	0.10188608456865424
0.35122776200120093	0.10175597471738851
0.34677008112842306	0.10148259207042411
0.34264113382870465	0.1013278989617445
0.33879431881806399	0.10119387780834382
0.33492845967347767	0.10105189104123566
0.33095509107166665	0.10093099801585137
0.32710643380988097	0.10082062606699543
0.32328899652307941	0.10068312996579179
0.31962619142922244	0.10054525652162719
0.31607325157516147	0.10039307961256276
0.31254557650811848	0.10025761173011785
0.30898921255354289	0.10010498699192548
0.30552038869628689	0.099944991476808187
0.30220332621387663	0.09978212889027388
0.29895332926655588	0.099607782604994491
0.29571276479445135	0.099420890557240807
0.2925726356792866	0.099284839967188565
0.28950767699484881	0.099013445363008115
0.28636741001820687	0.098673136853920443
0.28332718889704339	0.098383808670755246
0.28032389825292919	0.098200573681778119
0.27741258949514463	0.097986358224192424
0.27449702215649324	0.097820808970332948
0.27161741734723682	0.097624395453934698
0.26883178998525664	0.097417640172929143
0.26610686211658297	0.097205779330968578
0.26347326499814833	0.096971846511909668
0.26086776212184648	0.09676778735778048
0.25833214113243619	0.096516810861539765
0.25594161204453003	0.096160592887243865
0.25361239759162657	0.095767460018406719
0.25123864498285381	0.095468119984072675
0.24887304340544125	0.095213894849562025
0.24660776229581238	0.09490334405825139
0.24435557429605292	0.094623347321335344
0.24218657576776179	0.094317254317244095
0.24003171056520686	0.093994608324496992
0.23792195296183929	0.093714603356857315
0.235934042060786	0.093488498724581412
0.2338579897420725	0.093133114535545319
0.23236978556885227	0.092495480764287069
0.23019624408015438	0.092297967229510405
0.22853113044367462	0.091810251875102528
0.22603579364415952	0.092196496527716429
0.22366066739527674	0.091882109426282665
0.22235088461853922	0.091036403318032727
0.21989835010545519	0.09142656770740977
0.21806418815969061	0.09114181619630625
0.21750930542661973	0.089794315346008499
0.21444957044579491	0.090493052042246225
0.21335455029504197	0.089353214607268153
0.21171336113449063	0.088730972817386636
0.20896582613777226	0.089842164370750141
0.20830462514541015	0.08849935708376043
0.20734522293980615	0.087424236620194357
0.20424515814955646	0.088097134026196441
0.2035840379714732	0.086730157117680381
0.20089707851417973	0.087437737494942117
0.19999395425024044	0.086630690158352897
0.19934696863543017	0.086410578496232474
0.19815714421180128	0.085090293464641378
0.19705477903955113	0.083976770959964087
0.19640826090066929	0.08347769321180841
0.19773134995530955	0.0816473592171722
0.19302565685971676	0.082598741227863551
0.19408964184354294	0.080528799145512045
0.18877270420758835	0.08297461830111981
0.19262600628716262	0.080125794579777351
0.18737056501195876	0.082141061311283792
0.18736335964939463	0.079822234179007356
0.1888595433329702	0.078091752917761145
0.18289306793705201	0.080026491284614157
0.18305512791154735	0.079786692639071261
0.18095130139960108	0.07930949322894694
0.18075016318422735	0.07783624694431393
0.17849625888984855	0.078681238484456253
0.17622685728591722	0.07882464558142252
0.17538094509048241	0.078966841466132212
0.17368994903729224	0.078521692673521909
0.17665929513551645	0.076026163168455022
0.17588645442583767	0.075214494268111082
0.17320628680732017	0.075149239128246406
0.17218724231941995	0.07428210156214228
0.17066834971139128	0.074784499806332727
0.17005160590386265	0.073660565113314189
0.16917667364755112	0.073803833100004129
0.16590973136242207	0.074598202923323129
0.16816897943896006	0.071667753168353693
0.16564322485163688	0.073710879316154443
0.16313092676598073	0.072630801494908331
0.16343949726914056	0.072457897770998189
0.16141732004955259	0.072528864575706301
0.15977085495962837	0.071761613907811467
0.1595920212238911	0.070899395512848407
0.16033128437700359	0.071588328188084735
0.15942262006525817	0.070618015482634605
0.1589354691241236	0.069599154632629973
0.15592228159634644	0.071193420437487775
0.1534287410886695	0.070554397902443153
0.15448042238093496	0.069987253681984912
0.15439763439127369	0.068970329478694345
0.15099056648553283	0.069765082924801505
0.15361501708078482	0.068728167240406646
0.15164159017469814	0.068305474945561301
0.15039508777964516	0.068834234039194919
0.14948943524954941	0.069062962722884771
0.14997173246016154	0.067231549273031863
0.14787829619974616	0.066874614648018166
0.14863796239825358	0.065595245692195547
0.14749605508951158	0.066730969995241807
0.14656805361971509	0.066655817255447225
0.14635319511618133	0.065586884579699162
0.14415993922731907	0.066542459783537927
0.14304651364090229	0.066385280122380153
0.14503848645498141	0.064378932604614636
0.14262484175431384	0.064426038398024715
0.14436941566227243	0.064488551334179411
0.13964380825135583	0.064931161202639323
0.14005128823108515	0.06438091571685603
0.14041916671613577	0.063409017382653338
0.13847795677275079	0.063309085877108998
0.13795435215110077	0.064225932901456659
0.13595612909963081	0.062823635640953127
0.1364734945677995	0.063128330327855142
0.13653905603656652	0.061857258389480356
0.13615600408895351	0.06164215133053795
0.13590239572898083	0.06189935895685035
0.13545589612800815	0.060807598040730014
0.132515528685339	0.06188486569476135
0.13427969992952768	0.060690653476469868
0.13193619854431918	0.060809313372924237
0.13112291546450594	0.061541787406761028
0.13196040163446546	0.060972244573856173
0.99671073123375675	0.099085543170605653
0.97043001575469534	0.099083785055584517
0.94549759293995683	0.099082126056883144
0.9218122987255597	0.099080566123118261
0.89928284275222092	0.099079105203873655
0.87782663245480386	0.099077743249704267
0.85736876129632678	0.099076480212128393
0.83784113502267499	0.099075316043636341
0.81918171446012322	0.099074250697692323
0.80133385711441607	0.09907328412873008
0.78424574285104132	0.09907241629215767
0.76786987139055285	0.099071647144357386
0.75216262135614098	0.099070976642686895
0.73708386225323064	0.099070404745480636
0.72259661211354909	0.099069931412050269
0.70866672803945086	0.099069556343993573
0.69526264086612699	0.099069279097721119
0.68235513569414707	0.099069099846907857
0.66991711878453997	0.099069018590352692
0.65792341723241565	0.099069034716546558
0.64635064455216229	0.099069148432423468
0.63517701794660164	0.099069362076155867
0.62438222300768897	0.099069682356052388
0.61394731197585384	0.099070105733733371
0.60385457516461938	0.099070630382609645
0.59408744784774226	0.099071256266136609
0.5846303884558095	0.099071991319229863
0.57546888376468908	0.099072830906028711
0.56658928742879744	0.099073773939183665
0.557978743222869	0.09907482396105298
0.54962519107757279	0.099075973642793233
0.54151729828190509	0.099077227756964453
0.53364439688478116	0.099078581885344852
0.52599636790068138	0.099080031720725742
0.51856371954495217	0.09908157917097829
0.51133745743984294	0.09908323104673171
0.5043090824555776	0.099084984821740565
0.49747055579831517	0.099086846121648683
0.49081426984286375	0.099088814714783133
0.48433303961876661	0.099090898880498116
0.47802003911296492	0.099093092590585477
0.47186879079822697	0.099095402072624322
0.46587314201841823	0.099097817521495407
0.46002727326647741	0.099100336994904087
0.45432561105684466	0.099102953779541092
0.44876283264996636	0.099105675066701177
0.44333386683242704	0.099108538920137726
0.43803397120450793	0.099111511528318638
0.43285859609247845	0.099114600820817397
0.42780336108547184	0.09911779803240775
0.42286406202440785	0.099121078715069366
0.41803671346249704	0.099124447442314537
0.41331741777251468	0.099127903431086267
0.40870259779971685	0.099131433334704894
0.40418873992359566	0.09913498989981244
0.39977249082470601	0.099138408424360794
0.39545063651032819	0.099141580798438683
0.39122009712169165	0.099144367255642032
0.38707791048553203	0.09914681583170494
0.38302115194250019	0.099148925732492801
0.37904703468416068	0.099150591522023934
0.37515282795391552	0.099151457812684654
0.37133574924796608	0.099151284732127101
0.36759294310973906	0.099149772227324837
0.36392112706499929	0.099146683817524686
0.36031719833900855	0.099141306561323181
0.35677885818057892	0.099132192839682873
0.35330393133903615	0.099118547960763637
0.34988904912295937	0.099099336223463189
0.34653124917436096	0.099072870211242683
0.34322560985141437	0.099037137471599312
0.33996769373770791	0.09899042026721698
0.33675354875316599	0.098930631287596466
0.33358465243744617	0.098857320923476433
0.3304612355044878	0.098768839215592513
0.32738193134054439	0.098664191230919546
0.32434672257156621	0.098541454628510522
0.32135417656047827	0.09839852714993956
0.31840507292399955	0.098213909886704545
0.31549406221278231	0.097948095423136844
0.31249599538209577	0.097593382754773611
0.30932393196787727	0.097025572059144402
0.30626717642148255	0.096513465157475303
0.3032344991442415	0.09608400609106979
0.30032162751562624	0.09558588340378614
0.29769659667796572	0.095326625235789123
0.29484252610846362	0.095134252433968364
0.29207438793343427	0.094541460288569981
0.28851753790188639	0.094285262783111348
0.28625906829242981	0.093978185780973139
0.28300629178666348	0.093263978848130952
0.28104090359709544	0.092831982052018744
0.27815384177627595	0.092492102465276158
0.27490329869769858	0.091912414183544525
0.27271534216358717	0.091483833313472068
0.26970906990329474	0.090998030431545335
0.26730530034145278	0.090581583523572595
0.26447690757841696	0.090193851048548226
0.26224800443690305	0.089757183771153132
0.25966551780317076	0.089315678004465451
0.25811114256998424	0.088984516478195233
0.25491720366038406	0.088802286561791816
0.25416516496408748	0.088238844268252209
0.25101363207874272	0.087692602067226927
0.24826462731550236	0.087931666262770963
0.24580608964517744	0.087470515447842873
0.24403855284957116	0.08690417344743015
0.24213346582463011	0.086197836915431481
0.23988164095945125	0.086057520389293707
0.23807094753866101	0.085568289687211113
0.23654559814634996	0.084597916433988105
0.23463291805060249	0.084502810279760338
0.2323154036832574	0.084479307849950128
0.23016357664857287	0.084922463824179131
0.22839311173369556	0.084388141182642165
0.22661391180936288	0.082906237557954079
0.2251130297275272	0.083501841029804291
0.22340245020537736	0.083158340226543281
0.22161137456760024	0.082935172922091849
0.22042028620578138	0.081557025112856119
0.2180564440916683	0.081493277119680324
0.21691453510619049	0.080306012453991008
0.21483272751173296	0.079863276876569633
0.21335546009956471	0.079791992407932152
0.2119973949253422	0.079802960097042575
0.2095010946156122	0.079328368520877435
0.20890889186852085	0.079374625093140708
0.20739358084384102	0.078524924839129734
0.20535363214636568	0.07857824131575257
0.20368370198595132	0.077902913350930872
0.20269182346917328	0.077825260034591795
0.20109436894683883	0.077441642608457498
0.19976687784193292	0.076778094071548411
0.19811494628405277	0.076604190176267933
0.19649754577603204	0.076106596994175393
0.19530648738028172	0.075776905264300198
0.19425233701153649	0.075170003388982956
0.19201243102982107	0.074454336169042637
0.19079278977122027	0.074395045764585485
0.19003149249344528	0.074119381523355177
0.18810656763833042	0.073551323713196004
0.18753356758399076	0.072945286651174446
0.18633733008490957	0.073449047907500634
0.18363582767398939	0.073097788146088194
0.183419983981225	0.072563755071017172
0.18157547804660087	0.072337404906079913
0.18136777449484548	0.072189984277295019
0.17913944158465639	0.071542257873791607
0.17803367248795388	0.071114693670317336
0.17824765565411768	0.070422447389298398
0.17697927517829454	0.070332769880202914
0.17504711487179156	0.070170677235589535
0.17369109609313432	0.070280025828528936
0.17318965879466178	0.069491078851194266
0.17138352005809002	0.069175586209670709
0.16973648683643427	0.069242031414975883
0.1693652514315806	0.068835676697328763
0.16872737395548951	0.068198083642876078
0.16776244824608103	0.067773034654787456
0.16610199416039081	0.067631207223927681
0.1647617454211075	0.06715008980548566
0.16408121577258372	0.066952928211967341
0.1635427025960966	0.066158345615440789
0.16177351766767073	0.066566546781302027
0.16042214470455843	0.06624934359976388
0.1596649024930617	0.066179303769338851
0.15903218508859823	0.065785911892989227
0.15754687584421662	0.065374569428549092
0.15752617580286271	0.065148494779255758
0.15626166405471312	0.064501220056657954
0.15547270438423885	0.064540221705674472
0.15540970914892341	0.064520344909766075
0.15363262758230298	0.064419884885393533
0.15268542042283753	0.063253940336109316
0.15145113003112215	0.063369863056846651
0.1511048795630752	0.063368745005969812
0.1497109342752703	0.062732915289510791
0.14860582179013004	0.062353133704329891
0.1488046558842655	0.062498942834333021
0.14788493024662888	0.062263564859773017
0.14611961003669929	0.062013909389929692
0.14438018298532473	0.06165756263884338
0.14447882194561601	0.061964102346915129
0.14442426785871523	0.061729249770727385
0.14303200817297029	0.060924370168697672
0.14265670866573782	0.060718436162866492
0.14174772288445303	0.060424933797702508
0.14116205020005099	0.059993645485046224
0.1405765453892571	0.059548865647389863
0.1392705604105558	0.059784558024276263
0.13792228884304786	0.05914507409723866
0.13871704692056436	0.059681116567619583
0.13732179766616229	0.059571187896474975
0.13540526047396317	0.059020035766992877
0.13565517048834191	0.059262098631704216
0.13528541325729146	0.058735337376085814
0.13407629312036023	0.058348804596434323
0.13341396661305197	0.057559511929408641
0.13344808524593851	0.057617861851411163
0.13264580478712229	0.057671680056104402
0.13152767912419699	0.05807263420012404
0.99526187877162198	0.10211782414243313
0.96903226673696097	0.10211260685044456
0.94414828560519937	0.1021075503497159
0.92050897061811043	0.1021026545766357
0.89802321126665929	0.10209791946892711
0.87660857769751233	0.10209334496565398
0.85619031094068465	0.10208893100723695
0.83670045088588896	0.10208467753546041
0.81807708057206974	0.10208058449347651
0.80026366908380298	0.10207665182582024
0.78320849836321527	0.10207287947841656
0.76686416169543736	0.10206926739859047
0.75118712362503492	0.10206581553507564
0.73613733270018678	0.1020625238380251
0.72167787979135123	0.10205939225901961
0.70777469584742747	0.10205642075107796
0.69439628387902208	0.10205360926866605
0.68151348073061468	0.10205095776770705
0.6690992448491293	0.10204846620559084
0.65712846679841141	0.10204613454118351
0.6455777997254063	0.10204396273483764
0.63442550736940417	0.10204195074840157
0.62365132753235275	0.10204009854522934
0.61323633706251623	0.1020384031896155
0.60316285447618667	0.10203686187536212
0.59341435425291822	0.102035475484437
0.58397534981472021	0.10203424225464079
0.57483133383432261	0.10203316324500576
0.56596866814462832	0.10203223338884067
0.55737457024590531	0.10203145518191052
0.54903702541128119	0.10203083228119234
0.54094469841541859	0.10203036098910531
0.53308693393168094	0.10203004376448657
0.52545368464746278	0.1020298827746678
0.51803545871912127	0.10202987719986926
0.51082328287198142	0.10203002373372329
0.5038086923609677	0.10203032385572561
0.49698367447778835	0.10203077846143777
0.49034062432467834	0.10203138439066119
0.4838723497020096	0.10203213954411267
0.47757203779797436	0.102033049066471
0.4714332048346343	0.10203410536021092
0.4654497112567923	0.10203527582943121
0.45961571942529089	0.10203657316349062
0.4539257321450324	0.10203794670034609
0.44837442330384591	0.10203937617830167
0.44295680155597528	0.10204083389563053
0.43766808417435937	0.10204230537021867
0.43250365803722751	0.10204377738571235
0.42745920425216621	0.10204527548375819
0.42253056392640681	0.10204679474286693
0.41771382669839396	0.10204833305655572
0.41300519580588479	0.10204981171598757
0.40840106346397642	0.10205122346999763
0.40389794322235972	0.10205259132578867
0.39949257811913641	0.10205389505945746
0.39518177059873011	0.10205513102257985
0.3909624840499033	0.10205628649900597
0.38683182867736171	0.10205736352664767
0.38278703205504938	0.10205839157756334
0.37882543355051634	0.10205935973865454
0.37494447627137928	0.10206019056249649
0.3711416881502092	0.10206087144448928
0.36741464240304689	0.10206135678413361
0.36376106580296602	0.10206154924655644
0.36017872641452003	0.10206139400538289
0.35666556515676628	0.10206079975900627
0.35321957445664848	0.10205963529905906
0.34983866032626032	0.10205778836718357
0.34652092150902125	0.10205505841839632
0.34326451111377582	0.10205096161547932
0.34006808737314204	0.10204223568187221
0.33692940337519872	0.10203036766481251
0.33384630232189871	0.10201578271992454
0.33081711065697961	0.10199739878790787
0.32783955989131308	0.10197347960644333
0.32491151598803569	0.10194105939195704
0.32202928474695797	0.10189211562326531
0.31918883786144187	0.10173643351117603
0.31631953587273315	0.10130998677283432
0.31343579418856382	0.10098539117132055
0.31054527616886818	0.1007078782632935
0.30768709592923527	0.10050081588322433
0.30478584418273169	0.10019854416959914
0.30197944675438265	0.099936841728028636
0.29927993905613554	0.099763230516244014
0.29655072728006804	0.099521019934681612
0.29365916694681188	0.099048430799921233
0.29085658425379174	0.098652246144056085
0.28823029750807105	0.098391729001967618
0.28537941881710538	0.0980362766825979
0.28300158095904854	0.097585298746815013
0.27992335490709069	0.097421709196872375
0.27711950012484021	0.096854322630562054
0.2747583448412021	0.096449200069546034
0.27200419451422742	0.096299992538878429
0.26937401499589492	0.095943881387143895
0.25207578253747243	0.10077241610054659
0.26448397614428004	0.095181981053443415
0.24386807905097016	0.10056151130434469
0.23981046377082441	0.10043300287993695
0.23578062074837713	0.10028685715111452
0.23177233392384336	0.10013022592251021
0.24101723995669272	0.09693138729162025
0.25072835768913848	0.093315526354364367
0.2483430012320888	0.092822010551121326
0.24593899933314367	0.092465424797720561
0.24407389684750944	0.09180291858914244
0.24171115042089922	0.091459039393191624
0.2399707254627845	0.090795946384260195
0.23772332958695774	0.091199922604704428
0.23638754119085764	0.090088838120608195
0.23383695256103959	0.090091722696022322
0.2322502487999521	0.089744508363382061
0.23039062462465981	0.089332349183042642
0.22861153339180668	0.088084163222274914
0.2263481516193665	0.088732486409639572
0.22485053483277079	0.087497066046185651
0.2229360049712206	0.086876263907167281
0.22103315470485513	0.086701558667657885
0.21919416979496315	0.086776857002799773
0.16245410008538347	0.094265076919301125
0.2159598298850707	0.08520942750086824
0.2146641529358575	0.08532826575853264
0.21295631222227887	0.084692665817351423
0.21026919543288797	0.084471053384733916
0.15081971825706625	0.092312519776492727
0.14948917487278357	0.092156297593955785
0.14634165970907967	0.091547946032485686
0.20437360785899938	0.082269584304813875
0.20290042960895041	0.08191993322232885
0.14066910284552545	0.090326653372450855
0.19987849892816006	0.081986138059091607
0.13711068876601901	0.089505087970254429
0.19703048548765884	0.081448427301216181
0.19558934315854096	0.08022980910714772
0.19541630910924476	0.079905481650945381
0.19424922090544638	0.079451499472187284
0.19226357910162808	0.079406178443450631
0.16537969514887887	0.080873368480513852
0.18992011383589061	0.078437015974790233
0.18829627701950949	0.077415708467575603
0.18558263018610607	0.078349810458886601
0.18533946352488964	0.076737418127694815
0.18401994197515978	0.076639687698026246
0.18412676632683486	0.076800737603439348
0.12623860710821311	0.083652870154860628
0.18016915050474427	0.075848194727813095
0.17930585320917139	0.074998714400387204
0.1783638830037024	0.075964340090444671
0.17757294777646085	0.075472732324830913
0.16728366964471317	0.076390857630448464
0.17390578694343753	0.075270185074064203
0.17368545825626108	0.073808227431372053
0.17153675747343847	0.074266689001488861
0.17212825803320181	0.073239024090821975
0.17004991711821621	0.073157553294934258
0.16874902390347471	0.073017777083509997
0.16015221127643917	0.072137503718166643
0.16768115713696294	0.072455439423754528
0.16577401671850686	0.072235410534147074
0.16576145699192443	0.071609171811956543
0.15761750617476905	0.070145499810750814
0.16321393964441605	0.070967670173705658
0.16182619290653474	0.070504777331777277
0.14819759330774701	0.07248697387772389
0.15986148029842048	0.070227857999797957
0.15817126706697923	0.069370850793500499
0.15829574569002589	0.069107863807515879
0.1577902809975979	0.069025909507107089
0.15625194650137486	0.069146171992316277
0.1552958762113702	0.068723704546709105
0.15523931271838029	0.068307925809861447
0.15370603483115491	0.06828017576237233
0.15235652520037024	0.068402674558362894
0.15240411606064849	0.068061486164985155
0.15127340581593057	0.067317650452371605
0.14907678114253631	0.066913266115768907
0.15022508179697985	0.066675116657850503
0.14838482832178174	0.066530916216470573
0.14840255139459549	0.066209795272441502
0.14602924512747728	0.065344343619663028
0.14671550894298083	0.065719384084425431
0.146076535894338	0.06572042431595089
0.14461508982852819	0.066067974956421749
0.1442769723004414	0.065100300557762517
0.14281864511983308	0.065168160882229847
0.14175072907302583	0.06523341919696235
0.14177986257463612	0.064422312296879003
0.14024374479697166	0.064103317231288523
0.13983570831723999	0.06373799820938697
0.13900852363902194	0.063297417973112266
0.13891023845272746	0.063239431661529621
0.13727093841324778	0.063409751099359798
0.13736938430855519	0.062899689684976945
0.13502174968628886	0.063147614969860738
0.13628603978642237	0.062428492651873425
0.13524183753982363	0.061873471974914662
0.13438994753661104	0.061750896244104576
0.13226217774819843	0.061174563878763272
0.13207401439878086	0.061340992149684005
0.99597319178054156	0.10235850130580566
0.9697193326726633	0.10235843072027059
0.94481237454714917	0.10235851097903013
0.92115125752600058	0.10235874223109882
0.8986447852666799	0.10235912462826786
0.87721045026265576	0.10235965832511495
0.8567734231194799	0.10236034347899345
0.83726567970936117	0.10236118025002859
0.81862524474850784	0.10236216880112133
0.80079553407426174	0.10236330929793921
0.78372478091679976	0.10236460190891614
0.76736553391194406	0.10236604680524862
0.75167421660285416	0.10236764416089437
0.73661073981926783	0.10236939415256835
0.72213815967421324	0.10237129695974094
0.70822237503539121	0.10237335276463527
0.69483185925593394	0.10237556175222427
0.68193742172213001	0.10237792411022947
0.66951199542205841	0.10238044002911713
0.65753044728154619	0.10238310970209713
0.64596940847063133	0.10238593332512036
0.6348071222696009	0.10238891109687639
0.62402329678579482	0.10239204131397259
0.6135989944990371	0.10239532413336178
0.60351650721223515	0.10239876348976996
0.59375927044966259	0.10240235992997949
0.58431177650700261	0.10240611153670487
0.57515949087681673	0.10241002702976594
0.56628878381066416	0.10241410466849661
0.5576868583486807	0.10241834817264234
0.54934168391827465	0.10242275742304822
0.54124190050774179	0.10242733814286011
0.53337684898750715	0.1024320851352464
0.52573647511510735	0.10243699672585974
0.51831126102231007	0.10244208063713178
0.51109224664643249	0.10244732964656446
0.50407095575207284	0.10245274846333711
0.49723937787529621	0.10245834086177844
0.4905899246929995	0.10246410379104198
0.48411534698062614	0.10247004400319457
0.47780885241808951	0.10247616260668377
0.4716639849356738	0.10248246566075785
0.4656745635089336	0.10248896204289863
0.45983470024831002	0.10249566416249002
0.45413879862595469	0.10250256516736105
0.44858156154158813	0.10250966533041886
0.44315796760011827	0.10251697031871906
0.43786322313502468	0.10252446911303105
0.43269271448595242	0.10253216548883111
0.42764210547994019	0.10254006572794812
0.42270724956553762	0.10254816152712352
0.41788415556911646	0.10255644017744482
0.41316894941726251	0.10256489442773215
0.40855803802638219	0.10257353675331889
0.40404795571071062	0.10258236078021571
0.39963534486970392	0.1025913307635319
0.39531690525199065	0.10260043560052215
0.39108947897604296	0.10260962076256883
0.38695010922110928	0.10261877669419121
0.38289593115704668	0.10262786583928754
0.3789242823613922	0.10263674344245129
0.37503232675428172	0.10264523341213934
0.37121724640504544	0.10265315577088742
0.36747631873864484	0.10265991869869295
0.36380677214623591	0.1026649237510865
0.3602057897413537	0.10266767395626951
0.35667050237998421	0.10266707803152578
0.35319755401895386	0.10266181483745776
0.3497837375179354	0.10265033732225255
0.34642673634126708	0.10262992066724282
0.34312415437868821	0.10259778980539017
0.33987268581697627	0.10255191396396972
0.3366729354243938	0.10248765188405203
0.33351788738762128	0.10239340562816336
0.33039259576802815	0.10225901664240121
0.32728180330891449	0.10209521081094185
0.32420889424051541	0.10192040996046782
0.32118385273331135	0.10170957104807712
0.31818544884902461	0.10140591244712222
0.31515251401856348	0.10090440143190275
0.31210005394761392	0.10044225779984509
0.30901867742744071	0.10001537234464332
0.30576735175672265	0.099363922779959174
0.30257314051716583	0.099074809175003248
0.29931946604754045	0.098599273221700243
0.29648525608384502	0.098214114088643931
0.29355413797385405	0.097786613252681898
0.29030683516975864	0.097454594433880395
0.28775549336387662	0.097151879272838165
0.28491097750792355	0.096576063436749821
0.28237561190659166	0.096074771514242666
0.28020503185269457	0.094331308139624842
0.27715389379034983	0.095163109271078405
0.27382901477582178	0.095411855371431001
0.27255150545322826	0.093267359771570399
0.26795528462378571	0.09505388672478346
0.26599631675201135	0.09409851528467035
0.26490222573978495	0.092760535907062541
0.26240483985842877	0.092215695019186417
0.25843564234007504	0.093497558308392695
0.25553178977314867	0.093568768558118298
0.25336383628012671	0.093341686195523424
0.25250689781129382	0.091901295082181519
0.24909395599344147	0.09285543054177936
0.24659738034198192	0.092298511362186489
0.24390092881914943	0.092591349214494537
0.24229791792043268	0.091832952028949505
0.24064387037497453	0.09180583859692866
0.23773482104370658	0.091495684948494679
0.23769812518800065	0.090166759927769694
0.23414363386388162	0.090827742142535722
0.23257810834277751	0.090469809698433282
0.22998691423773568	0.090640940948926926
0.22851431495720981	0.089892736935930154
0.22636156811073124	0.090149327969379967
0.22453693331322297	0.089241214995605514
0.22222878203197827	0.08945496078812358
0.22031306851114885	0.089132027451442802
0.21913499592127045	0.088829756149710573
0.21736164016223145	0.088594945957554849
0.21545267176944533	0.088569534290938154
0.21399385615675401	0.087613534766000881
0.21254803619810839	0.08748860416055626
0.21103411060504965	0.086017121338850505
0.20907231285149952	0.086728525533592685
0.20729528068036057	0.086643162023431058
0.20506268777755438	0.08706412186254138
0.20433706063657653	0.085555204229736059
0.20218134207676558	0.086387827983823912
0.20108850365171008	0.085129425130460318
0.20134948443163272	0.084164169928103327
0.20074793672589375	0.082612562831983483
0.19873358473467648	0.082403769047521724
0.19649399011711327	0.08314454579209786
0.19436578059545551	0.083914714224873913
0.1930645112895138	0.083217572628451253
0.19370340022042368	0.080496226533391543
0.19216238293896537	0.080604835586235671
0.19135310284909593	0.079107886535501964
0.1895728453466847	0.080688581746754154
0.18805227786678319	0.078643771676051633
0.18579137207584165	0.079578873312438153
0.18530020550761078	0.078733496735137437
0.18515264505791953	0.078177060720095615
0.18261727383972931	0.077955054429581408
0.18053121072173769	0.078811837233195722
0.18131191081003398	0.076528632278688308
0.18005011889327438	0.076505904535580219
0.1787127156208641	0.075648099807773983
0.17643197122472065	0.076866333774069664
0.17652950237541282	0.075673260131827291
0.17645545805760934	0.074969921568731168
0.17480149403121642	0.074174842852816475
0.17218366990116332	0.074936775697323113
0.17192349332928347	0.074256682719772038
0.17121734546535816	0.073085520848326396
0.17014226946704991	0.072710990150236424
0.16904157114675	0.072709954420469347
0.16730702464105096	0.073546537188985517
0.16585322123500665	0.073783651394655189
0.16685008303595975	0.072054565951343463
0.16465859225543591	0.071702837743796766
0.163632525091228	0.07111734023376573
0.1636137016017534	0.071185292044329843
0.16177438431706379	0.071101040881361571
0.16008290561280331	0.070824171648896234
0.16016226347974885	0.070544550799227487
0.15903707222028293	0.070009697912492314
0.15796046777827782	0.070722867641762013
0.1566468870373717	0.069219057329054937
0.15610379224097123	0.069247439061819058
0.15514831820597566	0.069150624425795629
0.15373869762675149	0.071130586477260491
0.1538207823711818	0.068833567005779708
0.15199072191195548	0.067853080261892962
0.15260234356877952	0.067349796237280449
0.15118235241942812	0.067552010187996531
0.14983900293976626	0.06669371125666361
0.14941176762548683	0.066872766495267646
0.1478409911288685	0.066414801110046842
0.14698977539515937	0.066515773236673986
0.14653647179813764	0.066919694858038864
0.14551471337802172	0.066667851234620754
0.14480252963794049	0.066285225908145007
0.14343436324745004	0.065654826287425888
0.14345461509382654	0.064771569049083141
0.14280620876623601	0.066936861477626605
0.14164585713505665	0.064130238829100641
0.14069987534369888	0.064248591774893282
0.1405659401218271	0.064054388381479865
0.13904725394196776	0.064073130883198617
0.13911005041080307	0.063983456002186523
0.13815125613089971	0.063211146822655481
0.13729258713594555	0.062302564005860921
0.13674132824216667	0.062577583699926276
0.13629627306096473	0.062484393659467778
0.13529943668038147	0.062690724740683365
0.13526094148624873	0.061970343925713982
0.13374933490257329	0.061987559351569771
0.13326930011063171	0.062118661192842914
0.13218553283246398	0.061395670546146572
1.0029627224806297	0.10288258357314638
0.97654855213056702	0.10288762491235159
0.95148958418805052	0.10289283099707454
0.92768413257338378	0.10289820153561012
0.90504043662765976	0.10290373630462497
0.88347547838322193	0.10290943506113569
0.86291396727844194	0.10291529779668823
0.84328745647868553	0.10292132405125547
0.82453359217799838	0.10292751415977193
0.80659542721135313	0.10293386519165837
0.78942085331229073	0.10294037187335819
0.77296213099622424	0.10294703548671237
0.75717541991028114	0.10295385658920002
0.74202038383007152	0.10296083402333105
0.72745983382038892	0.10296796175686528
0.71345945794299637	0.10297523870247204
0.69998752461372959	0.10298265986837525
0.68701466407124778	0.10299022497993901
0.6745136525173121	0.10299793632966689
0.66245918630539946	0.10300579154617108
0.65082773368993529	0.10301378662656793
0.63959737286619134	0.10302191788309718
0.6287476909805404	0.10303017982676829
0.61825963688690422	0.1030385718307933
0.608115411288073	0.10304709060379388
0.59829837439178002	0.10305573596180276
0.58879291536087408	0.10306450500739681
0.57958442792360798	0.10307340230005353
0.57065917838115698	0.10308242098954483
0.56200421817241786	0.10309154318331225
0.5536074850770506	0.10310077635657876
0.54545758442555858	0.10311012244345052
0.53754379525436935	0.10311959121197446
0.52985597207193313	0.103129176663714
0.5223845668407332	0.10313887600570631
0.51512053276863623	0.10314869876315617
0.508055303293653	0.10315865500441466
0.50118079877831356	0.10316872926228288
0.4944893802921872	0.10317892418090811
0.48797383604654671	0.10318921211259098
0.48162726034251763	0.10319958550083672
0.47544317048513596	0.10321007154252031
0.46941537238722536	0.10322065553642344
0.46353800538549472	0.10323132141858629
0.45780556341154433	0.10324206002963802
0.45221269810286191	0.10325286814583862
0.44675435912726735	0.10326375467494119
0.44142574981441746	0.10327470337690807
0.43622227225085125	0.10328571608433873
0.43113955121563274	0.10329678964761983
0.42617342605931441	0.10330790840243857
0.42131989394794767	0.10331904724266669
0.41657511287871068	0.10333017044547772
0.41193538587054845	0.10334127139975841
0.40739723608335821	0.10335230847012916
0.40295729815881121	0.10336319899850921
0.39861246988447313	0.10337392565835009
0.39435977870252553	0.1033843649605285
0.39019620176341269	0.1033944284507274
0.38611884639976302	0.10340403850854414
0.3821250635090323	0.10341312459539756
0.37821232629884716	0.10342149300363622
0.37437819875534878	0.10342892386520901
0.3706200458917146	0.1034351960093302
0.36693543160700121	0.10343978587309131
0.36332182656484419	0.10344238917233996
0.35977715113589931	0.10344214929423942
0.35630049586188345	0.10344045726603579
0.35284663220648332	0.10327171075905826
0.34938920100543247	0.10304957111768474
0.34595458580047173	0.10287253411396821
0.34258338557030266	0.10273499444530139
0.33925597453398543	0.10263291666955808
0.33607917521870156	0.10245460449628883
0.33280405052259909	0.1022405630230193
0.3296753947076993	0.10199567490726748
0.3265526919976463	0.10183238028753418
0.32350435813348377	0.1015607185475052
0.32037149756830069	0.10099355656532806
0.31700808377490164	0.10029074020964404
0.31398902164124282	0.10002967337720352
0.31032975111040928	0.098936721554944901
0.30774727433662852	0.098866308788977189
0.30413025136216515	0.098029316143535591
0.30115500381805393	0.097410205069718134
0.29806290186069367	0.096906498657677878
0.29506716642880498	0.096598252006430838
0.29223583682122856	0.097376353843060884
0.28943950577251065	0.095856480436376665
0.28651928030598128	0.095390053288240614
0.28258528646025899	0.096096933160753906
0.28015508512423376	0.095760339886114182
0.27760958995206236	0.095221730154136042
0.27439351151710084	0.095238371936400973
0.27168134210099593	0.094932498435995633
0.26901227341492689	0.094489181559889307
0.26635910297478144	0.093966687064993226
0.26401584914512716	0.093646148410030147
0.26175240030602787	0.093234394722187183
0.25961421930953954	0.092734131658076493
0.25703060421866147	0.092914943704082251
0.25480098532330908	0.09247579568426699
0.25255071773291782	0.092088873113311667
0.25031055681928843	0.091821135058908779
0.247968568888049	0.091594289745156432
0.24589109682248728	0.091421069900728763
0.2439445921378546	0.091142632343558933
0.2419589259064843	0.090903647020260089
0.23996591858531102	0.090640061777505498
0.23811464243967623	0.090204684172120214
0.23585824052238349	0.09019732423810764
0.23401083797023448	0.089642942157388106
0.2349570887643157	0.08725264558804377
0.23118136472060888	0.08833313338275027
0.22865555373812133	0.08890424199226199
0.22741121333221145	0.088615430971406686
0.22774530505043333	0.085404787823646355
0.2234542499669063	0.087868367661407945
0.2219506774749434	0.086961796948875791
0.22044613147563816	0.087265412097371778
0.22096079634324042	0.083962281708069603
0.21713790811963329	0.086491702021253516
0.21799228379730665	0.083263249397707823
0.21701805994144194	0.082211075206263778
0.2144446594281714	0.082501863719409763
0.21419461641157067	0.082341572762035395
0.21102475728304465	0.082767958198044084
0.21064776744653746	0.081702363525759186
0.20939752079348084	0.081383282662669837
0.20794556161405262	0.080637472053433551
0.20479080968193625	0.080450707282595887
0.20490842046403557	0.080088207239299117
0.20318072334766701	0.079555262579166841
0.20112634968843535	0.079528195544230476
0.19877835331574614	0.078958845026845678
0.19977367647310154	0.078541122028915167
0.19700137264660719	0.078336568463687736
0.19515216482188288	0.078902210462011693
0.19449578577108922	0.078032202983154525
0.19251604066789402	0.077934255047119191
0.19088075393407183	0.078598732509536959
0.18970286212039003	0.076633850332605891
0.1901030684133512	0.076947411470686441
0.18822384432340589	0.076450158881703756
0.18628581643812273	0.076078554616868133
0.18551967567639507	0.075655786869628955
0.18332440568255237	0.074516180103042715
0.1842122546987531	0.074616707429234999
0.18270295924802563	0.074457286479978457
0.18015232053274685	0.073826448821537619
0.17954340364251734	0.073899076858381638
0.17779929441566467	0.072827551844788327
0.17565277614657129	0.073660889507242935
0.17654996219336794	0.072334665684794935
0.17395734908858621	0.073167958380098333
0.17439835731503212	0.071740897734457743
0.17299135243541353	0.071861473620688815
0.17171791140186393	0.071246804387036261
0.16965552209058576	0.072063760001850136
0.17007917505901687	0.071416573219104371
0.16852210516137059	0.071045488421842495
0.16544555736131794	0.072899886110597237
0.16742107628049074	0.070242633207881433
0.16562629975367718	0.070218298535238269
0.16434964760050541	0.070064899135278233
0.16168846241832033	0.069716995646130583
0.16156978522255461	0.068315305446170954
0.16060071655712374	0.069470135447625703
0.16065007217436425	0.068601349934798855
0.16018778478036952	0.067691135123979868
0.15967326596956599	0.067667779343212095
0.15587736173482217	0.06955947272653501
0.15729065114971785	0.067024327194734307
0.15484296228211081	0.067012072336778292
0.15359677611727965	0.068048178596028658
0.15435964082853068	0.06641356855659851
0.15200182594701334	0.066471174976487413
0.15233418011528962	0.06659624447042764
0.1512215654401021	0.065927607981802736
0.15061224202775492	0.065102308026677644
0.1495361569744964	0.065006699503213874
0.14873712026602157	0.064742341026929939
0.14688906821175834	0.06571900544595069
0.14720391710117531	0.063477277976398808
0.14646597213526524	0.064021807886242843
0.14577578014989998	0.063044823707116407
0.14398194980836979	0.063813793204367461
0.1430695645420175	0.063276184528901117
0.14442718435457874	0.063066770220696178
0.14226741400293372	0.062975232222761829
0.1408455597280838	0.062838860096815011
0.1407728680221477	0.062156725344355769
0.14082420447703606	0.061956755609144473
0.13966978654727477	0.061419276089801619
0.13890196791033232	0.060770186529423557
0.13777418411669662	0.061236303681638585
0.13742245699426694	0.060322317233153934
0.13596976613785927	0.061039906953468913
0.13658121854125918	0.060589381214892851
0.13519712100357129	0.060369900399462599
0.1347635894858476	0.060316470732103618
0.99422170763318674	0.1006703512607998
0.96806977337535383	0.10067011297785128
0.94325953440904209	0.10067002639172454
0.91969032141353679	0.10067009146531811
0.89727129048362275	0.10067030816309934
0.87592025297001974	0.10067067645109416
0.85556266866162745	0.10067119629691057
0.83613077631343347	0.10067186766972488
0.8175628401472691	0.1006726905402905
0.79980249467092446	0.10067366488093771
0.78279817316723621	0.10067479066557697
0.76650260764699663	0.10067606786970075
0.75087238831345715	0.10067749692958684
0.73586757130379266	0.10067908044477654
0.72145135911170766	0.10068081759168419
0.70758978020952967	0.10068270813515214
0.69425141890252262	0.10068475243952742
0.68140720047686065	0.10068694927856606
0.66903015655033726	0.10068929926331478
0.65709526379191752	0.10069180124386343
0.64557922797336942	0.10069445637903927
0.63446036642146286	0.10069726333331559
0.62371847248154788	0.10070022341250424
0.61333468989774342	0.10070333575900207
0.60329138787688275	0.10070659526569298
0.5935720701429209	0.10071000504720168
0.58416128156621105	0.10071356246954004
0.57504456924609715	0.10071726865451237
0.56620831260075788	0.10072112674202667
0.5576397714977982	0.10072513725836783
0.54932695867371395	0.1007293001674941
0.54125857190458282	0.10073361912566058
0.53342397081151505	0.10073808700397356
0.52581308737082233	0.10074270328235641
0.51841649314950056	0.10074746818109491
0.51122525181615153	0.10075238448980092
0.50423091246190666	0.10075745748427728
0.49742545590462839	0.10076265709537134
0.49080134669410325	0.10076798896476537
0.48435138216189977	0.10077344603635671
0.47806872973919384	0.1007790261699727
0.47194689523507383	0.10078471943422283
0.46597975151779347	0.10079049386775811
0.46016144548567334	0.10079634357243722
0.45448646061499365	0.10080223416664319
0.44894955994047586	0.10080813288819414
0.44354563152742238	0.10081399216897732
0.4382698452018407	0.10081977039321702
0.43311762712928464	0.10082545951971164
0.42808464531933565	0.10083097036182923
0.42316668449188338	0.10083618717007721
0.41835977656588202	0.10084107354590158
0.41366012410772857	0.10084550567545274
0.4090640142560551	0.10084954371955697
0.40456791999604491	0.10085317466951443
0.40016836013678231	0.10085626907379462
0.3958622829099403	0.10085867067032024
0.39164641704740416	0.10086034863436022
0.38751776165196167	0.10086123458645005
0.38347356111650788	0.10086120529064742
0.37951115699756899	0.10085987459336074
0.37562747812368741	0.10085678741584149
0.37182011188011677	0.10085093651204373
0.36808664383982204	0.10083734174848465
0.36440661799972829	0.10079465231748901
0.36067195942745145	0.10060753897937114
0.35689944862063139	0.10038191188559233
0.35310884096088296	0.10011857444412681
0.34935602988080666	0.099821768970669994
0.34568208063589811	0.099506860765338379
0.34206207005877232	0.099157075087566923
0.33853691630247973	0.098845375049749162
0.33512274353664545	0.098468205562526584
0.33149626404494437	0.098027475845428452
0.32803185434003729	0.097694414107933683
0.32461968927718765	0.097342276911491429
0.32124544916337339	0.096966010478576906
0.31793172921470925	0.096599689751508053
0.31464609454809767	0.096230795751492709
0.31136286331377799	0.095837356654557448
0.30808774857860055	0.095465768101858944
0.30485881170044615	0.094988187896940954
0.30164310902769476	0.094651816201335129
0.29868587986098405	0.094448237125982895
0.29566168124285014	0.09411590241039236
0.29271494193297198	0.093799910922394591
0.28992685056079731	0.093500038255458356
0.28695402178811114	0.093126657322263301
0.28396618741340696	0.092754885042289473
0.28111830537641458	0.092353379464852364
0.27822015046818271	0.091929749445749054
0.27562531391383421	0.091621193251756633
0.27301951558255344	0.091339368399285831
0.27035032850310925	0.091022083801093251
0.26770557160318809	0.090698012765648539
0.26535188994665598	0.090348598518038045
0.26264845159798655	0.089726914267337893
0.26019298145014341	0.089545084578947581
0.25761937445810623	0.088752511840237622
0.25559209523122739	0.08850797638818933
0.25331297494365113	0.088335300350012122
0.25104404933148577	0.087866767450744593
0.24868968237930758	0.087555940706994059
0.24723288458514395	0.087066137370100438
0.24492602425688445	0.086942113336378399
0.24241494015797366	0.086170182215846242
0.2407617033463377	0.086214622987655087
0.23868148110347887	0.086036935748134064
0.23611867673455053	0.085263442266514694
0.23392870008002498	0.08450271546078833
0.23278438881762623	0.084738321330382199
0.23071473812268853	0.084193764646838823
0.22794908340307371	0.084000093754216104
0.22687147605435837	0.083749031645419858
0.22589247342908117	0.083278127283531553
0.22317253595510853	0.082865316167307634
0.22185003406459716	0.082461700320560147
0.21985540739998685	0.081951966963876535
0.21760038947442814	0.081456241929595427
0.21672123127295473	0.082019620026977977
0.21460225204480793	0.081376300057705853
0.21279713077936335	0.080525622071249664
0.2115263161745122	0.080516320044387413
0.21003979075864959	0.080100994410679013
0.20872072043017253	0.079662820441819882
0.2070482974365542	0.079200766366364639
0.20521207220068932	0.078966649688241242
0.20348552379645962	0.078399949948594685
0.20183454647747034	0.078580833935081737
0.20141927520851716	0.078100273070666665
0.19977916474250004	0.077641469225723236
0.19837630631786971	0.077169458777258809
0.19596153276982892	0.077401855646448733
0.19510978677297128	0.0763818149689586
0.19395002396050465	0.076566101332617834
0.19177411450613885	0.075757636514431265
0.19148168426970033	0.07590562180621345
0.1898165506040066	0.075566240879573823
0.18820331354063943	0.074671793246896503
0.18744141665490077	0.074379069949512072
0.18562593077586598	0.074755843804533914
0.18443014771658989	0.073065272516369975
0.18373170923548376	0.073523774364631644
0.18218732610022914	0.073964390819104484
0.18075117662408882	0.072895460059885522
0.18005045398774253	0.071924605862237825
0.17880270316930877	0.071947040342570615
0.17801165026043864	0.072161455114787207
0.17624058032767426	0.071458311980764522
0.17472597281601235	0.071588191746162932
0.17423992114354722	0.071013570818086444
0.17320433779257152	0.070440194122478261
0.17269354250007812	0.070859827547671256
0.17094199547337038	0.070664194030078786
0.17034920131966183	0.069563774333160092
0.16896492788905518	0.069417045647464024
0.16781263545346717	0.069407992672674765
0.1669405124384199	0.069617390972039436
0.16675712408844226	0.069401380988621031
0.1649158972821187	0.068495530059625748
0.16193683441761281	0.067969762082358873
0.16285760314715747	0.067364457744145248
0.1618060968996172	0.067628256206660867
0.15972067928028988	0.067394061096422334
0.16038298755554578	0.066801931022817049
0.15854188806246958	0.066681766009774684
0.15765919244256973	0.065653639975914543
0.15736009197703998	0.066150509873017696
0.15640152612180128	0.065964636225199477
0.15518737038670782	0.065047819713044255
0.15435224870091746	0.06547098052945037
0.15344368748426046	0.065097729709941932
0.15240311088769051	0.064683050487237062
0.15123850723729887	0.064661770832333765
0.1504520573698748	0.064542602000831784
0.1496587289807132	0.06404749586083415
0.14943998029168326	0.063549503650370903
0.14858853428157992	0.063317737775093003
0.14743534287213653	0.063520191202299431
0.14699620920480994	0.062834687145482057
0.14603781782347591	0.062292438707933113
0.14490220651148594	0.062872939276793396
0.14475668876245121	0.062233929618828301
0.14361614360048713	0.062540237942347934
0.14337784199503936	0.061115980610803172
0.1411883576529907	0.061577001948271405
0.14066885630035517	0.061902482725157609
0.14019487074429912	0.060844384260621956
0.14053494056417279	0.061758271962277192
0.1402031597840821	0.060859384228716229
0.13865320294090361	0.060633286379080595
0.13690368845151737	0.060694250092145928
0.13689349988747773	0.060274768539885011
0.13667358169340854	0.059872628434593039
0.13513902896061222	0.060197799888569839
0.13464483269756033	0.060018203329200374
0.1343550170017262	0.059731135338635354
0.13385665184579493	0.058657188731810757
0.13288003491254424	0.058838515656778216
0.13208348054482774	0.058791838719842976
0.13063240131231857	0.058949743925329548
