weight	lyapunov	err1	err2	err3	m1	m2	m3	std1	std2	std3	null1	null2	null3	f	stdf
0.0	nan	0.7407889604198693	0.1239112433817094	0.020914198899143505	10.876291367191444	15.613142234144053	13.537849920301372	18.49428027145597	30.507857228580491	26.735422024513404	99.219999999999999	99.219999999999999	99.219999999999999	1.0000017384726541	0.10001213019349138
0.02	-1.1937254590709255e-05	0.90878130131553569	0.94570278021918686	0.45781384555254229	12.224853765027801	54.870572465716826	131.54242536309587	11.896075282249178	49.213026480394021	107.74167382457702	88.72999999999999	52.100000000000001	25.300000000000001	0.55293309587996453	0.10172575513069888
0.040000000000000001	0.0019739254519905956	0.94391797421986401	0.95528849476366007	0.47217606757182173	8.9176743560801235	41.386015846180946	118.82383635011647	8.7928891992102649	37.056193615109962	112.24609300086497	77.739999999999995	61.210000000000001	24.789999999999999	0.38210783655938074	0.10323414711531516
0.059999999999999998	-0.0018508814888835627	0.96205947188616869	0.970923919871583	0.50872702494280231	10.235732386109927	42.553682911565573	179.48756785068835	10.121982856486525	39.486172823944742	168.63176374728459	79.949999999999989	60.920000000000002	18.670000000000002	0.29195733453399797	0.10398173303870561
0.080000000000000002	0.0049356461818740949	0.95607919254935236	0.98556888459572323	0.5270149465166083	12.311919656478407	42.700331373766751	152.74282478649297	12.329675861827894	39.818426258672574	149.70379813938496	86.069999999999993	61.759999999999991	19.41	0.23632753884324315	0.10371602722478757
0.10000000000000001	0.0015073801635896269	0.94714380578223822	0.98833762034584949	0.52781276701433255	14.229619416269674	36.382471214995775	128.65575553372878	14.017960050575894	34.463408787545973	139.84815388550595	90.719999999999999	67.450000000000003	21.57	0.19863711897152039	0.10257912777580196
0.12	0.015932214902350552	0.95801540438527666	0.98957623539864747	0.54225803670184924	14.253322211337087	31.692234180152489	141.74016433604936	14.067511836089142	30.964928958740426	148.95623198477205	91.940000000000012	72.079999999999998	22.360000000000003	0.17145035442400375	0.10078916611832185
0.14000000000000001	0.024777943867372736	0.96313667433371963	0.99073267706915313	0.5701280154346493	13.523956232111027	28.600257013376858	161.61573014752534	14.163273718367844	28.334737851039357	156.6244096085029	92.010000000000019	74.670000000000002	21.390000000000004	0.15092808063666091	0.098616652967542781
0.16	-0.017306393589611654	0.96558246214175569	0.99162596624016874	0.59769333353278387	13.205555533429465	27.213182634166703	180.06850626809106	14.211823048274706	27.437288387045204	169.90098468022779	92.099999999999994	76.819999999999993	23.27	0.13488974403800474	0.096293827677641552
0.17999999999999999	-0.027472667872013062	0.96872457995688754	0.99219748590952883	0.6101417453671345	13.50549981677797	25.831368931963574	184.83395431934031	13.748372819566606	26.521589284794896	173.98748891372762	92.490000000000009	77.870000000000005	23.43	0.12200839423997074	0.093946163439986435
0.20000000000000001	-0.046891344681841494	0.97134547159114781	0.9918907020726252	0.62253640239620489	13.18504350144136	25.325577941751597	183.2194645837661	13.752946648223784	25.903461859121744	180.76527712938068	92.61999999999999	79.000000000000014	24.809999999999999	0.11143230686441004	0.091662711039054004
0.22	-0.025323707758968972	0.97359683147945009	0.99070946958247974	0.62949716187256344	13.233974296702087	25.047040408095672	178.1630422335123	14.3347361096104	25.694736315031616	181.19813347165774	92.88000000000001	79.980000000000004	27.189999999999998	0.1025906583798597	0.089482236666884568
0.23999999999999999	-0.0086500542168083342	0.9747178190839223	0.98983846932630948	0.64312901039289316	12.793557242125994	25.070443317616178	175.74936962782527	13.702085032334519	25.470919266859699	173.46799548219715	92.810000000000002	81.269999999999996	29.050000000000004	0.095088293402648169	0.087405137684674089
0.26000000000000001	-0.013692447537789277	0.97596106479550893	0.98963053766348474	0.65488990531550939	12.357654328438693	24.599849352388087	172.62189129167939	13.04774463409996	24.811742310305085	173.83704646631458	92.550000000000011	82.11999999999999	30.810000000000002	0.088642058360649298	0.08543298907299178
0.28000000000000003	-0.051606905224438782	0.97772730742264247	0.9894604672518289	0.66141791611097489	12.001464513416963	23.263335963466908	176.48784886303469	12.596522745746322	24.217161073229359	177.22958666667282	92.400000000000006	82.010000000000005	32.530000000000001	0.083041413457944913	0.083578822097868238
0.29999999999999999	0.02398203799260297	0.97898510457390819	0.98880052312476452	0.65941885759353513	12.0344662201204	23.047751634431499	181.46738364661167	12.51295441456659	23.820294397189333	180.34417320870071	92.560000000000016	82.730000000000004	34.469999999999999	0.078128686429215263	0.081846967954042699
0.32000000000000001	0.048688301797355699	0.98073558659922144	0.98935294230492554	0.66558947743093322	11.726821191227931	22.99890816058058	183.67849071695545	12.676223929274434	23.290241113883372	181.13188003239512	92.510000000000005	83.450000000000003	35.689999999999998	0.073783930306655351	0.080224545187979751
0.34000000000000002	0.039044756379448133	0.98118947117260014	0.99033490568977955	0.67923371840611535	11.779793372033101	22.500816741268544	189.450430508105	12.134397178892112	22.903367479219352	187.67887272543845	92.640000000000001	83.819999999999979	37.210000000000001	0.069914035302684391	0.078694042309996992
0.35999999999999999	0.064930811141203429	0.98140008783075883	0.99091751848125487	0.69494278501954143	11.260459083524474	21.645849597652099	190.2849618722542	11.468798540880062	22.057826362347782	184.52200377967918	92.400000000000006	83.830000000000013	37.840000000000003	0.066445223779756674	0.07724995506559526
0.38	0.11267149244223504	0.98162219140697682	0.99120999794697229	0.70687469568826644	11.060422973753935	21.470440415315739	193.19179859364709	11.186409550404534	22.04552202089322	186.84474357025812	92.509999999999991	84.280000000000001	39.239999999999995	0.063318148563322824	0.075881191478204185
0.40000000000000002	0.059162200736347099	0.98127875701856626	0.99102270487194521	0.7131606648151001	10.916112397436098	21.248966373455417	194.16000900351466	11.37793586494	21.943149832620445	188.11748587104256	92.629999999999995	84.650000000000006	40.790000000000006	0.060484581913049992	0.074577117104086293
0.41999999999999998	0.0999991583189212	0.98198880611443717	0.99125430633498779	0.72307058156135717	10.258957803170986	20.914838182772179	194.41036165304911	10.776619661761915	21.548013232981859	187.40148722828326	92.329999999999998	84.890000000000001	42.689999999999998	0.05790456138959784	0.073341849961605601
0.44	0.12959443905293738	0.98229927406051432	0.99133199888464296	0.7333223401946154	10.54994274667472	20.826210944528924	192.17308179466167	10.584989688362723	21.160286829547779	181.5342772885287	92.72999999999999	85.140000000000015	43.510000000000005	0.055544937597118114	0.072174546715712301
0.46000000000000002	0.1097709623492306	0.98252822835421783	0.9915997592859489	0.73698423248579281	10.43417487118025	20.625966042537907	191.00529012034977	10.412265055038507	21.17730318246722	180.83279148009609	92.780000000000001	85.430000000000007	45.149999999999999	0.053378863694000446	0.071068400460280151
0.47999999999999998	0.10267819299058244	0.98310167222685174	0.99186915715177404	0.74351518968010755	10.058050822710953	20.383749540421213	188.50460135430643	10.291965532455549	21.079911432699792	181.17197508028119	92.640000000000001	85.580000000000013	46.049999999999997	0.051383514611446114	0.070014619310222584
0.5	0.072032329001365941	0.98332180153838811	0.99182183519624323	0.74898658141014818	9.8916844989674608	20.03111016278708	187.1591176132805	10.138993008224414	21.048841963619818	176.80812169167518	92.650000000000006	85.649999999999991	46.969999999999992	0.049539146246866672	0.069011238853959794
0.52000000000000002	0.079277054605011096	0.98380026692859279	0.9916289682524726	0.75419171940689367	9.7304139698711314	19.906300020364903	184.4316722794409	9.5967113202966665	21.05090874554659	172.56468094482437	92.670000000000002	85.909999999999997	47.910000000000011	0.047829366921649234	0.068051988279041534
0.54000000000000004	0.092722240167378081	0.98460114744925176	0.99127056742876074	0.76024167064298442	9.4356989597175946	19.871403039534133	181.60925579486977	9.3703340246825224	20.960191196538961	169.68250377428524	92.569999999999993	86.099999999999994	48.869999999999997	0.046239736818517944	0.067132767426260523
0.56000000000000005	0.074496934399759379	0.98525129405284972	0.99125914865371845	0.75994163256175573	9.2780814277746888	19.420556835401648	179.29702015741719	9.2496595368902277	21.100185519721741	167.13397904420333	92.510000000000019	86.079999999999998	49.970000000000006	0.044757598728377881	0.066255853048453259
0.57999999999999996	0.039264598880314458	0.98559840324495129	0.99151013334617066	0.767369342573052	8.9971148758733896	19.248454482492441	175.75724483694012	8.8493777026319975	21.266063613124174	162.62723257144643	92.350000000000009	86.210000000000008	50.540000000000006	0.043372322842593208	0.065420417531265818
0.59999999999999998	0.0094540719511486907	0.98577028824808899	0.99150793445156538	0.77095526224234834	8.7295390012757395	18.982316910006141	175.10023951532338	8.5059513628338088	21.008917891764554	160.21158831227555	92.140000000000001	86.280000000000015	52.109999999999999	0.042074624801272206	0.064622673231327254
0.62	-0.080247370559680911	0.98609059698984358	0.9915261786420857	0.77026411348984225	8.7266528338579938	19.026495127911907	170.59690874510827	8.4615586421246807	20.797548078466669	156.61170864005112	92.13000000000001	86.499999999999986	53.359999999999999	0.04085681696856025	0.063856805383900622
0.64000000000000001	-0.13559700463955274	0.9865581748938842	0.99147864008146913	0.77386811034597858	8.8858271759147875	19.115103681229051	164.37686696454159	8.5307026167989122	20.668062949997299	152.69529272017803	92.329999999999998	86.740000000000009	53.609999999999999	0.039711521716969581	0.063122334975820413
0.66000000000000003	-0.1446371416055777	0.98686543180031772	0.99143257892902792	0.77526428410332326	8.8679254053451224	18.613372295750882	161.69060939825974	8.7043861708703005	20.398908603474386	147.87281765619983	92.410000000000011	86.560000000000016	54.299999999999997	0.038632256682879187	0.062422467529086187
0.68000000000000005	-0.20735837330412329	0.9871379636135853	0.99166280786390626	0.77789065167456339	8.719778101167158	18.516059486437992	159.87405436309174	8.5802982048953105	20.422912600507495	145.09776694952751	92.360000000000014	86.659999999999997	55.390000000000001	0.037613499896813535	0.061749417855716596
0.70000000000000007	-0.21165316425955175	0.98753519265283118	0.9916756695837563	0.77961513670393989	8.6467472987969636	18.363238829348823	157.07209784550318	8.4194233369805129	20.323344901678535	142.07978716576727	92.349999999999994	86.719999999999999	56.539999999999999	0.03665022633195323	0.061102347225566435
0.71999999999999997	-0.21487019812549515	0.987800316547917	0.99168548339735862	0.78421937472983427	8.4716982223301009	18.158214259252585	154.86666182022194	8.3381937868821119	20.160585288497671	140.00865162304001	92.280000000000001	86.710000000000008	57.379999999999995	0.035738027847730912	0.060480103551419584
0.73999999999999999	-0.20737190471937034	0.98800532070453373	0.99148471457822429	0.79064746861980562	8.5340840294013365	17.982144161677105	152.37599326999754	8.2463200825423488	20.095380773282905	138.78190022576678	92.379999999999995	86.719999999999999	58.109999999999999	0.034872979543408067	0.059885421080228443
0.76000000000000001	-0.22442588516387621	0.98810523951224627	0.9912110242686184	0.79524600740763973	8.1611092097415678	17.544697335697453	147.64258129775172	8.0967011829573536	20.049166871350401	133.07191158620711	92.079999999999998	86.5	58.460000000000001	0.034051519518711382	0.059315220969295292
0.78000000000000003	-0.22858459793426841	0.98818334949946873	0.99099136493272155	0.80057179536205825	8.1141158324168146	17.129526910314173	144.98099799716871	8.0391121996640074	19.53276047842288	129.52421873749304	92.090000000000003	86.219999999999999	59.13000000000001	0.033270116003890224	0.058763937613606168
0.80000000000000004	-0.22040417312343411	0.98823088662197467	0.99090362254777931	0.80590876205528272	7.9208280491193603	17.173100802553968	140.49211592869969	8.0015057971537473	19.412357436268273	125.78490027887285	91.969999999999999	86.289999999999992	59.679999999999993	0.032525986928119088	0.058226986142104066
0.82000000000000006	-0.21859350803023006	0.98819013666829303	0.99067969630031116	0.8070784769190702	7.7661543890115983	17.156400052267802	138.10287148600506	7.9452272101099499	19.415784094792592	124.07826160235989	91.879999999999995	86.340000000000003	60.61999999999999	0.031816682747777353	0.057707790465288497
0.83999999999999997	-0.21720595479711796	0.98818167158388504	0.99042987342926736	0.81107386270033577	7.6381429268018994	16.978188363943683	133.60474459164757	7.9834321631139122	19.212925548105304	120.12522300143669	91.799999999999997	86.260000000000005	61.120000000000005	0.031139796537340003	0.057206963679319899
0.85999999999999999	-0.20152927005512319	0.98821211017483923	0.99018147503436504	0.81556775577326746	7.6332644723857683	16.833936885037488	129.8104333545817	8.0050838790854932	18.788181557368084	115.83099719311659	91.860000000000028	86.170000000000002	61.859999999999999	0.030493006874441342	0.056722177181092084
0.88	-0.21677335880065088	0.98826461566438728	0.98980245026320701	0.81955955094322464	7.599241356923093	16.698918444239332	125.17842796535888	7.9631672623417185	18.31557089694914	111.9805686161196	91.909999999999997	86.099999999999994	62.819999999999993	0.029874261650451518	0.05625132041104771
0.90000000000000002	-0.20571743176492194	0.98828413486947064	0.98976529076121067	0.82392272873327932	7.4566916545358763	16.513820567249589	121.83396932497439	7.8635848061829279	17.866450977000721	109.47079829675178	91.819999999999993	86.009999999999991	63.820000000000007	0.029282071058893171	0.055793262787256756
0.92000000000000004	-0.21593263839095039	0.98817386982218414	0.98971919261652597	0.82510881682027626	7.5218622576842575	16.507358331512769	116.11316251378923	7.8302070080769806	17.483882587677524	106.98969389107401	91.909999999999997	86.069999999999993	63.909999999999989	0.028714642411511539	0.055351773602669671
0.94000000000000006	-0.20162242705961794	0.98816190827276373	0.98978090222123138	0.83039350126581635	7.4596001562968883	16.257248182685352	113.50530769596203	7.6679237987611799	17.218104466832592	103.56808783436846	91.830000000000013	85.909999999999997	64.700000000000003	0.028170320906803641	0.054922917494966528
0.95999999999999996	-0.2046570729734212	0.98810330721895956	0.9898340690703975	0.83221493831625482	7.3572856477054955	16.337059045864159	109.7025019920638	7.5477822425528132	17.067123931922932	99.494842468010887	91.77000000000001	86.060000000000002	64.939999999999998	0.02764795171938984	0.054501005984648132
0.97999999999999998	-0.20568764809478884	0.98807520834117568	0.98973026456023416	0.83442240168436166	7.2162358959811197	16.255956607552925	107.6677148265652	7.340057497794322	17.01608601285411	98.14251795923478	91.689999999999998	86.079999999999998	65.800000000000011	0.027146390188766401	0.05409157573262989
1.0	-0.1996014309663238	0.98796784681525884	0.98971514054725718	0.83487894753159808	7.0476794171937174	16.225944569069821	105.22791736263625	7.1773497238054436	16.891550568660389	95.81803020790008	91.539999999999992	86.11999999999999	66.570000000000007	0.026664060990728666	0.053696733011269759
1.02	-0.1961246520378343	0.98793097664574925	0.98963160207346323	0.84174852330294669	7.1257043643932692	16.219250867918785	102.66038033393632	7.0789181987374947	16.98938503222751	92.988760097114621	91.700000000000003	86.150000000000006	66.910000000000011	0.026199958150342956	0.053312970412980831
1.04	-0.20013318070714162	0.9877910686770367	0.98938471675987005	0.84329640416339335	6.9374353073733488	16.196239590925252	98.726850039195355	7.0247532468003753	17.185670111068042	89.222707480588426	91.5	86.209999999999994	66.890000000000001	0.025752815580202103	0.052935603015201838
1.0600000000000001	-0.19326746791709645	0.98746508316476866	0.9894608754151879	0.8400490845109807	6.7350032229505272	16.051509679700604	96.561189631127135	6.9375081512016692	17.046301009842072	86.04177593571093	91.290000000000006	86.120000000000005	67.349999999999994	0.025321847887938131	0.052567847672596757
1.0800000000000001	-0.18102751261272568	0.98722626557186854	0.98945243815912143	0.83394465371412019	6.7373677366605191	15.746655324666602	95.345381951697988	6.9475479208152562	16.543759431144927	84.123363031337732	91.390000000000015	85.88000000000001	68.319999999999993	0.024906327218424128	0.052208638438854274
1.1000000000000001	-0.17248717836502472	0.98725732937324229	0.98946256676442401	0.8336931332027715	6.6525307832675979	15.399714487519423	91.916261790650495	6.8276435524486887	16.030766461778192	81.038143985488318	91.290000000000006	85.640000000000015	68.02000000000001	0.024505768308786396	0.051859819775295635
1.1200000000000001	-0.16954184277574258	0.9872630413936323	0.98961772017139626	0.8393412847600914	6.5023131639175489	15.109371834994604	87.739970312079663	6.6657066940823055	15.642758492665006	78.394582047132957	91.099999999999994	85.460000000000008	68.269999999999982	0.024119247917377705	0.051522863667257578
1.1400000000000001	-0.17479633953159521	0.98727251225248835	0.98967645060628795	0.84266100427611712	6.5077335269920038	15.151441185640161	83.894232957109665	6.5758496012490353	15.514781069188107	77.304060021034871	91.159999999999997	85.579999999999998	68.86999999999999	0.023745964793124668	0.051193516166988008
1.1599999999999999	-0.15626481725541613	0.98741978611716585	0.98979990641597981	0.84349764309269959	6.3237258891923522	14.929566533543911	82.753491188960723	6.5148641461267953	15.533756226214942	77.413224091995716	90.86999999999999	85.450000000000003	69.549999999999997	0.02338551472025336	0.050871574704594677
1.1799999999999999	-0.148420601622789	0.9876295544158854	0.98961857565535172	0.8447727303664363	6.2306135415155115	14.731288634474902	82.309354702524814	6.4519458737445703	15.471282089101084	76.245339567081047	90.750000000000014	85.359999999999999	69.930000000000007	0.023036473337617352	0.050540944765414784
1.2	-0.16510269491253193	0.98751552416767385	0.98931817027599356	0.84693611387266576	6.2683495154619644	14.590434479633345	80.613108108147827	6.4444652570467911	15.254484804276638	74.878617421594655	90.830000000000013	85.249999999999986	69.820000000000007	0.02269883173703182	0.050216748565910171
1.22	-0.15213788741777329	0.98716229609776907	0.98917628053309892	0.8464981046104979	6.1114042869048619	14.334531866059411	78.578163685350958	6.367283166655012	15.054314563249616	71.522223886730927	90.650000000000006	84.939999999999998	69.830000000000013	0.022372199834849844	0.049901292563630351
1.24	-0.12401797345376542	0.98704493787549585	0.98898407595342008	0.84252858551675358	6.1328625475220848	14.207754527356281	76.811822523019799	6.1753721815669014	14.957454772123398	69.611788913429365	90.679999999999993	84.849999999999994	70.11999999999999	0.022055645625216846	0.049589086717261942
1.26	-0.13670192781188203	0.98692770432266097	0.9886631964815058	0.83537412010397638	6.040090369756534	14.166453341559912	74.604757910197407	5.9890416132869406	14.868192344510826	67.750691443277404	90.600000000000009	84.760000000000005	70.650000000000006	0.021749169498733182	0.049292806940342236
1.28	-0.10741526747916054	0.98675711496417906	0.98863991763038128	0.83353344066145918	5.8293895855944466	13.759771542996479	72.385402321734176	5.9693780318364649	14.658983265185807	66.029983021788183	90.359999999999985	84.390000000000001	70.980000000000004	0.021451392761331612	0.049002404606524823
1.3	-0.11064197418529274	0.98670982116747052	0.9885557163681129	0.83763689816674458	5.7955192509728706	13.691360930919178	70.672374391798272	5.8665692180058029	14.543733708524346	63.997378441526486	90.379999999999995	84.409999999999997	71.309999999999988	0.021162339770337091	0.048722895129491343
1.3200000000000001	-0.09893373077789952	0.98669902140952903	0.98858207318861879	0.83842453263853245	5.540403594994932	13.871611520637041	69.033607289029618	5.7511069221918332	14.325481962605707	62.540119450247616	89.989999999999995	84.559999999999988	71.099999999999994	0.020882010711611117	0.048447369377411821
1.3400000000000001	-0.0732600781764845	0.98657371033823882	0.98814547031896838	0.83652742885280629	5.4184963909607529	13.611048139647176	68.061847225320633	5.6683198600202944	14.121734676848201	60.462283660509669	89.789999999999992	84.340000000000003	71.240000000000009	0.020610012500099511	0.048172692347253632
1.3600000000000001	-0.073784173916418699	0.98654042535201414	0.98764030816171855	0.84215689774297764	5.4091494554096613	13.436798668813111	66.994735332868444	5.5474071915582588	14.152354744841682	59.189149429536791	89.700000000000017	84.200000000000003	71.239999999999995	0.020345217832989183	0.047867760743491687
1.3800000000000001	-0.044189436510787293	0.9864394292094435	0.98862756505973537	0.85034597161730974	5.3959664746115621	13.403103748945991	65.608652724820502	5.4259921347004427	13.871837953403167	57.409794003271259	89.659999999999997	84.120000000000005	71.200000000000003	0.020087841271377548	0.047559873355136159
1.4000000000000001	-0.0058937934731960956	0.98588194614999958	0.98748577615322719	0.8586329618288211	5.3384842033795739	13.390399942291925	61.860970627111421	5.3538214009015315	13.426948190122307	55.391732878323388	89.439999999999998	84.140000000000001	71.370000000000005	0.019838012912389607	0.047271697582805167
1.4199999999999999	-0.0027093488615333879	0.98481955126894083	0.98655708922733698	0.83675391358710915	5.3441633388721428	13.08737216273534	61.10563805980722	5.3479842231039552	13.2840666215649	55.218676692569943	89.419999999999987	83.739999999999995	71.239999999999995	0.019597170127516026	0.046993964521394503
1.4399999999999999	-0.010050664654259278	0.98430395736401244	0.9854992074831902	0.83254880715338531	5.1807154306402543	12.933709451352161	59.98668720958041	5.3084152134879758	12.926619507625432	54.455685672060063	89.150000000000006	83.659999999999997	71.72999999999999	0.019361946266254842	0.046737599349837504
1.46	-0.026229152954090156	0.98318028577284355	0.98569082856571799	0.85510592379814587	5.2066169596037541	12.839483503864006	56.998594233663333	5.2721346488421874	12.758134422053924	51.408541228950433	89.199999999999989	83.439999999999998	71.259999999999991	0.019131498279790011	0.046470108806057328
1.48	0.15398715252024114	0.98166753480500935	0.98237237014515277	0.85507943517521345	5.0469850385966266	12.920837943332714	56.048564772171616	5.1764296525550701	12.618232687668163	49.668967343589756	88.790000000000006	83.330000000000013	71.840000000000003	0.018905139313259683	0.046141539007960454
1.5	0.083507046803990029	0.98141213100104319	0.98390625801650877	0.84903427859987646	4.9702884442822048	12.835245768771312	56.218162561552631	5.0969395054944728	12.521550744299258	49.628847369656249	88.570000000000007	82.929999999999993	71.5	0.018687081775122443	0.045867998118247412
1.52	0.18179064058052305	0.97243492823040201	0.97479851086716773	0.81734144113112017	4.8773470426675196	12.837513328557108	54.336440851194411	4.9530798060282191	12.187201747439641	49.154866966097146	88.279999999999987	82.629999999999981	71.25	0.018471379608287774	0.045551016668772801
1.54	0.10964426063557407	0.97409172754094853	0.97698420736079306	0.81769533587317045	4.8439021603151877	12.452861039671896	52.928883411260244	4.8878397153295561	11.727224761674695	48.020686753954827	88.139999999999986	81.920000000000002	71.330000000000013	0.018264012299931673	0.045254989099871884
1.5600000000000001	0.2219184512600044	0.97642252801209772	0.97557331585739449	0.76328368452713014	4.8925503770166134	12.474977217461729	50.380790726289902	4.7978140680164483	11.513128377469055	44.994760850835682	88.210000000000008	81.530000000000001	71.860000000000014	0.018062375753465552	0.044959914027908485
1.5800000000000001	0.16449071918015434	0.97298718418124608	0.97356621130167864	0.80142720520632849	4.7377023051009157	12.575916479138812	49.929153534685554	4.8024726250708998	11.819718182433153	44.883259030693033	87.86999999999999	81.799999999999983	71.490000000000009	0.017863430389063996	0.044661990963203599
1.6000000000000001	0.19480258743756748	0.96960623551821712	0.96815162333857852	0.78086431461876105	4.6944531801437321	12.300043213677132	49.155844442786986	4.6770826196755078	11.576181913878919	43.836762611945169	87.710000000000008	80.97999999999999	71.320000000000007	0.017669445274331057	0.044330683210639668
1.6200000000000001	0.36247576374050011	0.97213774988887702	0.97005967706818264	0.77748108922781101	4.6770590200042133	12.201132933531014	49.182669969460754	4.5712229344123774	11.387596290005851	44.07580084616184	87.699999999999989	80.730000000000004	71.090000000000003	0.017481041487904043	0.043992023721060251
1.6400000000000001	0.5739532464724536	0.97592301903771228	0.96275857089047301	0.75865133678221874	4.5810782280643076	11.94520452982	50.362295105671954	4.4983542780975068	10.95092699559407	44.545277957301515	87.359999999999999	80.579999999999984	70.859999999999999	0.017294573973188232	0.043678645948670297
1.6600000000000001	0.45272417865445497	0.97150946752972211	0.9632315922396808	0.75550929453463689	4.4593991274819622	12.176609759013184	47.755468569842947	4.4491054274234241	10.893976430808511	42.878982302204051	86.950000000000003	80.450000000000003	71.210000000000008	0.017113028319872235	0.043449270829483452
1.6799999999999999	0.84969393154713768	0.96881782360127866	0.94824765555048762	0.70946740661381824	4.4485127465301044	12.144204354477498	47.537562249361557	4.4187728882058259	11.243124961812928	43.059849983565968	86.88000000000001	80.409999999999997	70.469999999999999	0.016935931606234342	0.043102524081684045
1.7	0.53645280994671529	0.96725876112622955	0.94724144267217658	0.71798482950298426	4.3598537334520691	12.055999160671192	49.493633676160343	4.3827249757183688	11.364586363133812	41.962184924543926	86.63000000000001	79.929999999999993	71.150000000000006	0.016760519525067314	0.042729016519094207
1.72	1.1788231414684618	0.9477117526170179	0.92817015361305055	0.65764968888251163	4.2608366262454034	12.173740528572147	50.515219959765943	4.4016428822705969	11.131339883671973	44.098167962908278	86.200000000000017	79.819999999999993	70.36999999999999	0.016589458032698918	0.042363462968735957
1.74	0.53840423745218502	0.95332543709850537	0.92910822121768422	0.63545779035900485	4.3144328760826287	11.950450153296611	50.701346522148242	4.2882020620749843	11.061041801439037	44.647321696857219	86.239999999999995	79.149999999999991	69.640000000000001	0.016429228913652609	0.042192482641756721
1.76	0.8136900739602797	0.95069144609519918	0.93273290942303044	0.60659916425398719	4.2640277292536677	12.089222684001573	50.129607086611728	4.2328922357467347	11.151726168595395	44.709345281441571	86.109999999999985	79.25	70.339999999999989	0.016269427956093631	0.041883200621103796
1.78	1.4404041731732065	0.95465151615451727	0.93185947475381581	0.64770989174517146	4.164587081239655	11.94926693250612	48.779930070192783	3.9708270597023043	10.950307951805556	42.858828114498827	85.419999999999987	78.650000000000006	69.530000000000001	0.016109555766226691	0.041764294711077607
1.8	1.0206440986541516	0.94858927410611338	0.91494399382416991	0.654816155531462	4.0903552313410421	12.055455712285987	48.246709866082298	4.1157186909079151	11.163149121082812	42.009375930205337	85.269999999999996	78.379999999999995	69.570000000000007	0.015956161245248589	0.041335612638632439
1.8200000000000001	1.2038547891889966	0.94223502726967667	0.91082847652303633	0.62551312258214598	4.0734602636680899	11.992932007382601	47.746159974155766	3.9246931813931085	11.10129714413508	43.85631275508122	85.109999999999999	78.400000000000006	69.52000000000001	0.015802187821802777	0.040906158068187357
1.8400000000000001	0.80167557694037783	0.9427383218618266	0.90139641777740942	0.64703519873307935	3.9979415414352273	11.612749370184069	46.607005481580259	3.8034170064304602	10.513398164447979	40.591265818411593	84.660000000000011	78.130000000000024	69.090000000000003	0.015661614484515276	0.040788462494566226
1.8600000000000001	1.2724681751213118	0.93751415747892908	0.89821749245758775	0.62075968046846641	4.0649903887906307	12.084337783441468	49.526329361038606	3.8918586656786891	11.186641999757924	44.872261618810725	84.840000000000003	77.52000000000001	69.099999999999994	0.015510664510729081	0.040421659604169061
1.8800000000000001	1.2972700033653897	0.920957123740207	0.86890964753164113	0.59299244031461673	4.0630028563675342	11.947938377113491	47.811802881046347	3.7637146997493303	10.528907405518	42.922636114221589	84.77000000000001	77.679999999999993	69.189999999999998	0.015369200153556297	0.040007147380762872
1.9000000000000001	1.0755516404115784	0.92652445089663471	0.86770565697035251	0.57976596617545639	4.0294935415372306	11.942109760911777	45.967025838733754	3.7436179421759652	10.832033272033355	41.011433764194756	84.359999999999999	77.350000000000009	69.340000000000003	0.015237559199146173	0.039848401701666487
1.9199999999999999	1.2611364799715037	0.92328331186698287	0.87157891417525168	0.51615863521989136	3.9503724163256684	12.14762330373709	47.924496314716599	3.7270277599392805	11.356027940136556	43.41643014654283	84.299999999999997	76.890000000000015	68.590000000000003	0.015094381434745448	0.039480828567995681
1.9399999999999999	1.8011383806924592	0.90875781486595597	0.85811298113750678	0.47687337432483828	3.9818510719989826	12.058510207505099	47.907427251505084	3.7881868349693	11.047051065121893	43.410259131758778	84.239999999999981	76.260000000000005	68.590000000000003	0.014964751213734778	0.039255046760233142
1.96	1.214201424068285	0.91698307937508139	0.87609120591199274	0.50482607961700232	3.8672985662453896	11.962461295304514	45.089583041002413	3.6594827681576687	10.576416307189778	42.349387070359924	83.929999999999978	76.760000000000005	68.980000000000004	0.014828390349213261	0.038695470056594489
1.98	1.5899677242049628	0.90466936209017224	0.84081806576874174	0.43136445911836185	3.9248290742650327	12.320570655984522	45.774609662453528	3.6715310988736376	11.239197468951946	43.035555751903154	83.569999999999993	76.000000000000014	68.590000000000003	0.014705459785956235	0.038420257620151721
2.0	1.6818430931083499	0.89775962694420353	0.82930363243538885	0.4775299050443168	3.8652569884413395	12.261377276807073	45.639014210392773	3.6563568332987848	11.3320277315075	42.156502030514524	83.340000000000003	76.039999999999992	67.830000000000013	0.014574310930481726	0.038008412388599165
2.02	1.530340134944675	0.84102843434789532	0.7969639552461657	0.42264853299262867	3.8054593884510672	12.253564259136608	44.367220127491002	3.5768432150265994	11.153371580074097	41.1644848130653	82.849999999999994	75.609999999999999	67.849999999999994	0.014450732860158392	0.037263711165177495
2.04	1.8533037557341698	0.87186905208902432	0.83749536357767729	0.4339755225384459	3.7878803440086939	12.304050211722307	41.453223779676343	3.6405747544459173	11.056149506251597	37.373888281255958	83.100000000000009	75.749999999999986	68.099999999999994	0.014331508653918922	0.037382695254446173
2.0600000000000001	1.6483900540114569	0.89417231320205048	0.82383248413574139	0.41739554097544068	3.8575266097180525	12.638489752273419	40.766613347638774	3.4141642739547926	11.337648937718118	36.620366317358112	82.440000000000012	75.080000000000013	67.710000000000008	0.014223031781765033	0.037336546840531198
2.0800000000000001	1.7109036096701051	0.87198695738492926	0.8203268510275239	0.41772263750808392	3.84587154072016	12.083419814044809	40.501971525428829	3.4767270295126962	10.751744715701959	36.725822471901601	82.22999999999999	74.709999999999994	66.919999999999987	0.0140963503730868	0.036509156622346862
2.1000000000000001	2.2123457789725247	0.85763476339891087	0.81262554848964363	0.44976060726319328	3.8945066449184935	12.279533030576207	40.750584086846331	3.6395558427859482	11.50665131033951	37.859932462572793	81.989999999999995	74.47999999999999	66.870000000000005	0.01398009874207661	0.036434428773859301
2.1200000000000001	1.8575347350489089	0.80329583352876877	0.73654762971296017	0.36354572783151035	3.8153023852396926	12.819174054691192	48.558029520610134	3.3961673228490539	11.525316301439904	45.539906878015799	81.5	73.659999999999997	65.780000000000001	0.013864039111388417	0.035580506221181904
2.1400000000000001	2.2227242042032618	0.82276252270586847	0.77533725313620538	0.37779389716704614	3.8333025821331774	12.401475146761362	40.659191039794578	3.4408155892383343	11.456417731359151	38.072557202991959	81.439999999999998	73.870000000000019	66.890000000000015	0.013762102585651267	0.035239633325825262
2.1600000000000001	1.7463309865148846	0.82367546371002032	0.73382173567435127	0.39674985114056527	3.772486092079494	12.141114727637254	36.346782627301515	3.4736440342455177	11.198141610643916	35.675810820105326	80.950000000000003	73.140000000000001	66.650000000000006	0.013651229616238922	0.035126889525292894
2.1800000000000002	2.331099425979517	0.82522912625152733	0.79021631133965164	0.33147612743288157	3.8256361373553913	12.128243074984686	37.372033533210185	3.4026487879114526	11.333538292859085	34.259026973781324	80.549999999999997	73.200000000000017	66.230000000000004	0.013540605568811407	0.034852252528399866
2.2000000000000002	2.3106207695553826	0.82054348661832166	0.71702908250539255	0.30161229369462184	3.7269492866735754	11.964864890375162	36.294023153891601	3.3929213346563527	11.023997454234426	34.214941316238523	81.200000000000003	73.840000000000003	67.049999999999997	0.013448765684653547	0.034942422867934045
2.2200000000000002	2.0806432714382814	0.80775510038668341	0.72886587928388447	0.31416508530715709	3.7962863719245741	12.437465971355486	38.116243130554111	3.3565116547795339	11.845475102107795	35.527781064389742	80.809999999999988	72.989999999999995	65.560000000000016	0.013340598976724415	0.034458694578341553
2.2400000000000002	2.4241280872237665	0.81355915233389653	0.71792700819185806	0.37806521699230849	3.8066279947305177	12.529520789512087	36.03656482972567	3.3993903800933118	11.408321979287582	33.170719465105797	80.259999999999991	72.639999999999986	65.670000000000002	0.01325027496257751	0.034197537381367771
2.2600000000000002	2.0511737806480941	0.78693312314722053	0.70570944595244911	0.31525297364194249	3.8402442597482134	12.064700343252204	34.829461057968679	3.3114168699696913	11.376022399140926	32.859942347586461	80.040000000000006	72.259999999999991	65.530000000000001	0.013140093182911572	0.033583833838347808
2.2800000000000002	2.2575069049449414	0.80330611218985182	0.69779895800748926	0.2925692473003646	3.8542303323595108	12.042845633925973	37.296490740475235	3.3345297020671794	11.162885694590248	35.359903788561425	80.010000000000019	72.86999999999999	65.469999999999999	0.013050727613202884	0.033362404769074767
2.3000000000000003	2.1523318841571832	0.74947847460271788	0.66184283150071066	0.32205923004666026	3.7742064732867946	11.967351579585376	35.524324294816438	3.4755899400569072	10.815878051384811	33.484813989759587	79.829999999999998	72.140000000000001	65.370000000000005	0.012957225057974534	0.032942856769475462
2.3199999999999998	2.533194166216505	0.78868917500374935	0.70414586034046389	0.34175991160457736	3.8347641003712369	11.812199244709973	33.498392401602111	3.4202166217814849	10.723117229087915	31.986127902988056	79.549999999999997	72.039999999999992	65.359999999999985	0.01287117018791672	0.032688603695670768
2.3399999999999999	2.473749648098936	0.75171861199967005	0.6701374728500531	0.27337533976771883	3.8149664008330562	12.0434016588231	34.57969878122411	3.3583854195798812	11.000265231189912	32.336595326034562	79.080000000000013	71.969999999999999	64.830000000000013	0.012764437970455978	0.032225795450008893
2.3599999999999999	3.0152265807728078	0.756102863004812	0.65821136732801944	0.26652773037085742	3.8574043374951139	11.876838806337407	32.79793818309777	3.429988325831355	10.622641323723517	31.966249171085042	79.430000000000007	71.719999999999999	64.510000000000005	0.012673205936269638	0.031462873860570513
2.3799999999999999	2.7691410663969105	0.72796460049797296	0.6132460482726998	0.23264120685332132	3.9219956572316148	12.186144929114935	34.604508850731733	3.3417303353323846	11.132952820937037	33.05515852328174	79.430000000000007	70.799999999999983	64.390000000000015	0.012589989828335951	0.031450446952930949
2.3999999999999999	2.933714269231178	0.7645474651491424	0.60910779696477757	0.21025537301334962	3.8701320920000328	12.661538165195687	33.575014975263187	3.4488852909036161	11.817874682605758	33.872486843713453	78.570000000000007	71.329999999999998	64.489999999999995	0.012502680339779689	0.031782474812022177
2.4199999999999999	3.3733821933748578	0.71606985074261653	0.62387450831324398	0.26503334921129479	3.8452390347152727	12.301440184830671	34.131918514622122	3.5294160086395729	11.501444735053306	32.321733449447969	78.969999999999999	70.879999999999981	64.13000000000001	0.012410656692144117	0.031244107064735533
2.4399999999999999	3.0764228657355934	0.72022431246044527	0.59656926497288754	0.25153324093238366	3.8685722188946974	12.680223684651484	35.888269393760503	3.3868902888142975	11.652056240695917	34.270073502619205	78.179999999999993	70.539999999999992	63.649999999999999	0.0123313344521812	0.030939004517877074
2.46	3.5066862827057466	0.73978280360507176	0.56461666030295099	0.26325898708457629	3.9909411839673874	12.400476165557851	33.169184925845329	3.4701513419265533	11.504639566590896	32.300921701921162	78.320000000000007	70.820000000000007	64.109999999999985	0.012255841284064973	0.030999373002002624
2.48	3.0292736760691157	0.68216593952083804	0.55752989981450374	0.2439496574460156	4.0541346392132676	12.07893221563125	31.838065256180794	3.5141569329641924	11.444435688772788	30.416394374977962	78.189999999999998	70.659999999999997	63.739999999999995	0.0121649762946401	0.030016753317073624
2.5	3.1089771367508421	0.68469923845872827	0.53570234888387147	0.2286302323578521	4.0780591095859897	12.231729857004042	31.451398031864386	3.5282739258861211	11.283140856303252	31.083741724509242	78.139999999999986	70.539999999999992	64.189999999999998	0.012089191473022971	0.030759162813972663
2.52	3.2723998254167368	0.68759585448032401	0.57493465838844438	0.23640699138538959	3.9822525642896656	12.711907598975815	32.158717140014929	3.5451322093304731	11.728380359034441	31.008885910970314	78.13000000000001	69.77000000000001	63.109999999999999	0.01203891876795685	0.030786613908362005
2.54	3.4858858154783245	0.67535486491125574	0.56543318519512042	0.18784488699291307	4.0272146676629657	12.55436544284346	32.52304553185084	3.4935331467940145	11.484457216949393	30.766603572569569	77.52000000000001	69.840000000000003	63.129999999999995	0.011925478421307253	0.029326738360409978
2.5600000000000001	3.438602350132367	0.67020846307874049	0.56567072088888559	0.23076088349802851	3.9470712337876916	12.208287615976287	32.593445452471251	3.3171464081571074	11.431197275669643	31.674111144085181	77.430000000000007	69.509999999999991	62.86999999999999	0.011863581577226121	0.029965878926619192
2.5800000000000001	3.2636582882150242	0.65834386250384702	0.51668274394721581	0.19507679380564502	3.9339119843452943	12.157758536545332	29.817995060291093	3.4118648270295564	11.070735458234944	28.503341469671181	77.400000000000006	69.519999999999996	63.359999999999992	0.011767210278286977	0.028968207123443744
2.6000000000000001	4.4236409065414497	0.69032817261480872	0.54319773966550855	0.16825968688008108	4.0484870683854322	12.374294269629139	30.253598557850797	3.4968699812144095	11.622255467360272	28.952666620560571	76.919999999999987	69.079999999999998	63.260000000000005	0.011744324194413763	0.030322267984625402
