weight	lyapunov	err1	err2	err3	m1	m2	m3	std1	std2	std3	null1	null2	null3	f	stdf
0.0	nan	0.74078896041983233	0.12391124338170897	0.02091419889914187	12.052894294076429	18.036381482781362	16.075395350044445	20.284741233988058	33.547685850236761	29.22984654641321	99.36999999999999	99.36999999999999	99.36999999999999	0.99884701132357456	0.1014820053973888
0.02	-1.1584416012685974	0.93740330571428654	0.23410335311563868	0.016909673624523603	18.248622155184076	32.237578629484936	17.852096211236983	17.309110602503715	29.928433862072172	17.635634227897533	89.0	76.170000000000016	90.530000000000001	0.97253828202580372	0.10148222704667839
0.040000000000000001	-0.18997366608994135	0.94085079005686245	0.23518980438053122	0.016879621376263757	14.010494986959642	25.339843760064753	15.026974606144652	13.657265402101169	23.690110912108651	14.565258523466587	92.259999999999991	83.259999999999991	83.030000000000001	0.94757928065281549	0.10148259379328632
0.059999999999999998	-0.14345065867080894	0.9429362054538224	0.23615500146003238	0.017444131487087115	11.803373566931731	22.321186253166339	15.492310795972363	11.636907008816177	21.211867725395383	14.289741130815591	92.929999999999993	85.969999999999999	72.280000000000001	0.92386873304606854	0.10148310562404894
0.080000000000000002	-0.11197271901304715	0.94622990965328879	0.23671554929918739	0.018068828258504616	10.695792084184564	19.309086179642783	17.541173871743482	10.366595830718262	18.910754988536613	15.202303624443237	92.560000000000002	86.750000000000014	65.030000000000001	0.90131525015062075	0.1014837624662869
0.10000000000000001	-0.091328389116061517	0.95033010158677678	0.23709220720857407	0.01932777965724479	10.633071112734545	17.310062784006654	26.186389543343132	9.9239189977554592	17.196869176776762	21.545709316288431	92.319999999999993	84.740000000000009	64.450000000000003	0.87983614932625831	0.10148456421860434
0.12	-0.087093683932048943	0.95463470546687224	0.23735314726310941	0.021219206516492981	11.618685994784812	16.402908444650954	36.997707711022102	10.629496948605491	16.218321593885811	31.247399765654386	92.560000000000002	83.950000000000003	64.890000000000001	0.85935644217576557	0.10148551106850019
0.14000000000000001	-0.067475641579851156	0.95818092860871307	0.23756593147616675	0.023673514587996446	12.923251164174598	15.910835801442724	45.438288756893044	11.593390506833732	16.042515427904334	38.130375890193967	93.239999999999995	83.129999999999995	62.310000000000002	0.83980795868865632	0.10148660251816058
0.16	-0.066076427736072474	0.96070760193901994	0.23776215266031392	0.026190564403750921	13.210120817330653	15.582156470229927	49.312585895269379	12.073098208424629	15.825826603628887	41.223048301706662	93.600000000000009	81.100000000000009	59.279999999999994	0.82112859306235664	0.10148783850557527
0.17999999999999999	-0.056409646013819502	0.96221945341093829	0.23808323140995108	0.028508963579818573	13.117471761558884	14.904529410294831	50.020500065971142	12.213342998328633	15.51117349533528	42.198146150480021	93.97999999999999	77.859999999999985	55.560000000000016	0.80326163775663739	0.10148921849122763
0.20000000000000001	-0.05055163472351884	0.96310767382425111	0.23850507317834041	0.030612620338453356	13.066125008147676	14.571336259194563	49.959950688250082	12.276442118150868	15.451569438220663	42.939207338576395	94.460000000000008	74.679999999999993	51.180000000000007	0.78615521281236767	0.1014907413247645
0.22	-0.05800681546016391	0.96363312808071788	0.23891752261406674	0.032544492394676848	12.943860233745301	14.778035452694388	51.751555054482481	12.24265917893106	15.617999755285663	44.271839963642947	94.879999999999995	72.890000000000015	48.869999999999997	0.76976176977150834	0.10149240697921842
0.23999999999999999	-0.06768906677234246	0.9639513865453605	0.2392768350496132	0.034367210747600616	12.934752061830846	14.780802927094305	54.658095160261929	12.176364677368419	15.943731603340783	46.472358424393811	95.340000000000003	72.030000000000001	48.160000000000004	0.75403763626048248	0.10149421523622922
0.26000000000000001	-0.08158349136544267	0.96414315580320609	0.23960862007181011	0.036254280012795334	13.017093914064322	14.984644270888666	58.170060615160743	11.987684325731417	15.988196772383869	49.21669063605087	95.769999999999996	71.629999999999995	48.209999999999994	0.73894263538394889	0.10149616648565271
0.28000000000000003	-0.079670593193489167	0.96425347285562713	0.24006961758498385	0.038484538320632838	12.809249802870372	15.298432020902023	61.924212848497383	11.822231250467871	16.136334888716277	52.013274404549669	96.099999999999994	71.759999999999991	47.839999999999996	0.72443974054945992	0.10149826092337477
0.29999999999999999	-0.058535676261072707	0.96432029706195832	0.24045389696112579	0.041302685736084983	12.665137802625846	15.921086270658567	66.280789371986742	11.606832921065969	16.601431967227263	55.739800479550468	96.390000000000001	70.909999999999997	46.749999999999993	0.71049476975873194	0.10150049748679539
0.32000000000000001	-0.058116983736133519	0.96437455202209121	0.24091353495087273	0.04462841150999463	12.320986094582628	17.069090453106782	71.863221470241058	11.352971028796077	17.917075690204094	61.223244157816033	96.569999999999993	69.950000000000017	45.570000000000007	0.69707612567204724	0.10150287543508681
0.34000000000000002	-0.052636562693196082	0.9644278637873922	0.24198933709222697	0.047682354119448912	12.00025290516103	18.784996216824599	76.774813011982303	11.233223847283131	19.681091377352395	67.233270732775495	96.749999999999986	68.679999999999993	44.019999999999996	0.68415455754368515	0.10150539510415764
0.35999999999999999	-0.053900877271528931	0.96450516979709189	0.24331431371811657	0.049414783250096288	11.983060201702205	20.786137036399452	80.946437500550104	11.335802323437202	21.838889564741059	72.574101326776329	96.990000000000009	67.460000000000008	42.359999999999999	0.67170294473185732	0.1015080568947889
0.38	-0.057156673587204068	0.96459790142106527	0.24407187362041141	0.048213169397580233	11.506108441725836	22.676819742135208	83.734908404808593	11.425888951460067	23.830430078398244	76.184984970433419	97.030000000000001	66.709999999999994	40.390000000000001	0.65969609687165165	0.10151086118785364
0.40000000000000002	-0.048635924759279685	0.96471541491346646	0.24385627853312433	0.045918995161909219	10.892626941665608	24.165787516729971	86.039184194509176	11.468045527508611	25.583950686206421	78.868763597004104	97.010000000000005	66.620000000000005	38.519999999999996	0.64811059440298613	0.101513808529664
0.41999999999999998	-0.045267372352922018	0.96484805413508146	0.24272438128870993	0.045287141456727367	11.149286803043623	25.031434711603655	88.902345111390304	11.448611697426337	27.100779108971143	80.926751905501675	97.169999999999987	67.019999999999996	37.349999999999994	0.63692462913916237	0.10151689778074299
0.44	-0.044532354674854009	0.96500432893831312	0.24098397213920353	0.044959118378735854	10.629535117791061	26.045291218253588	91.294276050888669	11.487282029237626	28.293949794491557	83.068499291599437	97.11999999999999	68.370000000000019	36.020000000000003	0.62611787365258686	0.10152013000273581
0.46000000000000002	-0.048574736005258218	0.96517988197016324	0.23897593670014849	0.044591861130094189	10.405563224105666	26.084336904815398	94.10182178876488	11.561018176478999	28.813778518372168	85.074680715771109	97.109999999999985	68.650000000000006	35.189999999999998	0.61567135214857549	0.10152350300220307
0.47999999999999998	-0.06201379799597203	0.96533566167656293	0.23688226704522286	0.044248003965339441	10.248775319268542	26.467167471294022	97.2438113806069	11.540181056595531	29.203594708406126	87.320611371436399	97.140000000000001	69.140000000000001	34.359999999999999	0.60556732922617962	0.10152701652849964
0.5	-0.039321300432126463	0.96548203082236894	0.23494179160327247	0.044020659086133132	9.9597360409583988	26.715175292127462	101.04832089667491	11.359759814897478	29.359496336700335	90.091282669894085	97.11999999999999	68.760000000000005	33.679999999999993	0.59578922490177466	0.10153067093692023
0.52000000000000002	-0.047199970660045394	0.96561887069594188	0.23279316456006954	0.043342612708824488	9.8875737259915155	28.762044953693881	104.35946217309936	11.301352868704921	31.272884858511496	93.563067409308161	97.190000000000012	68.5	32.239999999999995	0.58632149970103509	0.10153446372900228
0.54000000000000004	-0.05318696625411861	0.96574729918135538	0.2303927852332964	0.042063306613747971	9.711981137366994	30.731335815736713	108.68474783433888	11.197248715844726	33.623836480301598	97.675364448405816	97.210000000000008	68.189999999999998	31.119999999999997	0.57714960155759498	0.10153839532615941
0.56000000000000005	-0.045420200327837126	0.96587642201206292	0.22752370513684927	0.040510736902812219	9.4102660719472961	32.496639541251639	113.41161828234665	11.063279237716184	35.373517834974137	101.68302397645071	97.210000000000008	67.860000000000014	29.909999999999997	0.56825985523558142	0.10154246221435552
0.57999999999999996	-0.052900461322619538	0.96600419746771349	0.22463188366449685	0.038917104153108104	9.167080745822771	33.481828571293079	117.7347180409769	10.942014491748115	36.07142565613978	105.34511165210783	97.219999999999999	67.219999999999999	28.709999999999997	0.55963942733581962	0.10154666036539217
0.59999999999999998	-0.030204955747640858	0.96611559212671705	0.21998747241635455	0.038330875668282222	9.1420932891105124	34.27916761605421	121.57836061735709	10.742897146482385	36.61053340818475	109.02771767184291	97.27000000000001	66.210000000000008	27.420000000000005	0.55127625907489752	0.10155099459858016
0.62	-0.040821507641025032	0.9662239463201443	0.21414979293216932	0.038742064275064311	8.9984080779873423	35.331169785232845	124.98050017514541	10.616501394317272	37.880830989765776	112.3777097938907	97.319999999999993	65.02000000000001	26.410000000000004	0.54315897797445378	0.10155546675111582
0.64000000000000001	-0.057347137522661469	0.96631238327745417	0.2084920916706583	0.03913044016758653	8.6308272520841225	36.45009199023545	127.98396886675327	10.427449964255608	39.458095327359409	115.67995048967057	97.299999999999997	63.900000000000013	25.529999999999998	0.53527689070253359	0.1015600743954775
0.66000000000000003	-0.060367699430396042	0.96638032636867366	0.20368808801886132	0.038800728901008483	8.4141974637263193	37.373273261410915	130.78111037351488	10.300781595508521	40.6691364388506	118.72902459452462	97.310000000000002	63.109999999999992	24.860000000000003	0.52761989658249953	0.10156481445274616
0.68000000000000005	-0.076777894374947794	0.96643280323188563	0.20030591693461117	0.037623707237687307	8.5663415702235799	38.214575564644655	133.39364393573982	10.154320631644032	41.50598082544429	121.48947718122409	97.400000000000006	61.469999999999992	24.210000000000001	0.5201784714288562	0.10156969088298484
0.70000000000000007	-0.042921038903958764	0.96643484554105186	0.19724094630972375	0.035866923246485036	8.3480153016742271	40.068856192750744	135.78914979364157	9.9407666150718725	43.089540889470548	124.10132601399502	97.409999999999997	60.289999999999999	23.84	0.51294361326309701	0.10157470251852645
0.71999999999999997	-0.061501286779537506	0.96638973934828631	0.19422745369398825	0.034060625295823807	8.0134479921783619	41.16644551389119	136.62671884062331	9.6853151715144019	44.89818359481734	126.26388082257726	97.349999999999994	58.520000000000003	23.280000000000005	0.50590681504299884	0.10157984465464329
0.73999999999999999	-0.058703188346827286	0.96633238685989187	0.19253939730972852	0.032929011085695861	7.9549895940521038	42.882176987996175	137.15718913806916	9.5220031339566269	46.626049295940632	127.6531678407745	97.36999999999999	57.609999999999999	23.109999999999999	0.49906003520466247	0.10158511435121845
0.76000000000000001	-0.031842384006609062	0.96626660760192407	0.19143066355989222	0.032585601930308988	7.6640305076532425	44.289653430024551	137.64106199500344	9.3811403400275832	47.927280146236768	128.16608213940239	97.319999999999993	56.939999999999998	22.789999999999999	0.49239565810640878	0.10159051461074413
0.78000000000000003	-0.0073252290040389974	0.96619864588774396	0.19150151335385751	0.033119106670273665	7.2873338543852269	45.742544939161718	138.72542128482178	9.2069672743779325	49.035139870005011	128.97695859250311	97.249999999999986	56.509999999999991	22.430000000000003	0.48590646584860975	0.10159604053954374
0.80000000000000004	-0.026814341719459948	0.96611284802575947	0.19204354806022589	0.034307601218894992	7.3142311455014575	46.4898109097429	140.03543618802365	9.0636051108629978	50.144264921307197	130.4276636488612	97.289999999999992	55.270000000000003	21.710000000000001	0.47958561168211677	0.10160167870185859
0.82000000000000006	-0.007867017665275769	0.96604200022019471	0.19220893539724473	0.036043811840104703	7.4653660119926641	47.477672974744941	141.67609388195427	8.9802097325321668	51.067062829420976	132.56727951547234	97.379999999999981	53.780000000000008	20.560000000000002	0.47342660961102245	0.10160742566630346
0.83999999999999997	-0.025354883842050993	0.96597567942778984	0.19196108889960697	0.038465459048745237	7.2282519106210277	48.96971912665181	144.5098369184698	8.7184625226770613	51.933728117752665	135.28210516535739	97.310000000000002	52.189999999999998	20.050000000000004	0.46742328456513704	0.10161327286636768
0.85999999999999999	-0.0046256226938655139	0.96590012439640327	0.19018476919999938	0.041001722424630335	7.1865372449988882	50.856752487877941	147.15841371356393	8.5439270484336198	53.015036360433484	138.47424269873963	97.320000000000007	50.589999999999996	19.109999999999999	0.46156977147110501	0.1016192170066362
0.88	0.00063071205344573662	0.96581793648318293	0.18620129250088394	0.042856831466030129	7.1801063397805196	52.416778291735284	149.38170643330386	8.344942876015832	54.567678640219654	142.34845431032139	97.340000000000003	48.5	18.010000000000002	0.45586051923646165	0.10162524685288396
0.90000000000000002	-0.013772001591329873	0.96574654599555709	0.17920401333464386	0.043770269969279532	7.2034608119381032	54.16170602650476	152.12028064490437	8.1320889344458802	56.240772657803575	146.17265402030282	97.360000000000014	46.909999999999997	17.119999999999997	0.45029023533969176	0.10163136027615458
0.92000000000000004	-0.010513906933076146	0.96570093387270484	0.17026230620312108	0.044369959784647604	6.7447267703451974	55.44639129941195	154.88856171127387	7.8558918225638861	57.964139433905665	150.19685616186803	97.259999999999991	45.109999999999999	16.229999999999997	0.44485387491600631	0.10163755509077674
0.94000000000000006	0.046044508948997954	0.96564193421007172	0.16061883831386106	0.045280142973987622	6.5655563963199004	57.276420297829361	158.08131240565154	7.5624411355169938	59.542182248588531	153.96299365197066	97.200000000000003	44.069999999999993	15.680000000000001	0.43954664610582056	0.10164381320207982
0.95999999999999996	0.00036676118346536736	0.96553502873551389	0.15150332111475459	0.046636531775452322	6.2579939825517421	58.756993205760104	160.82123751712621	7.2319151709188745	60.875036798487088	157.20902210085765	97.049999999999983	42.829999999999998	15.290000000000001	0.43436395760277763	0.10165012890751619
0.97999999999999998	-0.014091626182709382	0.96535804875147768	0.14358939404808929	0.048280419933514965	6.0067962644085231	59.671918237359954	161.89781457251908	7.0930328359653529	61.936035293788237	159.53174258806811	96.919999999999987	41.240000000000002	14.619999999999999	0.42930145000307374	0.10165649173867738
1.0	-0.0025721447762044338	0.96505149906741061	0.13729859723992238	0.050236052778993456	5.9448036275434237	60.739934374949506	162.13422135066597	7.0389129341857011	62.810862229634814	161.10703282574249	96.830000000000013	40.149999999999991	14.059999999999999	0.42435494235125626	0.10166286906588722
1.02	-0.019046096845421127	0.96477282752442028	0.13213906609234918	0.05196898150803414	5.905403378241644	62.21015943922513	162.45190090287591	6.9672216277030588	63.885181857210014	162.06575524009011	96.77000000000001	39.810000000000009	13.890000000000001	0.41952043501656922	0.10166924511991864
1.04	0.027082050789463716	0.96444145413096227	0.12757821948593567	0.053232197649297652	6.1305010216772686	62.816880845376922	161.49220069370068	6.9139914184261979	64.90916938998518	161.70377608220716	96.810000000000002	38.979999999999997	13.5	0.41479409761322883	0.10167559755856515
1.0600000000000001	0.037009449631444064	0.96408142888866366	0.12395837103422287	0.054552005608791844	6.0878131384374008	62.54592413771509	159.70347234213759	6.8863466522464707	65.185241325868191	159.82439336734691	96.749999999999986	37.649999999999999	12.989999999999998	0.41017230008596728	0.10168191811636233
1.0800000000000001	0.036825740383473929	0.96368750207257903	0.12076792588929434	0.055408016250618294	5.9077009452197959	62.462989651772446	158.53822785652602	6.759130270993138	65.525152999092768	158.05785704824598	96.580000000000013	36.380000000000003	12.74	0.405651559269541	0.10168816621680983
1.1000000000000001	0.044665078216585261	0.96332543978958096	0.11741195624830895	0.054054049313646234	5.7313902505357683	62.873859718074527	156.12789147982744	6.6683922882234041	66.053042326179451	156.75609654014107	96.419999999999987	35.620000000000005	11.69	0.40122851787835234	0.1016942753275856
1.1200000000000001	0.0097286851193149806	0.96300805885279295	0.11298558502500793	0.050561252309928681	5.5885871309740818	62.69670943458086	154.70351437466212	6.549655609281726	66.258026070487432	155.31122825536553	96.209999999999994	34.679999999999993	11.4	0.39689996492243002	0.1017002004923611
1.1400000000000001	0.070269409691439702	0.9626496339162266	0.10739228204078248	0.04623071408176356	5.3351386930623175	62.687115766792637	153.44354168736214	6.4767999043050946	66.044390264275236	153.75260573923748	95.939999999999998	34.109999999999999	11.08	0.39266280246621288	0.10170589747061709
1.1599999999999999	0.093200756933822446	0.96228108582644833	0.102400811359696	0.041679631697420269	5.3258937617177278	62.451180675948535	152.94853658859833	6.5710444045520449	65.389017105937853	152.64275769343715	95.849999999999994	33.329999999999998	10.76	0.38851406456337961	0.10171129168169221
1.1799999999999999	0.10993132310467789	0.9618173174468444	0.099941913020377984	0.036948541283081233	5.2310870854773723	61.890627028862959	153.03096906485132	6.5811323764736072	64.755363778553075	152.9029169512753	95.719999999999999	32.160000000000004	10.449999999999999	0.38445092393331509	0.10171634691792755
1.2	0.065978122725679489	0.96151104375475993	0.097731177114471296	0.033268418327936498	4.950223960948148	62.211071619090397	153.47198523181004	6.4233995240965713	64.375457689985382	153.55309670267269	95.390000000000001	31.559999999999995	10.149999999999999	0.38047063293970712	0.10172098168846308
1.22	0.12611522250083587	0.96122268979533021	0.094852845622330761	0.031077774507898743	4.9886301897260603	62.28113075195904	153.81363184104336	6.3456519665933353	64.374157050296077	153.9326560691897	95.310000000000002	30.350000000000001	9.5299999999999994	0.37657043319047179	0.10172502853167151
1.24	0.088077386122083087	0.96086969009899936	0.092052082286196962	0.029456751838436324	4.8167572543225781	62.489759499585794	156.28339731616649	6.260977895641628	64.459411740510944	154.96736800597645	95.019999999999982	29.0	9.4200000000000017	0.37274771875003754	0.10172826014171739
1.26	0.13488825489353778	0.96040351225998821	0.090165800491849482	0.030055888248963648	4.5638143809187799	62.158994350379601	158.00873897609819	6.0147424379220373	64.496213535098605	155.7854289123446	94.52000000000001	27.060000000000002	8.6399999999999988	0.36899988384800786	0.10172996389081179
1.28	0.20216169381410989	0.95927635856443305	0.087486600565446881	0.032067289552230246	4.6460103610924959	61.520004658147855	157.54670627386881	5.8450163657083314	63.865905161163504	154.26188888083149	94.380000000000024	25.859999999999996	7.7599999999999998	0.365322446907906	0.10172769062981084
1.3	0.16091108671762258	0.95783383300054248	0.085249442885828947	0.029335153674944402	4.2914965975068888	60.590360196114737	154.06232294177579	5.3157374757677038	62.834031082009815	151.60725151418478	93.299999999999997	24.720000000000002	7.0200000000000005	0.36170208006814858	0.10170951939595177
1.3200000000000001	0.17848059034270566	0.9580581920003457	0.082643374367189257	0.026025223602578522	3.9152717112328697	57.712972139817317	148.48434909336621	4.8812635137226472	60.015424453434989	146.13916685187218	92.109999999999985	22.729999999999997	5.8700000000000001	0.3581373879132469	0.10168511834269407
1.3400000000000001	0.36412320108227664	0.95746117770873007	0.078460798372295512	0.023610403556199994	3.5954790247610759	56.05532909449088	141.86318628250461	4.6440924581283607	57.856498267866641	140.68749781787739	90.75	21.640000000000001	5.8900000000000006	0.35460109115829486	0.10164312758379195
1.3600000000000001	0.53239241869767417	0.95636590158514367	0.066770229619840735	0.019470328079808273	3.4337675054955099	54.378302323333038	134.17226668868975	4.3026709893173694	56.397106814946632	133.28901254279134	89.890000000000001	19.66	5.5199999999999996	0.35110166150257449	0.10157731262345318
1.3800000000000001	0.29322839168077808	0.95489478355810353	0.068394962170525098	0.026153119661711861	3.1579439122373474	50.901378723368587	125.99709868993799	3.7403327837404712	53.753096520453497	126.70454434697288	88.120000000000019	17.990000000000002	4.7599999999999998	0.34759170282896179	0.101484083662154
1.4000000000000001	0.4264944679216876	0.95342996979720274	0.065141676627970463	0.01170147377593673	2.8801935362885929	47.622559551190555	118.10805738015668	3.3195992810594683	50.23354594942154	117.84760214488361	86.700000000000003	17.250000000000004	4.6999999999999993	0.34410153717379688	0.10136139107823543
1.4199999999999999	0.3931990185244818	0.95412146504357764	0.083154548487640062	0.0077080093592613351	2.7085150768589843	44.84006465001314	112.06037927710611	3.0223063267823487	46.860886961614327	111.82542574642321	85.549999999999983	16.300000000000001	4.3600000000000012	0.34065851527994179	0.1012438433993523
1.4399999999999999	0.34171158439732968	0.95502635680457948	0.080609194358150185	0.0090449869651025288	2.4706043924696801	41.096889441768909	103.91070802919398	2.7803170973086995	42.685596874681487	103.04937276434313	83.719999999999999	15.559999999999997	3.8200000000000012	0.33727249400707532	0.10111784995990376
1.46	0.5468903349941846	0.95451886213555448	0.09174142238150898	0.010629914658346951	2.2946975740854301	38.586374957032383	99.613894300953589	2.5998459293398706	39.883549512468491	97.424278066295926	82.359999999999999	14.35	3.21	0.33388476874601097	0.10097011688552684
1.48	0.51907706130255749	0.95304553105418033	0.095837269894870319	0.01628980987186383	2.169827781725532	36.007336475014583	93.999243080817607	2.4515864720483052	36.959199311382548	91.052864460135851	81.63000000000001	13.699999999999999	3.3899999999999997	0.33052722661176492	0.10082186474289234
1.5	0.58622061481334942	0.95197061144991668	0.088620360926112252	0.016932492679280205	2.0824714380618765	34.143804418985908	88.779223644330102	2.3338794767941153	34.6138749732946	86.244021144389592	80.390000000000001	13.420000000000002	3.1499999999999999	0.32724305471082527	0.10067381910918431
1.52	0.68661564883670101	0.95084146121065771	0.090881584052625169	0.021134166403847195	1.9919139405766053	32.701583364451935	83.463345021795021	2.2219955233550381	33.237048469880889	80.490169218802023	79.489999999999995	12.050000000000001	3.1800000000000002	0.32400866082198487	0.10050004546742367
1.54	0.65739235944349039	0.94972533470188447	0.090450700006676252	0.017664975495818226	1.8675691101594638	31.100580986284932	78.161460347271941	2.0449534058263965	31.08618741463361	74.628092820651403	78.419999999999987	11.589999999999998	3.0099999999999993	0.32081825952351867	0.10031273990938501
1.5600000000000001	0.72405193127416734	0.94917170728287448	0.089141959647918392	0.015394647300140105	1.797713797158681	28.257318876571418	71.412525383418583	1.9312761414106607	28.417176134495115	67.508433101847331	77.250000000000014	10.830000000000002	2.7400000000000002	0.31764663800890869	0.10008444309519038
1.5800000000000001	0.74356893059529938	0.94845391864545814	0.086711152717274476	0.014160375165351263	1.6136399675572275	26.169802800891706	64.603769980894242	1.7834504652855139	25.724834690856415	61.127465559210364	75.440000000000012	9.8500000000000014	2.5499999999999998	0.3144700564970736	0.099780568577716583
1.6000000000000001	0.87864964187700989	0.9469442442868562	0.07552289280587586	0.018555147948491547	1.4917814142007004	24.512872342534902	58.787816689915232	1.6024135903711016	23.932846870219077	56.434448283202379	74.050000000000011	9.370000000000001	2.2000000000000002	0.31133096025132273	0.099507257763357976
1.6200000000000001	0.79612781025675061	0.94888632716224919	0.11133765455092841	0.014745461173662735	1.3675936204371726	23.050575370330748	54.300162167013823	1.4464861410273344	22.49527698737095	51.334167115119705	72.420000000000002	8.8399999999999999	2.1299999999999999	0.30823095126981614	0.099132178068935844
1.6400000000000001	0.79807331333853027	0.9495837720356789	0.10348579421591357	0.0081850598783534921	1.2780291933426684	21.385743835481428	49.980444067819874	1.3950047366332698	20.766775270930573	47.08336401445662	71.099999999999994	7.7700000000000005	1.9600000000000002	0.30514133927581044	0.098814097024853678
1.6600000000000001	0.79449511748262924	0.94828323401246561	0.10679942671746427	0.016001674433175756	1.2104662017432379	20.343902910108845	47.363521356054861	1.3491856415806576	19.710967286535229	44.843163982432031	69.830000000000013	7.5700000000000003	1.7899999999999998	0.30198975026155672	0.098495974394598299
1.6799999999999999	0.9699102414498616	0.94727275419485102	0.11626726500780134	0.025010663138618088	1.1822697170025724	19.338665279278835	44.28471778136791	1.311789619594028	18.574435626981924	41.625684759351735	69.239999999999995	7.5200000000000005	1.78	0.29894928754213024	0.098160227951464271
1.7	0.72812089585752293	0.94329926630076932	0.1153176334120477	0.010459198738817659	1.136689641223922	18.116898342467916	41.711796057744699	1.2612967024308785	17.324500853413053	39.136477572235314	68.72999999999999	7.7099999999999991	1.73	0.29605997017292529	0.097842731377485712
1.72	0.93025782938292501	0.94023511627088341	0.09515392671730763	0.012045791104240429	1.0857782130634772	17.207590089455813	39.929095231150171	1.174547647075916	16.219583979347284	36.5236223723862	66.969999999999999	7.7500000000000018	1.9700000000000002	0.29314984655483994	0.097564367893051535
1.74	0.76850142471701943	0.94033366291231402	0.11189817002576197	0.054416454685897231	1.0299595053107982	16.650802801526517	38.837785204127876	1.1140347216058935	15.436949003780594	34.975373400769577	66.509999999999991	7.0	1.8899999999999999	0.29021445762973902	0.097254741330705746
1.76	0.68873206373874696	0.94063935881243599	0.099003308417733721	0.013906587464619785	0.98830358435137189	15.495194895630025	36.137280010068466	1.0378628463627397	14.270146110686614	32.818263593526595	65.829999999999998	7.1100000000000012	1.51	0.28729448762204657	0.096846081479678991
1.78	0.76431355369269671	0.93858898041389782	0.0962503436100451	0.012619719719058276	0.95600257329294114	15.19872586586553	35.073925065604627	1.0025353702501336	14.064391114489595	31.37176866850141	64.330000000000013	6.6899999999999995	1.45	0.28452204132715647	0.096439731107734905
1.8	0.45311043150480634	0.94503939925431424	0.11269622146980567	0.023435877867186844	0.94765343269499502	14.545256509417731	34.118991701413357	0.98959353361094027	13.467795316195268	30.917564715188178	64.170000000000002	6.9199999999999999	1.4999999999999998	0.2815886881200857	0.096133860170893856
1.8200000000000001	0.93744929055112625	0.93874011145248204	0.12321698968119466	0.027024308864353815	0.93705348779019881	13.710842537770878	32.152735127523819	0.97247872990432693	12.710133086977091	29.21572824842999	63.890000000000008	7.1200000000000001	1.4600000000000002	0.27910064612361346	0.095666808094146322
1.8400000000000001	0.72390715549210527	0.93845697285233309	0.13045036624035658	0.037040246704069316	0.89064263604424632	13.18057223193505	31.069473103798082	0.95639250621162675	12.14222404868317	27.953722186230987	62.659999999999989	6.9799999999999995	1.4600000000000002	0.27625867050856734	0.095459757718523969
1.8600000000000001	1.045925493007519	0.94415816135730779	0.16161381008760495	0.036492552328451562	0.89143849127509045	12.850648178850577	31.139218824551854	0.95631554409874886	11.861856578822348	27.747672927384052	62.04999999999999	7.4099999999999993	1.5299999999999998	0.27346936450479814	0.095117969822442458
1.8800000000000001	0.77483012213461522	0.9392234167651875	0.1540264555451937	0.032595051608935346	0.89332380869994688	13.063439062234323	33.099622032448025	0.93853567458670872	12.061714746068258	29.051252393036911	62.010000000000005	6.8799999999999999	1.47	0.27103724467980339	0.094608110673640528
1.9000000000000001	0.67847608652479652	0.93961667012493721	0.18199921894632032	0.058016577759041066	0.8673616914746255	12.63010893717516	32.714220237794301	0.90859224305904118	11.620955892067512	29.148064575775841	61.789999999999999	7.0499999999999998	1.1400000000000001	0.26818523478278278	0.094464010688690161
1.9199999999999999	0.825200622641726	0.93820519249345902	0.11531113947624989	0.040275326534859698	0.85397865639651038	12.392223531120752	31.934443167187077	0.91518915339336837	11.377353283861961	28.54136180375399	61.04999999999999	7.2600000000000007	1.4200000000000002	0.26564678874854775	0.093976177150448939
1.9399999999999999	0.85738586788828874	0.93583328647983566	0.14622760269938298	0.062667680417842278	0.85651760156400825	11.983767152720334	30.737284682309856	0.90210759309984778	11.363127662082277	27.938462034540652	60.839999999999996	7.0099999999999998	1.4499999999999997	0.26184256073630474	0.094055199352748031
1.96	0.87153315431937961	0.92220537166064742	0.12868155469729281	0.039615799686399993	0.8429677266586586	11.5879203783064	29.848925834769823	0.896951796638356	10.812049875230688	27.197771516140552	61.29999999999999	7.0800000000000001	1.51	0.2609056621122503	0.093115172209267433
1.98	0.72396678192445696	0.9389045640117416	0.15554173347644218	0.038878761647698594	0.94068433463675516	12.785000531157261	32.936026607201946	1.0108558117068918	11.733428927642732	29.313589302351527	61.640000000000001	8.2700000000000014	2.0000000000000004	0.25662988992877728	0.093471830115967797
2.0	0.7776027768106718	0.9331333275748348	0.15410430212418053	0.046851864200089764	0.93943431159430324	12.7881930911857	33.639011364867997	0.99670757065053217	11.701346417274387	29.540267218447422	60.600000000000001	8.2300000000000004	1.7500000000000004	0.25406206257876696	0.093242928664175967
2.02	0.71758198399666784	0.93792552672077234	0.15951500033388405	0.036658880602967833	0.95157642763215411	12.102949624687609	30.299458407157157	1.0106019306036012	11.02898854053138	26.839820682958781	61.620000000000005	9.2900000000000009	1.9400000000000002	0.25153728527411723	0.092866698069444253
2.04	0.64584089488630703	0.92617176846588811	0.15930783244379501	0.041379092337566835	0.93219233186025341	12.07492523085477	30.491698877756619	0.97756517311564384	10.976784755914014	26.462655521760801	60.609999999999999	9.2200000000000024	2.0	0.24949093645789649	0.092392627909342273
2.0600000000000001	0.98463292757229126	0.9299029832511605	0.12800747985340216	0.037832238761840421	0.72965623170701677	8.5829829728196483	21.789356734634008	0.78506617100543097	7.7583336562890537	19.008771431152308	57.870000000000005	8.3999999999999986	2.1099999999999999	0.24830927277736409	0.091837713919066657
2.0800000000000001	0.86679445270796285	0.93470547141884452	0.11512899731700425	0.03032398263851353	0.73701602265150323	8.6261959009000311	21.411317398210731	0.76287821516520293	7.7649910244307279	18.457636025503405	56.939999999999984	7.6500000000000012	1.72	0.24713504018241469	0.091328740023258276
2.1000000000000001	0.94600971629548858	0.93321171762941613	0.12856513379896822	0.030882563940767244	0.72312891176545713	8.5022361811399882	20.93971804043159	0.74740118934876132	7.6810338109844789	18.303444450686932	56.049999999999997	7.0599999999999996	1.5500000000000003	0.2448825914111592	0.09081408967681133
2.1200000000000001	0.95339691342966526	0.93254179318921915	0.12619046137832907	0.019456482543404617	0.71327731476714429	8.0068965547152136	19.749100622682811	0.74319017699038714	7.2054625920658095	17.219150681030364	55.409999999999989	7.6399999999999988	2.0500000000000003	0.24278982929252146	0.090581293042124478
2.1400000000000001	3.2238483705368752	0.92968572869919941	0.12590958068162458	0.043293109909679564	0.69169893950844885	7.8983657565463004	19.333360476171126	0.72831117383169741	7.1051476651904748	16.897663942149624	55.279999999999994	7.5800000000000001	2.1599999999999997	0.24072443459241416	0.090238256461630334
2.1600000000000001	1.3093741627834958	0.93312309818999972	0.14105519041954029	0.022317762195312011	0.6915583096577721	7.4645268831027156	18.411363089330834	0.71775351196241632	6.7706134569097856	16.0458993090704	55.13000000000001	7.4700000000000006	1.8799999999999997	0.23861222000539883	0.089795189113120871
2.1800000000000002	1.253969015239047	0.92442629491813089	0.14529300826681302	0.022061625674799877	0.69507414588786787	7.4115262602905174	17.825853851971353	0.70145648329709065	6.7432278429314625	15.630235198409974	54.54999999999999	7.6499999999999986	1.9399999999999999	0.23694641344797365	0.089314403159658412
2.2000000000000002	1.0970500338458091	0.91902816180187785	0.16750109084748027	0.021556680938488275	0.68735689548491608	7.482366521391616	19.301146927801618	0.68890718416699426	6.7401549447756093	16.856073472447559	54.320000000000007	7.9700000000000015	1.3100000000000001	0.23495761689362524	0.08900511269882258
2.2200000000000002	1.2457979647129516	0.9205491198457022	0.16810818417659915	0.04807412872285733	0.68396681688368521	7.5752725091254858	18.273120648329922	0.68567246424359707	6.766894573026482	15.881519475086728	52.919999999999995	7.25	1.48	0.23305186287218324	0.088542128929136293
2.2400000000000002	1.1743301541078759	0.92263842930444251	0.17227293230495735	0.038483120195790775	0.68098249966590274	7.0964819231346867	17.438389945840292	0.68250387182687589	6.3003575389162849	15.302775387725138	52.940000000000012	7.7999999999999998	1.6000000000000003	0.2311213800668917	0.088067343094232003
2.2600000000000002	1.6375164585598849	0.91897439156948602	0.14033726778156266	0.021364524104600192	0.67176359391685392	7.2335850421665011	18.214241967074937	0.68088116990448155	6.4969361071110017	15.855947786740604	52.140000000000001	6.9900000000000002	1.4399999999999999	0.22907498866982423	0.087857530148521754
2.2800000000000002	1.2888405578155164	0.91684627676022501	0.1250190150114554	0.023738202732965348	0.6822222387590795	6.9352860581452349	17.383429922353756	0.68438041057645105	6.1883095577020208	14.976844004071797	52.429999999999993	8.25	1.7599999999999998	0.22672043622293545	0.087735296495564746
2.3000000000000003	1.5322399175398032	0.91336703431440447	0.11096748076806011	0.016982931177804274	0.67011267966495669	7.2870545654243362	18.084165092805637	0.67028839956531139	6.4540975561568672	15.595837205701873	51.079999999999998	6.7399999999999993	1.5199999999999998	0.22552242837888667	0.086923473036348009
2.3199999999999998	1.0395587764206746	0.90980855070932165	0.11185888262731121	0.024305224567297216	0.65898944958174011	6.9080377778872046	17.451985427202338	0.65114810369129095	6.0269815735935888	14.766842623765887	50.609999999999999	6.9099999999999993	1.47	0.2239744507965446	0.08647048412105976
2.3399999999999999	1.5140017879675638	0.91737889708873754	0.1510880487493533	0.017785014627680774	0.64590788811117705	6.4856248931847658	16.331497683131271	0.62151601263849476	5.7794455436020762	13.985292225633085	51.059999999999995	7.75	1.6899999999999999	0.2218231850817538	0.086294709873115466
2.3599999999999999	1.6228053177012356	0.90170233382546683	0.13628352914974423	0.012361428657811566	0.64180001230027384	5.9244079907784144	14.845600539647128	0.62982236267381864	5.2640268417246547	12.729465825280359	49.729999999999997	7.9799999999999995	2.1100000000000003	0.22017814506166902	0.085671779172313986
2.3799999999999999	1.7148262358543989	0.90046510026373849	0.12842234103012906	0.02213750334026033	0.63934103257902619	6.4765914839566232	15.3434244794976	0.62543370868902204	5.6187247858560685	12.99367237513383	48.240000000000002	7.3799999999999999	1.7	0.21790640573933553	0.085537356452919572
2.3999999999999999	1.4308044759053484	0.89193934729705848	0.098812361738271029	0.015353456024994225	0.65413376412439628	6.3693367373574699	15.860381600576266	0.64883554503710827	5.5890608298194069	13.359878010247039	48.280000000000001	7.5999999999999996	1.77	0.21698856349718537	0.085046551771097142
2.4199999999999999	1.6462499061386837	0.89780482519589067	0.1569477741878616	0.023443624819733506	0.64320467124124547	5.9046007413554022	14.524774148410092	0.62137168396169606	5.2430911550329737	12.315438965663562	47.580000000000005	7.6099999999999994	1.7999999999999996	0.20964419337771215	0.085443578353976479
2.4399999999999999	1.7751037936946075	0.88492017669985379	0.08328774032017712	0.0089686702055402079	0.63314487568705469	5.8824178410236572	14.031158532300546	0.61833682425650205	5.1132494560523867	12.01854757225637	47.75	8.2199999999999989	1.6600000000000001	0.21385495189137699	0.083739321059590102
2.46	2.2148348585274662	0.89421334251616025	0.11113147774674396	0.013201808994181432	0.64217287450744276	6.0262836587888611	14.396564069975003	0.62010127887586708	5.1713479262099913	12.057933522355492	46.199999999999996	6.4700000000000006	1.97	0.21227430066494443	0.083417242522007634
2.48	1.9492429790091146	0.89386181681373011	0.10915016641871192	0.012707193334425802	0.62597630307026619	5.5639722096529161	13.24703213477331	0.60126223768151943	4.8252433183173	11.17777874721742	46.649999999999991	8.2400000000000002	1.8300000000000001	0.2105170171634422	0.083434966816915271
2.5	2.094298681423501	0.89350568842953559	0.10650335277632175	0.014649817167821166	0.6164933900463786	5.4160957943561963	13.015250219949134	0.60303025404301602	4.7071588556589177	10.990777118148987	46.200000000000003	8.2100000000000009	2.0800000000000001	0.20893165148238041	0.083011916447241443
2.52	2.3499213932957339	0.89145391790684592	0.11634332712276538	0.0083733920373223851	0.64166053308284643	5.1060797560864968	12.124933794926823	0.61418352099015672	4.5026314059908348	10.428598688096793	48.090000000000003	10.129999999999999	3.3600000000000003	0.20073173078655521	0.08339824293957912
2.54	1.9349091024779501	0.88642807591798056	0.11295065204013018	0.017317230266448557	0.61326377726064474	5.2046732243154219	12.714231865844349	0.59151158345543098	4.5597366240945201	10.602595516301706	45.409999999999989	7.7000000000000002	2.1000000000000001	0.20029610432072814	0.082798496698066743
2.5600000000000001	2.0676072740572597	0.87799747699167729	0.12618841985236021	0.016830834923033909	0.62827058527975255	5.1908141318992458	12.306658882233524	0.58966708256364664	4.5397420145357597	10.498455130230882	46.450000000000003	8.5100000000000016	2.3799999999999999	0.19850786843458548	0.082603145474155718
2.5800000000000001	2.2642249311656815	0.87421813056255571	0.099386049996604858	0.006420813321572333	0.62194366154669201	5.1954163009906038	12.581453186806348	0.59251677850804163	4.5318324288116241	10.659161636790516	45.120000000000005	8.370000000000001	2.21	0.203040614277544	0.081101849272363025
2.6000000000000001	3.0152911208411761	0.86466837782973105	0.069562063545985806	0.0032793701736064502	0.6157077404199075	5.2543908914239825	12.323790497372794	0.60238162394711658	4.5835371769098927	10.448455780861188	44.820000000000007	8.4600000000000009	2.2299999999999995	0.20176767917930913	0.08063704418642216
2.6200000000000001	2.2626506622757767	0.85630002802284566	0.088045905838818578	0.010208423477472209	0.62835115629804317	5.033707120347457	12.161337877352333	0.60077832302816381	4.3731528887300843	10.180752096646716	44.479999999999997	8.1600000000000001	2.0699999999999998	0.19476818684753952	0.080838955800527468
2.6400000000000001	2.5377520584503648	0.86367075410229432	0.074793791621759073	0.0071048289767306188	0.63599194469096065	5.0402724805644636	11.534371552139444	0.61427883677914352	4.4470212756148957	9.946398798619521	47.079999999999998	9.610000000000003	3.0100000000000002	0.19797525923762857	0.07983031777356174
2.6600000000000001	2.2461860451372875	0.86123063369533104	0.0917452421879036	0.001972828890159557	0.63691746130190663	4.8190178333170746	11.5984520168514	0.60191465574033931	4.2158704378285119	9.8095893290543401	46.240000000000009	10.179999999999998	3.46	0.19144731694007028	0.080203592688506409
2.6800000000000002	2.6080320736970073	0.8632577293078294	0.085514616671381175	0.011966829440477594	0.62166220234806979	5.1162384139485457	11.771333125158485	0.58449448890195244	4.4012531131962351	9.7883197642925772	43.819999999999993	7.5399999999999991	2.1100000000000003	0.19555940237022704	0.07958860206095858
2.7000000000000002	2.4945516117123723	0.84350235441148202	0.049138543586345493	0.012105795509702685	0.61812283050181827	5.5182102016048074	12.812527030933728	0.58943465858453048	4.7327801063005088	10.568672573552744	44.319999999999993	8.2699999999999996	2.3099999999999996	0.1947888442765702	0.078504178550356046
2.7200000000000002	2.2689163251630791	0.84984265942612713	0.056132654527431679	0.0071144412501110629	0.61536065059508538	4.7677857993790855	11.06718427849056	0.58824371088355676	4.1373382496445519	9.3052623800140104	42.729999999999997	8.6500000000000004	2.3300000000000001	0.19351463367713465	0.078387085872705792
2.7400000000000002	2.6510790899188015	0.83895781487222787	0.070971919591591798	0.013781408459792741	0.61515118537153335	4.6526822727589732	11.068331021214398	0.5721819346070347	4.0861501967254199	9.3740063871639698	43.629999999999995	8.7800000000000011	2.6699999999999999	0.19197051593640627	0.077912198201460517
2.7600000000000002	2.4372742806274692	0.82239879295255403	0.055003656755799116	0.010399594322316266	0.63338639780244066	4.5548272804867462	10.601222343601821	0.60037584322236548	3.9286725547148293	8.816751637588597	42.389999999999993	8.25	2.2800000000000002	0.19013224515321131	0.077313334128799399
2.7800000000000002	2.8320701159758874	0.85206691720136551	0.074976277872080013	0.015990336508474454	0.61367120464154257	4.4810724844250105	10.765149350350372	0.59058560703281382	3.8672617901450188	9.0500186500568063	44.540000000000006	10.35	3.3399999999999999	0.18670215501957568	0.077672550151308251
2.8000000000000003	2.7498071305401854	0.82739154863323205	0.067470609036310136	0.011070819919440734	0.61951765174401952	4.529035527447248	11.034330271003634	0.58824877795037567	3.9822372101214327	9.3544497942085787	44.629999999999995	10.51	3.1899999999999999	0.1871927745520007	0.076900443437265958
2.8199999999999998	2.9653201314118189	0.82478136205464092	0.04108433935674554	0.0063244231525808863	0.61354913595831284	4.5083455006707354	10.484566690400039	0.57451959207696079	3.8666411666416978	8.6998626782792137	42.579999999999998	8.1799999999999979	2.4200000000000004	0.18676026203861684	0.076119051812445465
2.8399999999999999	2.5686382124925662	0.82256791606655322	0.07074603908344744	0.009569069195329738	0.62024586956329197	4.4462495017159416	10.23433671349621	0.57424461039976948	3.8187003544684082	8.5306517821446981	41.920000000000002	9.0199999999999996	2.8899999999999997	0.18566784581515053	0.076209811233400843
2.8599999999999999	3.416261237872992	0.82831685415010325	0.082973089667267325	0.0095636847619032881	0.61730160518779165	4.3818897161032968	10.374074092463138	0.5838262679678391	3.8078894160711565	8.7179475902927379	41.659999999999997	9.2200000000000024	2.5600000000000001	0.18419217822058934	0.075992459265040557
2.8799999999999999	2.9377607435316064	0.82470950660624287	0.062533742739528525	0.012474253303718862	0.60685065484196876	4.3683916658638671	10.350909909752987	0.57223634164229042	3.7049376141864778	8.6835353144282159	41.700000000000003	8.8800000000000008	2.9700000000000002	0.18249316228283813	0.075643000763403162
2.8999999999999999	3.070661112746826	0.81631683721624382	0.080611745158011977	0.0091761228582699153	0.62261245832674272	4.0516597278239965	9.1971755679987943	0.55357809200863051	3.5214974388671143	7.7710643435465681	42.049999999999997	10.029999999999999	2.8700000000000001	0.18178012781340497	0.075353040778247393
2.9199999999999999	3.2412389150287599	0.80933750917558744	0.067525382216600635	0.013698123493706721	0.6033271816092769	4.2570562765673383	10.035200408869885	0.55577103916264703	3.6813635905500481	8.3957465691631121	41.759999999999998	9.5400000000000009	2.7700000000000005	0.17502595515338451	0.075305234436894408
2.9399999999999999	3.0674721227442472	0.8019697068492343	0.066327383310141874	0.0046063423301214643	0.60625504028025201	4.109394019893343	9.5589291654746109	0.56159772520198792	3.5667316654465799	8.0429607411214601	41.640000000000001	9.2699999999999996	2.7500000000000004	0.17981357411085747	0.074165180931582433
2.96	3.4905058418675186	0.78769362455621517	0.041611937841235597	0.0059393246242593935	0.61431139870242735	4.1619558210243133	9.6874207528597118	0.56363331477556999	3.5582685129576022	8.1053181426829077	41.269999999999996	9.5199999999999996	2.7000000000000002	0.17863937500332089	0.073621390568831407
2.98	3.3134053921532902	0.79929537409056151	0.069120617432637449	0.0033805128373091942	0.62036222710059863	3.8930613860578043	9.3427224099651305	0.57189580126643835	3.4070384031862835	7.9446842287489243	41.359999999999999	10.200000000000001	3.1100000000000003	0.17722990752874204	0.073606024330991532
3.0	3.3179096325807964	0.80778274136785111	0.073825160578479279	0.0071519477680793194	0.60893544387492204	4.0303404645065175	9.2683239042804697	0.55963627242908109	3.4551943855041367	7.7545442741404127	41.189999999999998	9.3399999999999999	2.9099999999999997	0.17638871494172809	0.073208725369091399
3.02	3.3748669434529805	0.78040563613952496	0.077256927384107527	0.010477738403177098	0.6240637022679244	3.9093461592064953	8.866233322175578	0.57207798032364565	3.3641327191847545	7.4060872825357631	40.589999999999996	10.799999999999999	3.4200000000000004	0.17437254889052911	0.073025101050162036
3.04	3.1463814830319468	0.79127471545303874	0.081229869597248067	0.0078768133130959657	0.60974239670651775	3.8916643434562914	8.9726521948178402	0.56172507253280668	3.3834039205411073	7.5275124970233076	40.760000000000005	10.050000000000001	2.6900000000000004	0.17405827657390471	0.072450982935165581
3.0600000000000001	3.1724760081097751	0.7820709205891343	0.053331661430108604	0.013926510223635785	0.62782329381443525	3.9682145410968035	9.1752916962513815	0.56509581397404274	3.4278941617527829	7.5920828811183467	39.890000000000001	9.6400000000000006	3.0699999999999998	0.17281165000455417	0.072222312153775642
3.0800000000000001	3.1812420931231857	0.78462529528772074	0.06344674607254791	0.0058806502980429266	0.60308370264014455	3.854845258727122	9.007517939842467	0.56034165553841664	3.3026553095815316	7.5609370078500486	41.07	9.5500000000000007	2.79	0.1713304464239388	0.071961343809526374
3.1000000000000001	3.4124635552062905	0.77225982927890457	0.05729382643320504	0.0050731782481347005	0.6036582483896884	3.8289518384577361	8.8831544603218155	0.56657420495799737	3.266630666441924	7.3796332418031039	40.439999999999998	10.120000000000001	2.9700000000000002	0.17090156258933512	0.071205193950370602
3.1200000000000001	4.056653216597601	0.79263440612700131	0.073193905839882861	0.0085672048786318185	0.61179688648271646	3.9395381350984606	9.0772819347732927	0.55382107780204082	3.37297411522436	7.6104134946154769	40.530000000000001	9.5599999999999987	2.9000000000000004	0.16959799971344086	0.071237786884588011
3.1400000000000001	3.7105161825940942	0.78813588441411953	0.059907220304990613	0.0068793985122123967	0.63318967932790426	4.4487435661285968	10.309222241649209	0.59321385795331749	3.8357429770132727	8.6536430360456187	40.609999999999999	9.379999999999999	2.8399999999999999	0.16827414957454873	0.070787899242976168
3.1600000000000001	3.4366878817864643	0.76719702112207533	0.062149617868583508	0.010674577765969501	0.61739962910246093	3.8576731581639279	9.0622024854267629	0.57246322501299485	3.3124899191053445	7.6089715763526558	41.5	10.91	3.3200000000000003	0.166632435954574	0.070898537995569971
3.1800000000000002	3.1666076659190643	0.7766019685370521	0.057496986369630999	0.012685667323789365	0.60754922223082697	3.6665352738814105	8.5095610458282742	0.55314200885277442	3.1234236254955201	7.093156003264804	40.549999999999997	10.15	3.1700000000000004	0.16624595105851231	0.07064272365667712
3.2000000000000002	3.3515031020579782	0.7729307211344475	0.080861827290782715	0.013243727911255837	0.61552077524800297	3.6467028017734195	8.4445293740725056	0.56405371549674266	3.0889114419794113	7.0343887344676741	40.899999999999999	11.52	3.5100000000000002	0.16514912021736072	0.07014865760514552
3.2200000000000002	4.5258113367142006	0.76260403687577683	0.074706467406837895	0.012171975039104912	0.61981922146127622	3.7412039320147179	8.3616852320954429	0.56184167808507213	3.2319272164174238	7.0217147167621929	40.529999999999994	10.699999999999999	2.8899999999999997	0.16413217182970138	0.069802447768540568
3.2400000000000002	3.9994202551720921	0.74763051428823413	0.0554211569831356	0.0062904996466266617	0.62772503301502103	3.6710526046161291	8.4618075547433058	0.57135644398965935	3.1384739469300826	7.0910367318233627	39.999999999999993	10.250000000000002	3.1899999999999995	0.16293665145594835	0.069366541314988234
3.2600000000000002	3.9906873193542767	0.7579467470124237	0.080726963589660639	0.013002289647039467	0.62166160155616779	3.5569589325334592	8.3263990966042023	0.56884185198945836	3.1132042354090359	7.0843759457630497	39.820000000000007	10.719999999999999	3.2200000000000002	0.16240209623780372	0.069116050809261781
3.2800000000000002	3.9074738503881661	0.76152070147332762	0.056111931333057377	0.0066828534940137768	0.62452725583747704	3.6480980487450707	8.2747499538814289	0.55808878177644672	3.1453768751792426	6.9376601291889957	39.089999999999996	10.329999999999998	3.0899999999999999	0.16140216747634228	0.068778359412920737
3.3000000000000003	4.2122201987403889	0.74651995347776834	0.069962835628074899	0.01001412876943153	0.6115622205803023	3.6547797531596777	8.1885882654281534	0.55905236071194764	3.1075132212499414	6.8107534500956124	39.830000000000005	10.0	3.3299999999999996	0.15860946624303923	0.069085129128739015
3.3200000000000003	4.0193105180893705	0.75082222858400494	0.064931353709982584	0.0085059794038694746	0.6218920354201295	3.5256176776946537	8.3158661951425152	0.56900058478481363	3.0196814229797595	6.9514674827929355	39.800000000000004	11.1	3.6499999999999999	0.15902137703418204	0.068130145085295482
3.3399999999999999	4.133934270102559	0.7576377044205147	0.049335044742075999	0.015848070714802813	0.62182824179678686	3.4169343080778374	7.8509720486242003	0.55445009726747752	2.9260086826884146	6.5570627710065068	40.160000000000004	10.77	3.5800000000000005	0.15824650247137326	0.068087412791185895
3.3599999999999999	3.9172348941131281	0.73514715244031237	0.065262441120156195	0.0091337877533659746	0.62673468270961763	3.4896041934191806	8.239139521157206	0.565371004449856	3.0024406206530974	6.928195567838773	39.200000000000003	11.029999999999999	3.46	0.15778547639343452	0.067681357532893546
3.3799999999999999	4.5292815569729923	0.73913468064602239	0.049581734935720392	0.010710290362444193	0.62691685289308985	3.7238971159698209	8.4786129356616744	0.56713328196745016	3.1393585341136641	6.9386134604729222	38.090000000000003	10.720000000000001	3.3900000000000006	0.15664335765103304	0.067194163597564471
3.3999999999999999	4.4682749119346088	0.73115685191673518	0.066920935750854074	0.010136702007158037	0.61652687093071856	3.5154084193328905	8.3684708480988768	0.55593723635011849	3.0093179285863818	6.9886025674844685	39.210000000000001	11.210000000000001	3.6000000000000001	0.15595007504133956	0.067139426828905904
3.4199999999999999	4.2197493496340392	0.73953372392403471	0.076581188801733563	0.0089989454581782449	0.62952538647677914	3.5339389596388822	8.3602137699027903	0.57732223775496094	3.0086960226092332	6.8613782791449527	38.090000000000003	10.299999999999999	3.5799999999999996	0.15485926196097119	0.067156040583490853
3.4399999999999999	4.7767487004427975	0.73252950758736779	0.069368217293419007	0.0059469444182090134	0.61410420402045041	3.5022364035331597	7.8948728690193306	0.55672490146227493	3.0163126037889256	6.6517092170218159	38.57	10.919999999999998	3.54	0.15397905769519857	0.066844910482717609
3.46	4.8620575452988941	0.74817078368670586	0.053825671236266512	0.0045552447485613934	0.62656269180068092	3.42312233909144	7.7578994367204981	0.56582729996618542	2.9553980314293145	6.5331660318617271	38.93	11.580000000000002	3.8800000000000003	0.15296539497832334	0.066710262069716836
3.48	4.9068977110582068	0.73492878894612512	0.071160714195730404	0.014739393838433626	0.63344820415950609	3.4149876211279895	7.7716733237332916	0.57049859780398715	2.9268603915648348	6.5175614002538067	38.589999999999996	11.18	3.7399999999999998	0.15178796416458903	0.066204114404437034
3.5	4.7753248750352002	0.73043507537044694	0.074259113078470884	0.0099772243463155403	0.61493386395718019	3.3167428825165652	7.6827503444265917	0.55658782437822707	2.8658038472637957	6.4033519649971611	39.230000000000004	11.15	3.8299999999999996	0.15134833939267342	0.065864241278476593
3.52	5.3396943167619328	0.73189298095418964	0.063290967818295754	0.013549530525858302	0.62028926450312927	3.349680730212893	7.565556103208495	0.54663658823218042	2.8500270196389756	6.3213328342016348	39.020000000000003	11.43	3.6999999999999993	0.15060529144968587	0.065255127561015314
3.54	4.6433203775601291	0.73651153137925107	0.069513196800754115	0.0060291272335034037	0.63734111375366942	3.362920056905697	7.7890443148494253	0.5650682828766086	2.8842561028944376	6.5007284304468795	37.600000000000001	10.799999999999999	3.5100000000000002	0.14953731986122193	0.065112158768496978
3.5600000000000001	4.4786762019224442	0.72652159549143513	0.05311960451441973	0.0038309383821267923	0.63307198917631502	3.4294038861892808	7.6770972109653712	0.5648773244252917	2.9228681505834353	6.40591074902553	38.150000000000006	11.23	3.6499999999999999	0.14886876769006596	0.065110042410749719
3.5800000000000001	4.1865437381862209	0.71506161132997836	0.065616988674915167	0.010474950333164942	0.62914530147317849	3.4209434045046079	7.6705265286302282	0.55223391925860099	2.92132044286548	6.3589956403096055	39.160000000000004	11.110000000000003	3.9599999999999995	0.14815281425312504	0.064535964302991217
3.6000000000000001	5.1623524188182692	0.71704424194983629	0.05924311217234525	0.004142404627924816	0.62185743531962034	3.4361957147571154	7.7244191477323856	0.55996744392423559	2.92891766988983	6.415535974291755	39.160000000000004	11.059999999999999	3.7200000000000002	0.14706946349090105	0.064364248404108718
3.6200000000000001	4.9274633525126914	0.72812044904141948	0.051271354851734272	0.0056700525679325032	0.63487062070699218	3.3459403129802374	7.5416785697825528	0.56540566476687615	2.8605282763352369	6.2873778706436765	38.090000000000003	11.02	3.8199999999999994	0.14595304722477614	0.064262930158654308
3.6400000000000001	4.8285635083750345	0.69511526245813005	0.06407520821046761	0.0053271550238343695	0.63340304616321885	3.3869151122219194	7.9369972931456729	0.56905286769548802	2.9401532645263506	6.7167660129643139	38.299999999999997	11.069999999999999	3.6899999999999999	0.14571938992357053	0.064059289584489656
3.6600000000000001	4.7364252081247757	0.7003030758348785	0.052283269261588015	0.0046556464144937226	0.65043238363174949	3.323959806460361	7.5330003909866576	0.57790368820041449	2.8589601318021112	6.2425505445358498	38.140000000000001	11.33	3.8899999999999997	0.14475487254618863	0.063715822603519837
3.6800000000000002	4.901779055473253	0.68837673056776649	0.04848245225648351	0.004933706140906065	0.63815032112029413	3.3301453874711031	7.4923651842107386	0.57569802823057414	2.8682580136727336	6.2764730530640307	37.760000000000005	11.050000000000001	4.0299999999999994	0.14429226379675347	0.063475499073534059
3.7000000000000002	4.6560929694822972	0.70193227692170468	0.050920463088807058	0.012965978765964777	0.63003217776272658	3.3056488580264856	7.2746328012422392	0.55344303265827555	2.8552440660975331	6.1587705420236265	38.339999999999996	12.059999999999999	4.0199999999999996	0.14299614211253284	0.063026759408816829
3.7200000000000002	5.1946482511704462	0.69920338383959402	0.042260130553224404	0.0094453079728809928	0.63736796402026064	3.2504389828906119	7.5175867182705174	0.56428935615849007	2.7988531981533979	6.296864200655568	38.030000000000001	11.739999999999998	3.9199999999999995	0.14193746263634033	0.063244950246616416
3.7400000000000002	5.1433685053490281	0.70491736872090338	0.051930018807261211	0.005617002874280538	0.63812998920885067	3.2452375086238909	7.4503905820586862	0.56838030109514537	2.7834204594206851	6.1567838937984787	37.649999999999999	11.23	4.1300000000000008	0.14141624126589186	0.062505223533176252
3.7600000000000002	5.8700119617655844	0.7053780555799477	0.048637269846836848	0.011032465453622501	0.64204082837523624	3.2513305950931803	7.2141244704890992	0.56531999499519681	2.818026723912729	5.9301787910651491	37.519999999999996	11.69	4.3899999999999997	0.14100987407296381	0.062429091426810426
3.7800000000000002	4.7345474525779645	0.70586084221698575	0.062388850855427211	0.0040751153306332194	0.62706929204152162	3.2914951180238297	7.7165272413074559	0.56593531153348875	2.7909914303050702	6.3982208391625317	37.890000000000001	11.26	3.3500000000000001	0.14002670730192252	0.062290825091798376
3.8000000000000003	5.5196374347467092	0.68793542947356467	0.059131520011466335	0.0064933522485061332	0.65456154091451435	3.2756151803003739	7.5534363871636403	0.57413089654200056	2.8576796073290947	6.3382234620128139	37.829999999999998	11.800000000000001	4.2700000000000005	0.13904184552644833	0.06183285045838046
3.8200000000000003	4.8094578105509003	0.69712723396987142	0.061919895724905125	0.0099112543003927519	0.63424389166775497	3.243535509829043	7.2178417364854131	0.56727176463723072	2.7804982954633832	6.1052006492431046	38.340000000000003	11.15	4.2899999999999991	0.13882262510126755	0.061910551183088025
3.8399999999999999	5.4553429820567079	0.67701982868843091	0.053102735551549249	0.011475092461626837	0.64195186258892345	3.2388956967431186	7.178068311901046	0.57441243432704459	2.764611844631657	6.0010610044063153	37.189999999999991	12.190000000000001	4.2199999999999998	0.13813328165234254	0.061444184942652247
3.8599999999999999	5.6216323152243053	0.685624857369032	0.066202957042270749	0.0099292758814687413	0.63598825075594312	3.2367470770199001	7.2599375945949607	0.56606252331898388	2.7717334527813473	5.9852226248557363	37.310000000000002	11.770000000000001	4.0299999999999994	0.13721984912484922	0.061224938601301272
3.8799999999999999	5.5153036695376461	0.6830589265626319	0.074308892805346027	0.0060818211768686996	0.65157591938804804	3.1983712366641797	7.0634559839170521	0.57906935653201241	2.7390821014576141	5.913141110631047	37.709999999999994	12.190000000000001	4.2800000000000002	0.13640402377977848	0.060966488544015554
3.8999999999999999	5.4691956038934233	0.68414234792030093	0.04107097825947733	0.0042619964048444311	0.63821511491722882	3.1353446598832457	7.3427797842964253	0.5712035962860712	2.679753857799934	6.1046666029454881	37.639999999999993	12.08	4.46	0.13574239899193524	0.060687853304109127
3.9199999999999999	6.0011276478370972	0.67640714906171384	0.047013151521647971	0.016797442691951943	0.63417667860684257	3.2401577321698825	7.4583094178752445	0.55598153592734767	2.7402853668301166	6.1527703634498181	36.829999999999998	11.169999999999998	4.46	0.13492846988956156	0.060674644534750931
3.9399999999999999	5.3137663447428727	0.6666471481394618	0.048023639856076564	0.015388502976630945	0.65183686181214928	3.1821810165869544	7.118877516827574	0.57396014970346321	2.7070108467916585	5.9619443127179359	37.100000000000001	12.139999999999997	4.1800000000000006	0.13470798889567676	0.059999511439524499
3.96	7.0481014111136115	0.67421050820539963	0.040811738253292505	0.010130406374123107	0.65309495740117707	3.3003405011764131	7.1739901387294536	0.57422761239209685	2.8223817452410978	6.0496025370427109	37.439999999999998	11.790000000000001	4.1500000000000004	0.13387832307648834	0.060172851867223674
3.98	6.4365999833840988	0.68600724539810698	0.052634500022621045	0.008342206372447418	0.65753306095802588	3.2822912611560717	7.3272677569894711	0.5778417060455171	2.7940000796857052	6.1094967854615652	37.079999999999998	11.619999999999999	4.1100000000000003	0.13269173607445239	0.059957586616648385
4.0	5.5569341532874512	0.66340796657523593	0.047174956051130902	0.016862501672773936	0.64787118816904432	3.168194705409455	7.3332082579922471	0.56854592894025346	2.7017572581283806	6.0976366955666208	37.469999999999999	12.050000000000001	3.8699999999999997	0.1322671903599234	0.059880404700788238
