weight	lyapunov	err1	err2	err3	m1	m2	m3	std1	std2	std3	null1	null2	null3	f	stdf
0.0	nan	0.74078896041986897	0.12391124338170947	0.020914198899142696	10.8762913673587	15.613142234314068	13.537849920437049	18.494280274153567	30.507857231540925	26.735422026614895	99.219999999999999	99.219999999999999	99.219999999999999	0.99957155935286579	0.099960941493383818
0.02	-0.0022606698644133121	0.95398450659810996	0.75473045452424936	0.29370426340115918	21.855021716838454	50.306147133550745	137.54294391793414	26.818629838383032	50.137656269975949	120.11644033011683	96.13000000000001	66.429999999999993	36.859999999999999	0.55269489508275682	0.10167814562578936
0.040000000000000001	-0.017833663355444535	0.98271851236216978	0.93229391447988519	0.43121291783335741	21.191525822631228	147.95135584759413	274.23876668726336	22.960997109161227	130.75119184615031	239.66144213231905	96.829999999999998	41.829999999999998	24.440000000000001	0.38194261751889808	0.10319177546893839
0.059999999999999998	-0.016282426259888107	0.99452864713719646	0.944017786215397	0.37285237019182627	21.218034521706887	124.15422886606557	200.41840616240631	20.315105688999108	114.6395017363503	213.18761322712811	96.939999999999998	51.799999999999997	31.870000000000005	0.29182473314797747	0.1039912954410708
0.080000000000000002	-0.029499191965668213	0.99805632975398184	0.94019272093158102	0.36393409948904853	19.372232966288369	113.16020323063942	199.78561937166222	18.598040327932384	104.78516016766477	215.20896601170216	96.640000000000015	61.419999999999995	36.390000000000001	0.23620198470321369	0.10386341035756563
0.10000000000000001	-0.024235609725685319	0.9975925609317049	0.93971542085747095	0.38022966636207639	19.034552300087189	111.31096874377029	238.87710641348298	20.812963007083113	107.96294741452057	242.50323693713375	96.499999999999986	67.219999999999999	36.729999999999997	0.19850119454553641	0.10294714667300944
0.12	-0.017168266161817256	0.99720489281410474	0.94471521906299716	0.41645927231625873	19.677022953327853	114.51883267665616	305.53882607564645	21.912041011345508	112.73519151859348	295.49900682313853	96.590000000000003	70.340000000000003	36.039999999999992	0.17129797374766637	0.10139797422362182
0.14000000000000001	0.00184854909276288	0.9956809186811999	0.94851108569341724	0.45378144540610144	21.432509102363859	123.76355828226863	375.06261638822446	24.341531064376021	119.50627854552776	347.6802390148269	96.699999999999974	72.909999999999997	38.259999999999998	0.15076041132260901	0.099441221682603054
0.16	0.01550806677692328	0.99458259075195465	0.95066544830211774	0.47897922392544096	22.745151664959828	131.828759822812	406.31394575449428	26.210161009419615	127.84654507229314	379.06371089099878	96.780000000000001	74.489999999999995	39.649999999999999	0.13470970846694047	0.097304562357315799
0.17999999999999999	0.033974625081499829	0.99336306312833034	0.95227500400321929	0.4867372734544067	25.082166185594556	140.88159207790142	419.69739828061574	26.249015457504989	137.47864017913872	384.38704604345503	97.0	76.13000000000001	42.439999999999998	0.12181853364236894	0.095117852815989418
0.20000000000000001	0.071697246861489289	0.99379413315259912	0.94764707836167594	0.49120002136281915	27.962598587256377	146.85320246888472	424.79721205115692	27.944225015046733	144.62031375098462	395.68907084889099	97.219999999999999	77.429999999999993	44.649999999999991	0.11123474837907939	0.092974773058073182
0.22	0.13174447565503156	0.99278000222802887	0.95040667013690106	0.49891485937636543	31.159317211826458	158.52922357919471	437.50636223495923	29.921931851664688	150.65598342847883	404.69837944812434	97.340000000000003	79.530000000000001	48.010000000000005	0.10238744419853574	0.090915427759409556
0.23999999999999999	0.22019691252214213	0.99193158701854678	0.95139210724005707	0.50608748725869368	29.701038079633076	162.50442769931828	444.59293171911958	31.472250564021927	154.48191048955289	414.36690484799345	97.249999999999986	80.759999999999991	50.220000000000006	0.094881308513795629	0.088940631918839969
0.26000000000000001	0.19881691788183581	0.99130878727251281	0.94655500807631632	0.51238901525779323	30.292279870875149	167.3755070249816	452.9428042887078	32.696936171451604	158.35233446384072	415.00946573317617	97.230000000000004	82.02000000000001	51.160000000000004	0.08843293295729629	0.087055016099624294
0.28000000000000003	0.17639913704658269	0.99091057825966899	0.94765512460928392	0.52699952770206804	34.474718995049841	169.86491761092947	473.83220386193818	37.610846457978212	161.24243685193935	430.91261394189195	97.539999999999992	82.789999999999992	53.080000000000005	0.082831376661409467	0.085277126972715084
0.29999999999999999	0.18946998118882677	0.98988213526500102	0.94776911905671957	0.54159313170239776	37.692343836610107	175.88968299131855	493.9341936826707	39.994851737591787	164.54655755371871	449.03538266199382	97.760000000000005	83.780000000000001	54.600000000000001	0.077918631598435359	0.083615602691639285
0.32000000000000001	0.26978745021938194	0.99025711555519536	0.94812923232436108	0.55197672952189669	37.648782581240908	177.77480014950748	518.61095516221803	41.629608474746831	168.86922096550273	477.61132749414162	97.75	84.209999999999994	56.169999999999995	0.073574614927740062	0.082058622257510108
0.34000000000000002	0.27509158317682086	0.9901478022294754	0.94762784312849813	0.56694776872436536	39.701283559607873	183.32924348877651	544.59153638317491	43.673997287397398	175.33269103656727	489.67739681303556	97.829999999999998	85.239999999999981	57.480000000000004	0.069706230929032401	0.080587293016934999
0.35999999999999999	0.25951774180002118	0.98951424757902395	0.94879080356259793	0.57782542075392751	40.333210720221615	184.66641556534145	570.68656017292835	45.077579897153143	177.74201958839123	509.54715519137625	97.849999999999994	85.820000000000007	58.790000000000006	0.066239729412616244	0.079195157637386646
0.38	0.33628896185372326	0.98958135812797621	0.95183559243847637	0.58807901209509938	42.155001042243157	188.56756637072337	585.86828682502119	46.137342102488276	178.81125501104276	533.45879029648518	97.919999999999987	86.519999999999996	59.570000000000007	0.063115726278719336	0.077869556755702507
0.40000000000000002	0.30732883882656459	0.9898443536192667	0.9508646319249946	0.59634110425460007	44.45937134999847	188.10563575289677	615.05454364649427	48.009307527165937	180.45338114580932	547.48301222550231	98.030000000000001	86.799999999999983	61.470000000000013	0.060285862691118665	0.076599681373105383
0.41999999999999998	0.32591819987378701	0.98979656878883926	0.95140926359090316	0.60314274535802537	48.127764823226912	187.49893358956723	624.09182713877226	49.921608357734414	182.2734899779868	563.34444579230035	98.200000000000003	86.990000000000009	61.899999999999999	0.057709973445546292	0.075392532678422747
0.44	0.31689457178091707	0.98984906233703907	0.95404660129576846	0.61664527330902352	47.636414573072422	190.21300894669361	632.25380821794442	50.31862743534127	191.13870173760955	576.53827641224757	98.170000000000016	87.480000000000004	61.989999999999995	0.055354767807347084	0.074249403157116756
0.46000000000000002	0.34433373183220245	0.98962115502520509	0.95307094224495414	0.62369147531167912	47.561141648475392	192.71657677411721	643.27390753614577	50.87732404135015	195.54150209542252	593.24555098176199	98.149999999999991	87.909999999999997	63.149999999999999	0.053193304074742806	0.073164592807117609
0.47999999999999998	0.34472485316021106	0.98935480861867175	0.9504656899339563	0.62004248901607728	47.858326279422599	201.12420762910847	663.76382610379846	52.925636788185138	198.85416079615442	613.88965784574646	98.099999999999994	88.599999999999994	64.310000000000002	0.05120265584651542	0.072129553877552724
0.5	0.34662967740352479	0.98902675485310654	0.94735911488535474	0.61832142998556017	49.509637655583681	207.00054074231889	675.2191434089184	53.275305779535515	198.30358402875018	620.08092819891999	98.170000000000002	89.100000000000009	64.749999999999986	0.049363044054470721	0.071142768331060313
0.52000000000000002	0.35675156700888561	0.98907661861953433	0.94546600823396132	0.62506572340727873	47.111487188827702	204.95046311415155	691.71598785066067	51.32126463633476	197.56588884805814	626.53121439424581	98.090000000000003	89.210000000000008	65.469999999999999	0.04765806104140298	0.070198202221602404
0.54000000000000004	0.33413495097826862	0.98915407266058364	0.94471975854479806	0.63819460555902252	43.623875899254791	203.64965631654698	695.40580097845077	50.877206791140047	199.56739753043411	640.60389214680595	97.940000000000012	89.319999999999993	65.989999999999995	0.046073189122767207	0.069291914894926296
0.56000000000000005	0.31706951448563137	0.98976072627269451	0.94770247595190682	0.64669196022955477	47.118709150845248	208.56708107764535	705.5727326134031	52.724278973987339	202.62450357871631	648.5636500489436	98.059999999999988	89.710000000000008	66.539999999999992	0.044595699755092186	0.068427063992900355
0.57999999999999996	0.26700995309108755	0.99025753588976395	0.94626609970471542	0.64554681061321229	51.47195849715505	202.02707139738723	707.72483818950093	55.55309060722	198.8796793441125	653.60973380363441	98.22999999999999	89.599999999999994	67.280000000000001	0.043214928574460507	0.067603302661361386
0.59999999999999998	0.23722146345889969	0.9905469691352744	0.94484910062166794	0.64509642056730787	53.148344346749944	204.0324572697134	723.10438393074446	56.074824524185473	199.1824341999727	674.58875643221631	98.260000000000005	89.86999999999999	68.579999999999984	0.041921568122580952	0.066817419563898486
0.62	0.15785403569959869	0.99091038859601066	0.94381295222405226	0.65165103914791445	53.183613283447961	205.73418445558121	740.98604852997346	58.18715310593317	206.03080350687378	672.22592678559363	98.260000000000005	90.150000000000006	69.030000000000001	0.0407079559892971	0.066063609513449723
0.64000000000000001	0.10620990608357317	0.99056292962902748	0.94400611143002799	0.6649065582208068	56.277800714382998	210.32796395726353	740.6041456482501	59.251040112292614	211.22763636787613	696.8079914675701	98.339999999999989	90.480000000000004	69.459999999999994	0.039566714589743257	0.065341500465973909
0.66000000000000003	0.094220168129677553	0.9906870199470843	0.9445720492212123	0.67610067494338733	51.904198278997306	213.87509750839195	768.0346064219525	59.794720384320797	215.47523217883145	697.14249401377378	98.22999999999999	90.63000000000001	70.560000000000002	0.038491372110725307	0.064655276735867379
0.68000000000000005	0.033923952017192317	0.99055693565436598	0.94504425541391357	0.67516235675687308	54.790623660532376	211.05950195615031	756.38639181200301	60.064107839578583	218.12690943534363	694.80732171567081	98.320000000000007	90.659999999999997	70.490000000000009	0.037476401023128325	0.063996152613025645
0.70000000000000007	0.048287563688188893	0.99042587298509388	0.94290055424672981	0.67956201869944421	50.888584821910136	211.93800385283618	763.76175332790535	56.266494478120556	217.48428533557217	703.14340426940123	98.210000000000008	90.789999999999992	70.989999999999995	0.036516791102421106	0.063363543747874201
0.71999999999999997	0.047287100169722533	0.99034356644864374	0.94276744629775155	0.68154843097291651	51.111935554544083	210.68364737914689	771.27391372634122	59.471851321606174	218.15088235684644	729.26501498008849	98.25	90.850000000000009	71.599999999999994	0.035608146498461848	0.062755650623013443
0.73999999999999999	0.02629936641818759	0.99023938177739335	0.94190057473640976	0.68265514358479873	51.26684881427586	210.11658874693094	780.63888889602549	61.292731386702201	220.84773406098634	733.71669780190325	98.25	91.009999999999991	72.109999999999999	0.034746548471885783	0.062175774932088888
0.76000000000000001	0.03520671214082223	0.98974694622088621	0.94319977692548007	0.69526305220747142	50.750332801076866	209.36136598409971	783.19008516402664	62.053200851195243	218.28755474313533	732.477501812132	98.22999999999999	91.090000000000003	72.569999999999993	0.033928428008033085	0.06161981509156611
0.78000000000000003	0.031462868230680528	0.98996724463878893	0.94720397742018481	0.70076766763096454	52.158784822529569	209.76984215768366	785.55060378295252	60.346761259250684	216.42830943704175	734.89608993643935	98.269999999999996	91.090000000000003	72.929999999999993	0.033150227280870699	0.061080729591086069
0.80000000000000004	0.030974676748629894	0.99016001227592554	0.94886755239839504	0.69981215313351153	52.853147821459245	217.04461626900192	797.61355150473833	60.772867633735601	218.38924357234441	749.82264331315173	98.299999999999997	91.440000000000012	73.36999999999999	0.032409166561062276	0.060553884441670244
0.82000000000000006	0.033951374887967685	0.99014370558290155	0.95145737942153752	0.69509971337757492	49.720036966825234	220.25631411851305	791.48160113042252	61.332321424847258	221.47672959960968	756.99388535457899	98.219999999999985	91.580000000000013	73.329999999999998	0.031702809243690219	0.060043740000871537
0.83999999999999997	0.037570012986324501	0.99011630869419365	0.9511695263501998	0.68913846590627992	53.227412269525828	224.05428976652306	814.52180041915665	62.015886538652047	219.16165012820346	763.2523463332883	98.340000000000003	91.770000000000024	73.929999999999993	0.031028755911746586	0.059551320630838955
0.85999999999999999	0.039739783854956197	0.9905078017416773	0.9480358614868587	0.69178671696217964	50.942585132425528	221.03653622818166	822.84490711922103	60.959177698229055	223.39017899377376	769.15221836601734	98.280000000000001	91.730000000000004	74.269999999999996	0.030384681641135197	0.059074348933391987
0.88	0.045478260231216788	0.9905711194969109	0.94933421832163734	0.69188580641236008	49.548721141453598	218.22139525627145	822.87818674477671	60.371939181245139	229.33169721506761	769.60705094062143	98.179999999999993	91.670000000000016	74.929999999999993	0.029768543311504865	0.058610375340355993
0.90000000000000002	0.06223337150762856	0.99090175794577373	0.94863076236753197	0.68773775386403035	50.009563258171632	223.41641102403642	820.28226657813013	59.553882100398482	232.79100305502385	777.45562439163587	98.240000000000009	91.960000000000008	75.549999999999997	0.02917889273223076	0.058158509198511274
0.92000000000000004	0.045032518707737286	0.99123305952109786	0.94460707391108834	0.69475248776822762	50.297962319149484	220.23568168386623	808.11186526370307	58.603788741101503	230.60414509811577	760.39145847073576	98.239999999999995	91.929999999999993	75.909999999999997	0.028613960604814487	0.057724356587404838
0.94000000000000006	0.060480158340227658	0.99132585978841536	0.94165672244169074	0.68344362311586804	48.168693877535304	226.71164162660799	776.74429014729594	56.435596249514731	233.64031013891636	747.86016415626523	98.159999999999997	92.27000000000001	76.280000000000001	0.02807208893487486	0.057303818082285754
0.95999999999999996	0.061913396472689425	0.99131570982004258	0.94087116208750532	0.67351034328786574	46.726679890504442	225.91573487412944	795.13605892036253	54.817683636660469	231.52968986623478	749.4319423124191	98.080000000000013	92.280000000000001	76.959999999999994	0.027552142332555964	0.056888403938285495
0.97999999999999998	0.056931799265841396	0.99112851571654159	0.94141901849212795	0.67508761488050273	47.741696167057185	218.00441766814828	781.52247588207479	54.080547151883273	233.11014720073553	736.52191831121434	98.099999999999994	91.939999999999998	77.370000000000005	0.027052986853833449	0.056484227996723979
1.0	0.050167569056351696	0.99058357495528782	0.94269411441796824	0.66562592733166848	47.618330890849059	221.63807274392894	777.05585364774777	51.796357102990143	225.03671799889239	751.5310929989721	98.180000000000007	92.070000000000007	77.650000000000006	0.026573007296298488	0.056095290286656455
1.02	0.066617503140744577	0.99033364131187196	0.94651783360590647	0.6748839805941842	43.738842333563433	220.29496503532687	762.31434641148178	51.304206601690602	225.75162347515806	738.86924918971818	98.02000000000001	92.049999999999997	77.760000000000005	0.02611123414654886	0.055718103326361533
1.04	0.071884198922410242	0.99019866839200366	0.9459674680675656	0.65514616349771648	48.14628907941276	217.51911076533025	753.22664430069415	51.76244783951222	226.66697345444868	730.77334360685938	98.209999999999994	91.97999999999999	78.120000000000019	0.025666377093837282	0.055349164007429862
1.0600000000000001	0.073049629522508513	0.99015582115439993	0.94604239993627548	0.63007267619523144	46.5676606291821	221.64616101950779	751.58499728660411	49.745353541799062	223.13489172908825	703.95141724725977	98.129999999999995	92.010000000000005	78.870000000000005	0.025237677767764238	0.054991316964083957
1.0800000000000001	0.087313254219412689	0.99010307307723555	0.94817797715056051	0.61206923623328702	47.128714990289055	220.05264914933764	766.31369596066861	51.642934408721523	225.12645198301811	700.28123840571027	98.169999999999987	91.899999999999977	78.700000000000003	0.024824474520634257	0.054642606821981708
1.1000000000000001	0.098664791211640152	0.9901292852409963	0.94615523465016249	0.604861027899676	43.330306159056398	222.98942483442588	760.63742053616375	51.580609288247615	223.12652138698689	701.75846077147764	98.0	92.090000000000003	78.789999999999992	0.024426315085335257	0.054304972781431628
1.1200000000000001	0.096393121029783035	0.99008021691160297	0.94477056748945309	0.62270973804916396	41.244292101553654	219.01885257726298	770.29601594130065	47.922840213277219	227.68448132082159	703.57245775122851	97.859999999999999	92.050000000000011	78.790000000000006	0.024042282677762049	0.053981418525906752
1.1400000000000001	0.093955235282838945	0.99036144408439175	0.94359987365279585	0.61532539912152429	41.312630305710769	215.35060932470338	769.80700390009372	48.520325862166843	226.47388608608543	704.45579345687213	97.840000000000003	91.969999999999999	79.829999999999998	0.023671593865798021	0.053670226193726259
1.1599999999999999	0.10936694905473131	0.98987903334302652	0.94063056749055285	0.62632988598501638	40.204710668597507	211.8812711498029	764.78417277081041	46.576942861048934	221.11495436721125	702.4452602550316	97.769999999999996	91.789999999999992	79.469999999999999	0.023313914786722446	0.053368898972792934
1.1799999999999999	0.10349260248763063	0.98970683765970713	0.93614656050291489	0.61738690140406338	39.07115909095355	216.07491706401348	739.32493309246115	46.674855418713157	217.1501075068349	707.62254973142183	97.710000000000008	91.820000000000007	79.97999999999999	0.022967523371453798	0.053055256514313053
1.2	0.11490874156688349	0.98952767973734124	0.93944879345947663	0.63437672428685765	39.91467529911337	217.42557670456699	749.01268359139362	46.305045979510702	216.78009505738663	709.4289868451865	97.75	91.969999999999999	80.260000000000019	0.022632522149891289	0.052746386858060823
1.22	0.13718286566329499	0.98964397497867507	0.94070063927735337	0.58708038130815954	41.94291112998097	217.01486709162177	738.84592232514274	47.643720473295232	227.51534206125766	706.44862268750671	97.869999999999976	92.079999999999998	80.430000000000007	0.022308621300383774	0.052449876904583657
1.24	0.14322715736569402	0.98904257800297013	0.94101200036993582	0.55922786057654073	41.657781354798118	210.899089690674	717.50191144016446	48.192659404735664	221.62490158328811	691.45778865312172	97.870000000000005	91.820000000000007	80.610000000000014	0.021994858793730854	0.052156745562439599
1.26	0.13466997035185072	0.98881416346333473	0.94061622425173663	0.55504157932635112	41.596797833184738	211.58259136777241	712.20571750289878	49.117752384547941	214.266927462604	682.66602458609134	97.86999999999999	91.789999999999992	80.469999999999999	0.021691202218274089	0.051883116742360978
1.28	0.15272473270950321	0.98853903481861638	0.9356059764935265	0.59995941775675876	41.312115591603941	204.30766221793732	736.52819369100678	47.095804320070116	210.80117529320623	691.25813345868289	97.840000000000003	91.640000000000001	80.86999999999999	0.021396073552348741	0.05161839138520169
1.3	0.1472487233071634	0.98852274791934058	0.93003844719180306	0.62401613501670694	39.380263001530849	202.81802436629212	750.37077041473708	45.097797877687832	217.94435481291953	720.30263567742111	97.750000000000014	91.659999999999997	80.290000000000006	0.021109551559384609	0.051371499844171054
1.3200000000000001	0.15680017593481249	0.98763494167391352	0.92884110373298534	0.58756112910700353	37.93513423560411	212.63571870762877	721.72661374726727	45.438174390715893	226.88724319194944	704.6077432992322	97.699999999999989	92.090000000000003	81.129999999999995	0.02083279015863275	0.051149739535041337
1.3400000000000001	0.20280338767240425	0.98785950333654693	0.92928751841403812	0.57289555554345084	38.297394711332544	209.73470193268426	692.92023431558982	45.339337420285297	221.12836510023772	675.53925258066545	97.709999999999994	92.049999999999997	81.299999999999997	0.020563969092722161	0.050916395687006066
1.3600000000000001	0.20546394491320466	0.98615638920210569	0.93187979335416171	0.58934971267470093	36.34115684757829	198.88840190274487	653.29633240139151	42.551684386909322	208.3847530348975	623.46752041823106	97.530000000000001	91.349999999999994	80.980000000000004	0.020301854156221252	0.050634026677114016
1.3800000000000001	0.20458312325734024	0.98715363204700002	0.93413745553912408	0.545352779427697	34.872081332075005	195.20247720762899	652.21389508376649	40.15676790056407	201.00137331058568	613.51516678130554	97.209999999999994	90.38000000000001	80.400000000000006	0.020045307140967937	0.050273436706343842
1.4000000000000001	0.26747146072951933	0.98164148478651292	0.90578171268155194	0.50988316504396702	34.850644898218007	186.70813315559192	632.72263055984604	38.672624790820194	200.57278542833737	607.21979682231506	97.080000000000013	90.010000000000005	80.070000000000007	0.019799558693642923	0.049987756239593235
1.4199999999999999	0.24927628179813471	0.98600669274815389	0.90174820587334925	0.46276052968429937	34.713435922718759	185.38959201775918	612.39875284204811	38.841890077288284	191.72164420402424	576.23010048876324	96.859999999999985	89.149999999999991	79.730000000000004	0.019558700706431037	0.049706352892051123
1.4399999999999999	0.27053556888251235	0.95705281262191522	0.83348639720447404	0.49465740115242357	32.458746737485797	180.86109264981457	579.59904824837633	37.907221896548968	193.4842073979101	579.42554475437407	96.710000000000008	89.149999999999991	79.830000000000013	0.019324902501680417	0.049464271222284813
1.46	0.20019007251857787	0.92197133840068024	0.81408480218202384	0.46370206082805449	30.955339690918255	183.19870520971901	566.20128318308218	36.067330761810332	188.6971439788546	548.28961860222273	96.489999999999981	89.169999999999987	80.109999999999999	0.019092854892152088	0.049080073023355229
1.48	0.31454560996357778	0.98292939861251494	0.88241767113649661	0.5008336079413731	29.011414137377642	178.41450099108232	647.05613033836141	34.676704122499146	186.39952841396479	612.23181598947144	96.280000000000001	88.009999999999991	78.840000000000003	0.018878078807227593	0.049002296059362661
1.5	0.37500838132692693	0.95737921448006702	0.8383527722736227	0.49661702127419438	27.696591169688332	165.56395957961166	578.15748610749415	32.66984965896998	169.76933617616467	538.79038748108212	96.039999999999992	87.599999999999994	79.219999999999999	0.018653867568698794	0.048729746819890438
1.52	0.36597123307596058	0.9644683241875317	0.77579721140556068	0.34420086496450175	25.491301955137978	155.98082321303167	521.9257808851055	31.144987763023401	160.8186318018395	498.84918743446315	95.260000000000005	86.0	77.450000000000003	0.018443709158377862	0.048224997708221792
1.54	0.3284881469075121	0.9583425329462878	0.77229994001103208	0.32202725694884748	25.5442673990853	149.0213411023567	521.94487770028354	30.294641453808094	162.36891970844596	489.66440643305123	94.799999999999983	85.530000000000001	77.77000000000001	0.018241017190813977	0.04798541184245287
1.5600000000000001	0.4253178204830419	0.95454499928550884	0.73877040465055899	0.32160826846057955	22.917322829472258	142.62196089634671	471.01627320244108	27.125846825361513	156.01242218183535	435.72744656260068	94.070000000000007	84.609999999999985	76.839999999999975	0.01803455596468654	0.04761546797804065
1.5800000000000001	0.4997282425081081	0.9451545525063475	0.71631157074988128	0.30580995413123535	21.795426503452084	142.18631475057626	426.5540528572177	25.522692418005967	154.25408843995891	410.85575846793415	93.430000000000007	84.189999999999998	77.259999999999991	0.017838943973019005	0.04725127001050064
1.6000000000000001	0.48118926604540002	0.94369618129871868	0.70327094244092136	0.3116795344738546	20.878618227396238	136.71290196642741	412.28451232117203	23.61637319926529	144.92593057098304	401.18987867854611	93.22999999999999	83.439999999999998	76.5	0.017643968847517465	0.046870152034383904
1.6200000000000001	0.66385121870519781	0.88946582597594337	0.65238946449039226	0.26014860967917341	20.383489953349347	135.49099164339322	412.02064892978603	23.033378451381715	137.28110680749251	394.93045101259941	92.939999999999998	82.769999999999996	76.370000000000005	0.017457313891676693	0.046572689241394155
1.6400000000000001	0.72581228796788899	0.83326461063438229	0.58778003344253416	0.25523704018318061	19.178858773760201	122.41239422551538	345.77136789383906	22.596335445097729	127.83195136817967	329.16292569089563	92.599999999999994	82.170000000000002	77.140000000000001	0.017265648223158615	0.045829994192818892
1.6600000000000001	0.60832568046257929	0.86679976892825439	0.50300592922846232	0.21296728570633242	18.738780821272396	112.09386700424491	287.30603036976294	19.911555128893024	116.64668594323408	270.0168654666914	91.439999999999998	80.469999999999999	75.560000000000002	0.017086728459300031	0.04566210324333405
1.6799999999999999	0.74736711969548353	0.83153227932413432	0.44531925912689319	0.18108166066115305	17.283831436548397	112.04437728471177	335.22496617138404	19.378331915667424	115.78427476943162	317.72917103496314	90.469999999999999	79.609999999999985	74.799999999999983	0.016904265446103312	0.044981504879440776
1.7	0.76887745217086989	0.75445983785223858	0.41494289675496498	0.16812706068376554	18.651610554618721	114.92071623063789	308.14230824045524	20.516794983632501	118.6079805040121	293.38602223949567	91.480000000000004	80.950000000000017	75.710000000000008	0.016722270743041438	0.044564533017905097
1.72	1.1582604377808259	0.76392464431888207	0.40384853351598843	0.16221535702385009	17.871333780847657	109.8248286669254	295.34427111850169	19.340399719399578	109.59876457335102	272.73911472435532	90.390000000000015	79.540000000000006	74.510000000000005	0.016548622932370589	0.044778526788493027
1.74	1.055700668543329	0.72959108369711345	0.38885864205215354	0.13775374500900836	16.342111922939935	107.2280457532368	268.57393808029053	18.400532095549845	104.43254176585431	245.85714023592064	89.930000000000007	78.52000000000001	73.799999999999983	0.016389831061208691	0.044516634296223587
1.76	1.07944005838931	0.78282661542865561	0.33980988364913922	0.12315097213512605	16.490747032773498	100.1850712414447	241.33170805717609	17.677120870350727	99.907466917917333	220.69008596492935	89.269999999999996	78.510000000000019	74.060000000000016	0.016235142920664237	0.043803300908302263
1.78	1.0290979700525336	0.76215625234624362	0.3508770374720106	0.11393853305564412	15.657007071886596	98.030275675773893	245.31950140090498	17.256436146041914	98.123922107680272	225.26450725258684	89.040000000000006	78.27000000000001	74.429999999999993	0.016080043366809352	0.043565299567942237
1.8	1.1016839629921158	0.66598889202587963	0.2643338786591044	0.082285087302422399	14.966149459302773	95.467204969570247	249.00824578818327	17.563826045758002	95.070675340478758	224.39230869714348	88.649999999999991	77.949999999999989	73.789999999999992	0.015921331492471155	0.043103506791544829
1.8200000000000001	1.1521009570308682	0.65403939315082993	0.28234284002431448	0.091898238023246495	14.866675957566935	99.505464977740729	264.75785612994622	16.634782715348159	95.786721172568789	244.45081900178729	87.549999999999997	76.22999999999999	72.450000000000003	0.015776203083584336	0.042667349279517056
1.8400000000000001	0.93590303770212968	0.67504409639676677	0.23667620256488586	0.076002406637545511	13.910117289324418	86.440122719035784	206.71475906600782	15.158945689580591	84.690623021576414	201.14817263196855	87.329999999999998	75.840000000000003	72.309999999999988	0.015634464284644121	0.042645445041326391
1.8600000000000001	1.339758696165531	0.69186417838969005	0.22359691289075564	0.066281262897410903	13.928574774874111	95.242553901032622	248.0369740043439	15.632398682296946	90.967352494598543	223.81358009764125	87.530000000000001	76.069999999999993	72.349999999999994	0.015474979927056529	0.042415274383882054
1.8800000000000001	1.1626071297032974	0.62930614547172925	0.20396878017870873	0.072166097355617298	13.333712222755224	85.817384547478966	202.73775236184423	14.130809573935455	78.801833728172468	185.69355708819654	86.570000000000007	75.149999999999977	71.580000000000013	0.01534018999548741	0.041455537736349177
1.9000000000000001	1.0541564753159116	0.5767374149345873	0.13212893790141339	0.030057217948119986	13.351313760830305	77.573851795893049	168.61737723659826	14.347570811001464	73.562587096106313	158.31931698530886	86.050000000000011	74.889999999999986	72.030000000000001	0.015205348440031307	0.041456291473906413
1.9199999999999999	1.0409463814253019	0.55666050186200722	0.13554433433171334	0.02498508995774713	13.340151878661072	79.762481272564628	180.61222614158123	13.755604263610227	75.034798883513076	169.96040264685945	85.450000000000003	74.200000000000017	71.049999999999997	0.015060887805425647	0.040566058942473462
1.9399999999999999	1.6700668251990469	0.58459258054819541	0.17030911384929692	0.049822970637871063	13.188687694616169	75.205241945258393	150.42807779975757	13.82716477433039	70.560519251741056	139.13987533422744	84.930000000000021	73.700000000000003	70.849999999999994	0.014937427655018657	0.040398024573657779
1.96	1.233448397219671	0.4863780997166029	0.14928417699378752	0.066155197915306135	12.603177024625484	77.959146324359722	161.6650836183554	13.410090489305469	73.724980101943203	155.45177709335337	84.230000000000004	73.290000000000006	69.919999999999987	0.014801251607426503	0.039579081082511784
1.98	1.563184867023351	0.51866227580578728	0.10387292760901431	0.014038946188157786	12.210945560767245	71.668425334388672	130.84135590336817	13.111189641376123	69.845668232099939	119.31092450451186	84.300000000000011	73.299999999999997	70.870000000000005	0.014670883080239672	0.038985498984554327
2.0	1.5186252440325272	0.45909234915799713	0.098383425389095197	0.027755163454276293	12.475470299804035	64.175608240821049	115.34915390631848	13.140221996188284	59.89817321454624	109.99338837749694	83.049999999999997	72.189999999999984	69.570000000000007	0.014551019815101974	0.038624226528700727
2.02	1.7663720140708077	0.42179103118793709	0.085402341141405935	0.0091409428886924573	12.047785398391241	64.535055813419291	121.35570958750074	12.720352074601674	61.02867694160436	115.29737841132942	82.670000000000016	72.349999999999994	69.370000000000005	0.014427147288850667	0.038194765088643792
2.04	1.7291151264370164	0.39426514806545465	0.078938953059913025	0.027263535585345056	12.426353424279293	63.590523834002035	107.7655462925399	12.469651282658873	56.524811562790816	95.877300955415194	81.940000000000012	72.219999999999999	68.919999999999987	0.014311317438773449	0.038420853651504036
2.0600000000000001	1.608568987231163	0.40583344744911481	0.0672615233839335	0.030247243600604316	12.487603171924547	62.480073250516725	115.09401734935491	12.304769008475255	58.21570345994536	108.65569081934105	81.629999999999995	72.0	69.530000000000001	0.014199065836854633	0.037850291289824804
2.0800000000000001	1.5746252078165455	0.37704253579570224	0.076973212367919069	0.024031988521767828	12.45613536368421	59.150063188143747	98.120397943824088	12.536462360296017	54.015836614466664	88.624960028234781	82.400000000000006	72.329999999999998	69.780000000000001	0.014077602540202919	0.03773492370882614
2.1000000000000001	1.8685544906590892	0.28019091063385676	0.070226407890482789	0.046626588991850945	12.305878431921608	56.643542192288635	84.94972369690413	12.172812487111212	52.683223692986132	78.931992483690763	81.159999999999997	71.450000000000003	68.97999999999999	0.013972978289051636	0.037083342126776428
2.1200000000000001	1.6868987634936354	0.26727519326914428	0.047243966535914589	0.028677360309330859	12.465139887447814	55.931033061203969	89.590139816566676	12.643072898249326	52.611016042190442	87.162281645893998	80.239999999999981	70.999999999999986	68.259999999999991	0.013855125660695879	0.036606912158523588
2.1400000000000001	1.9079935349445589	0.28418063184926134	0.04389480513650084	0.030658258678184773	12.244896533737286	51.61412565538685	71.085919628945078	12.213714536458003	48.294522771916448	64.800829057529683	80.420000000000002	70.629999999999995	68.88000000000001	0.013747494780472699	0.036436550457523684
2.1600000000000001	2.0578555293527003	0.20437156251790406	0.028656535412170215	0.028392138245809433	12.407634914466522	53.491446562954948	74.44880323831282	11.900069282326074	49.862946124511538	69.872412060145024	80.049999999999983	70.469999999999999	68.460000000000008	0.013640474567421812	0.036221596604291473
2.1800000000000002	2.1331113137660256	0.18810706766831115	0.056828843353604143	0.034424136377471673	12.658065805936417	53.27602622932833	78.813523816136836	12.250165954414729	50.348277248571335	72.110808568500062	79.030000000000001	69.760000000000019	67.589999999999989	0.01355149073141261	0.035199523560857593
2.2000000000000002	2.005166923417292	0.20826597363317187	0.032605645756900878	0.035496589626593029	12.928988809119414	49.359494706910269	66.147417264586807	12.042787044016579	45.560316973856544	60.654961666327225	78.899999999999991	69.780000000000001	67.400000000000006	0.013432110344784708	0.035419142910295034
2.2200000000000002	2.2482795483448328	0.1770554405929948	0.019989266074071251	0.044304321388036617	12.566072894909238	49.405141521286872	66.522141204863857	12.112445497264535	45.092176869452359	61.651738671315307	79.129999999999995	69.750000000000014	67.919999999999987	0.013336992647693183	0.033910348533131594
2.2400000000000002	2.5659323992842564	0.14053989623768898	0.010738203930567059	0.019505246833118058	12.932803582645324	47.784079867791974	66.885596181151826	12.041456097367709	44.292929042209252	60.579897701842093	78.600000000000009	69.36999999999999	67.109999999999999	0.013226423739666699	0.033530048308952835
2.2600000000000002	2.0382247268551428	0.14161876661624878	0.014075195301636204	0.01654960619720304	13.027591828760212	46.539266160477553	63.517136305946778	12.181312656731382	43.881237379606411	60.482187066647214	78.390000000000001	69.849999999999994	67.179999999999993	0.013147290663020037	0.03427123551979451
2.2800000000000002	2.3870640582171627	0.15898272121335172	0.028237834829180863	0.014454234118894033	13.105330387630579	44.971820406795672	59.991668746607083	12.424802051602448	41.675268753850204	54.918591926802172	77.430000000000007	68.490000000000009	66.280000000000001	0.01305272716335131	0.034014470701281337
2.3000000000000003	2.0184205136776359	0.11189639149697476	0.012688958231716776	0.019914872347573782	12.954527236196725	45.123363052401508	62.566100351758884	12.293961266954977	42.790543892468548	58.57399828251981	77.860000000000014	68.820000000000007	66.650000000000006	0.012957810662255648	0.032785113628382899
2.3199999999999998	2.4388049102505192	0.13928084086313347	0.019479510776803426	0.03984363460317545	12.742626288909454	42.905012207056203	60.78365363717792	11.911280620098619	41.466933277739564	58.90106796902726	77.319999999999993	68.840000000000003	66.709999999999994	0.012857584340309786	0.033228402115424327
2.3399999999999999	2.3807793747120396	0.12300547464963654	0.019688636717399524	0.015901138830364099	13.320736108754767	44.194681139337114	59.469480348589414	11.984796439051136	41.030561972155418	55.297100715684415	77.090000000000003	69.140000000000015	66.609999999999999	0.012779472085637261	0.033234091019114023
2.3599999999999999	2.7337027084739547	0.092347261335469236	0.021241203895908646	0.058750256173563033	13.25228450874636	44.493142908672723	59.571010706969318	12.314747895346279	43.324805640752331	58.156451411936885	76.960000000000008	68.070000000000007	65.619999999999976	0.012679473407260717	0.032575289405906566
2.3799999999999999	2.3920867077059751	0.093144011024141618	0.0090779656124883989	0.029019789578669731	13.142545161280347	42.963274527578974	57.1421059310278	12.15883608300908	41.532306139173784	55.534033252717393	76.219999999999999	68.289999999999992	65.840000000000003	0.012595519210659356	0.03218316149972366
2.3999999999999999	2.6952305516673887	0.13248183718867729	0.0097543711907802193	0.027793752820255001	13.400997871544922	40.734412806750804	54.496137420760007	12.531331454200506	39.469191019842285	52.832467730556438	75.86999999999999	67.929999999999993	65.410000000000011	0.01248787343251952	0.032310315402509324
2.4199999999999999	2.9440442382035381	0.10854941352942553	0.01538858689826803	0.017194176516914423	13.299966705038068	41.214981235807201	56.199018868966505	11.609516845081025	39.358196320208251	52.601788311503114	75.969999999999999	68.150000000000006	65.659999999999997	0.012424693855901397	0.031649286541052049
2.4399999999999999	2.6368113173433478	0.10602639048801329	0.012376910024429645	0.0075973116598703153	13.606945390904851	42.397288103334773	56.47347071318859	12.621420437613592	39.170106874219606	51.494430304220501	75.700000000000003	67.419999999999987	65.460000000000008	0.012341271494339556	0.031080281966132828
2.46	3.1517693229963464	0.078915866232466159	0.021205079843023243	0.028488687818331269	13.540089293677454	38.667823276348258	51.730326535574953	12.564169019838943	37.409632085912293	48.105872725254144	75.990000000000009	68.110000000000014	65.86999999999999	0.012250968511079995	0.030892644887344813
2.48	2.8517836000161965	0.065936219424640258	0.0036639634410446133	0.017249545071551391	13.993487380095806	41.409263733204781	55.997214729037026	12.751293045661061	39.615085274366429	53.11999720263691	75.330000000000013	67.549999999999997	65.280000000000001	0.012188005710179219	0.031156363573894629
2.5	2.9709196627417431	0.078331816461528952	0.015689600807529291	0.027456828163516484	13.874413568611811	44.897262372738503	73.948668093818327	12.820037104498692	42.447641676148891	73.390937332822006	76.240000000000009	68.300000000000011	65.400000000000006	0.012095305081592615	0.030902488214222878
2.52	2.9988373886658461	0.083905136668404962	0.014647532371826175	0.0223554724165347	13.700214695516994	37.676201806950687	50.775986798144814	12.722270911419994	37.484905865956861	50.018643196383984	75.359999999999999	67.679999999999993	65.069999999999993	0.012020448954749971	0.030110784292454014
2.54	3.3189704029696356	0.090337260197525471	0.024543366557883389	0.0278540980243503	13.709461890071935	38.35044512476582	50.501613663148603	12.352423874991587	36.275481102028614	48.204736119428944	74.210000000000008	67.069999999999993	64.47999999999999	0.011943807850810836	0.030442020542199556
2.5600000000000001	3.4404841536134336	0.058836090335050349	0.015424029279808446	0.032146383240101127	13.950849459164402	39.443258345586941	51.575770386995522	12.549869575496064	37.865692513912791	50.06298442987584	75.109999999999999	67.819999999999993	65.560000000000016	0.011863167496720985	0.03026690325905727
2.5800000000000001	3.8892953312287508	0.053083772289969279	0.015488933013848049	0.019320424658169317	13.727285940608533	36.504505952650518	47.300680033077278	12.270828759109184	34.786470327456911	44.601825802064766	74.27000000000001	67.340000000000003	65.130000000000024	0.011802466224437525	0.030331538275756575
2.6000000000000001	3.9923516526291847	0.06459697790985372	0.018819404442829132	0.027582438558890754	14.045396961399419	37.029268836942414	46.915814500850203	12.354866698960739	37.405350553833053	44.790248477893186	73.5	66.340000000000003	64.169999999999987	0.011708506859368875	0.028981112280254628
2.6200000000000001	3.2500953785495468	0.039227403568360533	0.035453773804362911	0.029944112740888373	13.914066260822764	35.632545829508196	46.492832697904845	12.916772765160101	35.674064131152839	44.176573283279332	73.260000000000005	66.160000000000011	63.859999999999992	0.011626384075251388	0.028361487088097149
2.6400000000000001	3.5234028135172419	0.046654679092558014	0.0039078482493099835	0.01747846760441283	14.309396810686369	34.769346739781575	45.541533064679854	12.859935026104214	34.544197706912044	44.083096565949987	72.97999999999999	66.0	63.570000000000007	0.011598103297316458	0.029675089283063727
2.6600000000000001	3.8604084288314544	0.046497920860314956	0.014765183401363596	0.012047674567795453	14.317524130947779	35.089956621219073	46.772332580411479	13.145766642940325	35.677470906055881	46.782467410542736	73.120000000000005	66.939999999999998	64.429999999999993	0.011473951558227882	0.027974052969683121
2.6800000000000002	3.5719363416345606	0.063554779751376356	0.015566232026877411	0.021947825026099287	13.844319559413183	34.185154115344389	44.158653661420132	12.569196921781245	33.902281966922509	43.217986957754036	72.960000000000008	66.02000000000001	63.940000000000012	0.011409765072401049	0.028605221056805463
2.7000000000000002	3.4674887999291815	0.036986006018017999	0.018596105936892822	0.018817123536850649	14.036685266525172	36.568640293887164	49.637765135080535	13.08773985747759	36.681685056794819	48.949362599852805	73.340000000000003	66.620000000000019	63.569999999999993	0.011326962265643083	0.02736894655446994
2.7200000000000002	3.3697669244029052	0.077219369641133712	0.01875497171237106	0.038313688297716073	14.440370679231032	33.692925236215018	44.405768515855797	12.991620151372263	32.710422841176218	43.753779740570344	73.189999999999998	66.840000000000003	63.969999999999992	0.011314351375736312	0.029259819007965954
2.7400000000000002	3.6885944777267174	0.036432352029755706	0.010810775868255818	0.013372324463834944	14.008616204753764	32.38403335623088	41.381374100733566	13.244277418309952	32.616612059705723	40.179192021611513	72.359999999999999	66.080000000000013	63.589999999999996	0.011201094760973199	0.027305580302740586
2.7600000000000002	3.6910699572239807	0.1018043694915394	0.022054566043430278	0.0089238134017275671	14.69903963274842	38.63751537817204	58.078815626885032	13.79349588591111	38.717816464183514	56.191156215007524	73.719999999999999	67.180000000000007	64.839999999999989	0.011178636915067226	0.028779448423521758
2.7800000000000002	3.7295290700703796	0.030892630487746105	0.0071302288093182745	0.049095869246999164	13.94004991204304	37.470683373234955	66.115783019708061	12.968619601979295	36.166836291777514	63.728946594076298	73.22999999999999	66.27000000000001	63.089999999999996	0.011066655287194131	0.026457577031226438
2.8000000000000003	3.6976689354873447	0.038926569761011318	0.017045369532924546	0.028553298627104956	14.425871876611655	31.628603663367301	41.460210113224591	13.548964378841603	31.046750700190785	39.552978059513478	71.640000000000001	65.590000000000003	63.25	0.0110147717696291	0.027251074575114331
2.8199999999999998	3.8520153178394865	0.034061114001871007	0.018390850200623917	0.018702772726541628	14.161740458313616	30.460568756948966	39.394638293687322	13.316948328302157	30.409431205336297	37.549997446892604	71.500000000000014	66.110000000000014	63.259999999999991	0.010932180640235937	0.02623214820289721
2.8399999999999999	3.9104314218192413	0.03413428485815885	0.0067150383798133982	0.01448406340746668	14.583000231780264	31.891673951132656	41.054024325776304	13.546951522311378	30.628339654757969	40.435721001844833	71.640000000000015	65.870000000000005	62.940000000000012	0.010867585564225056	0.02582682401755294
2.8599999999999999	4.0876535882881697	0.032651549117436743	0.014222583743328169	0.028351608177468866	14.713481794238803	32.597269252607973	43.552433182673653	13.398347794935336	32.079974237552719	42.271625206637722	71.5	65.13000000000001	62.239999999999995	0.010820716495287416	0.026221695353913221
2.8799999999999999	4.3820395590508836	0.035225695942640606	0.018479698810429806	0.026356697523243509	14.384750591913624	32.137114841825912	40.803149969559115	13.17570809828479	31.792052830205343	39.645709488558758	71.780000000000001	65.919999999999987	63.409999999999989	0.010736593758345797	0.025929666325152163
2.8999999999999999	4.3200821921205508	0.035043144423773952	0.018522512548173102	0.017037095843496441	15.107556873321318	31.401386857523647	41.397323880037639	14.000295341742703	31.279807163895118	40.885109569101253	70.919999999999987	65.210000000000008	62.060000000000002	0.010676301452936333	0.025466568569768082
2.9199999999999999	4.5662857579338541	0.0217629517886146	0.013122298884943465	0.017729574884121312	15.04835250342407	31.493601821406763	39.868805565150403	13.677643656294794	32.095072015414814	38.402431517791584	70.699999999999989	65.140000000000015	62.300000000000011	0.010628520277991733	0.024866593690838903
2.9399999999999999	4.4851635257523066	0.020747068287656704	0.0091821784456560113	0.032174439340494632	15.020088703427984	30.150420706710879	38.885795871325435	13.609032354843672	28.046988431020889	36.683463027196275	71.0	64.680000000000007	62.579999999999998	0.010543359516323601	0.024656850974789802
2.96	4.5610254134492001	0.034080493452330704	0.011846044016395715	0.012651295780094751	14.903675352041191	29.955445448404515	38.814468364805556	13.630809664205424	29.265159069349362	36.304223895641748	70.170000000000002	65.010000000000005	62.519999999999996	0.010506590799899613	0.025071084879205285
2.98	4.8671203455198953	0.016888721014464116	0.0078854522416344323	0.021745458690208799	15.182019742746373	30.611960612699647	39.848322165760969	13.671439689586226	30.146576674281118	38.463707191266494	70.61999999999999	64.290000000000006	61.679999999999993	0.01045366036693084	0.02440216095328844
3.0	4.3400706027868781	0.024834232282232502	0.0097949084527700035	0.020291054351098847	14.893369912279521	29.799493275539838	38.932275340522004	14.226572784301757	28.950810613464675	36.754272472182905	70.059999999999988	64.590000000000003	61.950000000000003	0.010397240524323819	0.024222356626567011
3.02	4.1513427305659061	0.020918342782161356	0.022275920393512193	0.015194461606625558	14.766972549766939	29.174534498867949	38.693025580028369	13.667014399864076	29.094971465557204	38.14043414498834	69.559999999999988	64.239999999999995	61.890000000000008	0.010349098929596522	0.024105756964560195
3.04	4.596170025098897	0.020243882364506326	0.012564654615438755	0.017393090309198313	14.856514632902378	30.115055596987908	39.502378298980133	13.325045676139215	30.432333062858408	38.692091749656974	70.740000000000009	64.580000000000013	61.960000000000001	0.010273894473557751	0.024221569235960347
3.0600000000000001	4.4205911944880754	0.024098003917098532	0.0053608623834979965	0.015964247259143576	15.068700464713199	30.326531186874472	39.42363858845065	13.89542871560894	29.21704675132866	38.4928426077784	70.009999999999991	64.400000000000006	62.070000000000007	0.010250525569107025	0.024173763428553784
3.0800000000000001	4.8264810401976108	0.024108961775560857	0.016146338155378998	0.018952461766549109	14.812971282325691	29.712538174923047	38.113693761247816	13.618759421863132	29.512708506248565	38.074856828000307	70.129999999999995	64.749999999999986	62.120000000000019	0.010151556885850066	0.023647020272548804
3.1000000000000001	4.6546599934460993	0.026120645031930362	0.013309871888019931	0.033875549570526055	14.938338026970419	29.341128309596805	39.022172041536685	13.955036723635345	28.97939565874761	37.780242200695035	69.700000000000017	64.159999999999997	61.469999999999992	0.010119132130684235	0.023376670830476988
3.1200000000000001	4.9517356614913508	0.020248000480978683	0.0084551191845216086	0.021535733278399395	15.107621585149113	28.439310066324758	37.222552447879075	13.990651991348631	28.383051948108129	37.29738936578552	69.079999999999998	63.939999999999998	61.480000000000004	0.010046821218800342	0.02336687032760066
3.1400000000000001	5.4944290326426257	0.014521636876154025	0.017619501298118758	0.016317312931237619	15.51603296051681	29.638849285905014	37.723024177524536	14.765649089134106	29.247590107977839	37.733852129699109	69.049999999999997	64.140000000000015	61.509999999999991	0.010009285071035465	0.023041968343705928
3.1600000000000001	4.7534787826887177	0.014050837766060953	0.0091357015887460584	0.016365662247520056	15.297638426406683	28.491571869094606	36.634565478874023	14.008994807081127	27.880728438051289	36.791260795334871	68.590000000000003	64.109999999999999	60.909999999999989	0.0099506332079467887	0.022425634905689711
3.1800000000000002	5.1157417260835327	0.010527709332383291	0.0032982755865511512	0.012733333166075842	15.236566292307913	29.856923909554894	37.790342326096365	14.20537809985224	28.802060672154614	36.119657420595431	68.859999999999999	64.319999999999993	61.11999999999999	0.0099148884093112327	0.023067162869365714
3.2000000000000002	5.6506638329588883	0.012665487727896515	0.0035348719001284086	0.022342388806483128	14.979050278432414	28.887411031487193	37.477244970948874	14.422551432891902	29.149599213408909	36.776253424629083	68.790000000000006	63.649999999999999	60.86999999999999	0.0098556769010326034	0.022333778959226978
3.2200000000000002	5.0206375013469602	0.020408735887528732	0.0097948648082770654	0.018950937815253401	15.047225092669844	27.729284674749074	35.52574984129366	14.098671631635776	26.893524949407485	34.319187037796119	68.670000000000002	63.75	61.100000000000001	0.0098039235369226322	0.022189697787390307
3.2400000000000002	5.0035822706400799	0.013589105981789066	0.022390831548709737	0.019235697629414149	15.088084706062125	28.200749963274813	36.810673657534359	14.471983170181698	28.471582408957865	36.591686640394528	68.969999999999999	64.060000000000002	60.929999999999993	0.0097369204467498815	0.021751608162942599
3.2600000000000002	4.8391842506508276	0.01375560493901087	0.013248341122570733	0.0099074478691641658	15.661066966081512	29.225613211964308	38.505936456457405	14.459069333570417	29.355570326323182	37.959191504983067	68.959999999999994	64.140000000000015	61.320000000000007	0.0097032614551950704	0.021825374169163615
3.2800000000000002	5.2270115790354454	0.022538020200405295	0.01897957530065518	0.029692373480473388	15.22125404420837	28.069390326619633	36.431437959274703	14.308701509968637	27.644605725975168	34.740462989679394	68.02000000000001	63.129999999999995	60.970000000000006	0.0096619841623899593	0.021701713349243461
3.3000000000000003	5.6752972930268815	0.024469573218341045	0.016243254124534104	0.032893088344261627	15.609793276532958	26.837725181067633	35.320375316764789	14.774205581807507	26.037696830975261	34.131494851405861	68.289999999999992	63.439999999999998	60.310000000000002	0.0096176923918129594	0.021411057995495236
3.3200000000000003	4.8918061191138857	0.014279220292298292	0.013664906878388717	0.028341942693855017	15.545761042072348	28.140001177661709	36.532008539327784	14.578947240658062	27.951041803654572	35.567870855737894	68.480000000000004	63.820000000000014	60.660000000000004	0.009559754733307415	0.021585081932749675
3.3399999999999999	5.449552280746488	0.017237448179116901	0.020108921679724143	0.026631107964428004	15.849506662470919	27.577613741699935	35.416183348985236	14.756471569640999	27.056717038304487	34.04767882711694	68.140000000000001	63.109999999999992	60.640000000000001	0.0095102502872544716	0.021424973414644936
3.3599999999999999	5.1762453529165819	0.012531077132288482	0.0046796651554948101	0.017720885981794186	15.254166759284777	26.712752105243283	34.300343373435723	14.014639504151972	26.595174490762012	32.447420321547796	67.849999999999994	63.030000000000008	60.260000000000005	0.0094772879284437707	0.021347262828105708
3.3799999999999999	6.0062237041564384	0.009444531634150273	0.0028668129741089067	0.011446294948837666	15.238669933700624	26.288417884150157	34.035029970222411	13.99265675863488	24.257074259190212	31.80966515001278	67.640000000000015	62.670000000000002	60.229999999999997	0.0094247096590414324	0.020764326043350961
3.3999999999999999	5.5449584330908559	0.013844366328132546	0.0064094737329420089	0.0067405265697183091	15.775763567143045	26.806366586863714	34.530731688807506	14.940156766085858	27.209716107205331	33.818343697537621	67.010000000000019	62.620000000000005	60.25	0.0093770279669019348	0.020952815061807732
3.4199999999999999	5.4665477886351912	0.012560354728597636	0.021467121112788846	0.0089886175154270977	15.648137918062655	26.667011352641559	34.136916183256062	14.703560770300871	27.174995462522094	33.921923512973173	67.330000000000013	62.810000000000002	60.429999999999993	0.0093474820787293224	0.020568182311655688
3.4399999999999999	5.1330889884766524	0.0053949304242588486	0.010136861397376224	0.012726369346642365	15.333395918940857	27.032206094772647	33.650169469236381	14.74641762485906	26.934562577610972	32.491445049298463	66.849999999999994	62.640000000000001	59.640000000000001	0.0092767517784395244	0.020607398985769514
3.46	5.754505222855486	0.0050718604173744623	0.012450294337594998	0.020311985244550176	15.841118888255334	26.747269459928855	34.605556420766611	15.28385080185798	26.682171463545338	33.394823038419879	68.040000000000006	62.830000000000005	60.25	0.0092369318537496407	0.020159978713945211
3.48	5.8292744365222875	0.012978374034092568	0.011182342110517845	0.01467745061234085	15.262961275030468	26.364825568490978	34.339037436462021	15.162867126806455	26.864584127681486	34.330811390293789	66.859999999999985	62.689999999999998	59.939999999999998	0.0091998266413998702	0.020413763572773431
3.5	6.2979882340365609	0.013626631025735029	0.01350137237226617	0.01718555801017347	15.410019641607548	26.795018601689026	34.894681653084668	14.962391695177265	27.877362480742743	35.0184668274308	67.109999999999999	62.850000000000001	60.289999999999985	0.0091739075101723751	0.020523099279238451
3.52	5.7653893788479147	0.0050806620933474267	0.01484085715118948	0.020736264092688323	15.504530129702298	26.524755665804186	35.003623408700967	14.8569835246733	26.606508728346178	34.684989087051299	66.670000000000002	62.439999999999998	60.070000000000007	0.0091196845723271972	0.020445381864590165
3.54	5.9552942108016707	0.014267395681393177	0.013863924978241404	0.018241126737004378	15.711717218669966	26.489009057402502	34.877332631653999	15.371012852369043	26.258773096685751	33.809832660540522	66.450000000000003	62.080000000000005	59.479999999999983	0.0090685668357720108	0.01956607288946479
3.5600000000000001	5.9043499147153353	0.0098115248633216384	0.0096969537836967788	0.0060880630704231806	15.641537137202738	26.11471616429024	34.023936230128228	14.564124791453244	26.160195942372177	32.990966936071189	67.060000000000002	62.960000000000001	60.100000000000001	0.0090350424885643887	0.019726864941106481
3.5800000000000001	5.4608499227253811	0.011069496061178361	0.0085305727771917243	0.020484617672789092	15.483210387777333	26.563638797401619	34.139897844139668	15.310604395096789	26.363161834263146	32.441322368006176	66.859999999999985	62.539999999999999	59.11999999999999	0.0089919910525695472	0.019495672168667686
3.6000000000000001	6.5107180397685855	0.01678568694154978	0.0083744123656982559	0.016028832760263081	15.262824768512695	26.383408697540261	34.465596419141384	14.979572618844127	26.812538426496655	33.24806446663802	66.860000000000014	62.25	59.049999999999997	0.0089529170135213883	0.019440583757029905
3.6200000000000001	5.899243366315714	0.011953624125319567	0.0065544370405730395	0.016365482618227602	15.499741658282886	25.872557579798308	32.841023398956352	14.931564524511904	25.736674743269823	31.780890478082579	66.330000000000013	62.219999999999992	59.239999999999988	0.0089034271891625383	0.019004354588747763
3.6400000000000001	6.6109734280155941	0.015688549580917834	0.011885971359621444	0.018140430994256444	15.350520135102022	26.255557325977872	33.663935247008936	14.598222926095838	25.983289804523004	33.187417888618185	66.720000000000013	62.70000000000001	60.390000000000008	0.0088872662620758814	0.019106216775371453
3.6600000000000001	6.3940114021576067	0.012019164070093933	0.021872915154500152	0.010843783009166306	15.629354187631819	25.397721834619112	33.662439323172364	14.942458079515706	25.635115863526885	32.679632732902078	66.360000000000014	62.140000000000001	59.899999999999991	0.008836201381366128	0.019115532626836976
3.6800000000000002	6.2057905278539742	0.0077329324594835065	0.0091365071994992091	0.019580903897594128	15.608556198162677	24.538589687246208	31.46670529935118	14.910599027257916	24.175953702843653	30.69512034735099	66.370000000000005	62.45000000000001	58.780000000000008	0.0087915104701512623	0.018591125979820565
3.7000000000000002	6.4715562454863633	0.0064444097941393289	0.0045249819702712973	0.024194789734275156	15.374359642017632	24.647941394257856	32.088277995749941	14.384303945501738	24.950173749823144	32.121918160468894	66.239999999999981	61.539999999999985	58.709999999999994	0.0087681132530784169	0.019052614165110081
3.7200000000000002	6.6042575581413443	0.0065375034044518514	0.0060030862874966093	0.022200252464873789	15.079252811592212	25.325773534874184	33.297876414124616	15.171482482089923	25.48181236504367	31.883784145511505	66.469999999999999	62.629999999999995	58.600000000000001	0.0087259118507300639	0.018522845323522802
3.7400000000000002	5.592581521095771	0.009229233567324191	0.010559900178345761	0.016772356637324633	15.739595428059435	25.351548812422244	32.57447859614674	15.403383880922553	25.808629804955832	32.309600065763767	66.620000000000005	61.5	58.399999999999991	0.0086720550504799879	0.018345174221995268
3.7600000000000002	6.3112507675787954	0.012829898501520831	0.010497240778898589	0.015309732259695738	15.248974084198721	25.646544417439561	33.371382805892139	15.000155036243978	26.076882005836648	34.384156194174984	66.030000000000001	61.649999999999991	59.25	0.0086579260242274948	0.018753675430344952
3.7800000000000002	6.1716107639514126	0.007406641524053968	0.016186364556289683	0.0059071312652928957	15.247535505620254	25.005938736248961	33.113598769673615	14.882378070021778	25.367296902185249	32.722292201582135	65.880000000000024	62.540000000000006	58.260000000000005	0.0085964903175223609	0.018155702305918904
3.8000000000000003	6.5067364651576378	0.011868953371713379	0.009075894606476561	0.0085402195250845192	15.306775243020576	24.645123266737407	31.674198624347401	15.187825733910548	24.689443408755029	30.465416887774062	65.690000000000012	61.600000000000009	58.509999999999991	0.0085578324373406529	0.017793529611084585
3.8200000000000003	6.6883482368463163	0.005315087383912751	0.0083250333440884304	0.010495515548530027	15.47510750862693	24.916475086251531	32.458837736779856	15.091700693537934	24.704425248933106	30.722236631158061	66.090000000000003	61.549999999999997	58.989999999999995	0.0085419334022837027	0.017841806799395957
3.8399999999999999	6.724124580772239	0.0094235469054818367	0.010496111822379143	0.011967136651352298	15.310300391715923	24.861347248573026	32.090242429952028	14.874308262171729	25.644447209104538	31.527471204168585	65.929999999999993	62.010000000000005	58.859999999999999	0.0084763602877869285	0.017924932320318564
3.8599999999999999	6.8525925116811104	0.010496826456606708	0.011085006010322387	0.018801603180988356	15.314172092309681	24.783938159211786	33.115630239450766	15.251928309606546	23.92381517287097	32.026919681857137	65.719999999999999	61.66999999999998	58.589999999999996	0.0084536740177682673	0.017723099095057912
3.8799999999999999	6.7159297331134757	0.0083546884725670695	0.0074665564844012908	0.012473834749517795	15.357571557609081	24.839609481251234	32.509247800060166	14.743347199777876	25.108042837694985	31.66099022859974	65.719999999999999	61.709999999999994	58.299999999999997	0.0084163908461569511	0.01774004302047482
3.8999999999999999	6.9926074647126946	0.0069278001577313215	0.0085935506142667279	0.016359083911974218	15.6328472748888	24.829159615604617	32.465536667250653	15.132206336257573	24.28303083972737	30.925308198570303	65.409999999999997	61.170000000000002	58.319999999999993	0.008369413924873028	0.017054147742290724
3.9199999999999999	7.2956336287280648	0.0075804217596713245	0.018074958518209356	0.022465021614177131	15.379379275907093	24.560694244178496	32.196928036926401	15.061745467973148	24.884020716095961	31.211284687749185	65.209999999999994	60.760000000000005	57.819999999999993	0.0083514864947824563	0.017488038307142881
3.9399999999999999	7.0887771078318602	0.0057786573511681896	0.0035489260611413003	0.010648270666906391	14.946198576582063	23.947515378314542	32.218075110794857	14.844328988502378	23.539898981014538	29.954097108827209	65.239999999999995	61.210000000000001	57.739999999999995	0.008318571551697209	0.017259391921628214
3.96	7.1453005948611708	0.0035392549471131517	0.0083062982511691863	0.012105566020327353	15.249632820429801	24.943609210455747	33.057639286201905	14.726176218085422	23.904670098488456	31.164120213094712	65.140000000000001	61.210000000000001	58.189999999999998	0.0082825222240266363	0.017175776222005733
3.98	6.9724681153487529	0.0038935015569786283	0.0079188641782564489	0.029122785964875331	15.380236994255327	24.569781284523451	31.788583837538027	14.377485261731064	23.716591866270001	30.621429703206058	65.450000000000017	61.199999999999989	57.979999999999997	0.0082527291994483037	0.016878355019297527
4.0	7.1391472807901888	0.0063036148033560569	0.011361577073055211	0.014057964884965038	15.610947151828981	24.796876935633069	32.298379276737265	15.263717359042506	25.276861220900571	32.355050259416878	64.909999999999997	61.049999999999997	57.780000000000008	0.0082215219713043103	0.017381417995411017
