weight	lyapunov	err1	err2	err3	m1	m2	m3	std1	std2	std3	null1	null2	null3	f	stdf
0.0	nan	0.7407889604198693	0.1239112433817094	0.020914198899143505	10.876291367191444	15.613142234144053	13.537849920301372	18.49428027145597	30.507857228580491	26.735422024513404	99.219999999999999	99.219999999999999	99.219999999999999	1.0000017384726541	0.10001213019349138
0.02	0.0050857805250283366	0.93226597521054322	0.96813430565049219	0.5245833282954514	11.626445016985397	47.068604139111393	136.88113117512142	11.60993073809767	42.634484742044599	125.34220451972828	86.899999999999991	58.760000000000005	20.470000000000006	0.46964158416424845	0.10618239709649364
0.040000000000000001	0.012885260732198546	0.96994600220772753	0.98984836387042796	0.56428846365454299	12.601497557322906	37.372060176893605	137.86569089637845	12.721716199028851	35.297404830009384	130.46517782902052	86.919999999999987	68.260000000000019	20.439999999999998	0.30691566949971394	0.11060980467987425
0.059999999999999998	0.020880750309614858	0.96506418895548429	0.99299986406362595	0.6181113648667198	11.312965193699068	26.965180605328243	153.99333868281752	11.583814368392435	26.137567817311787	146.56657332106352	90.650000000000006	77.099999999999994	19.509999999999998	0.22817181210223753	0.11187693202327927
0.080000000000000002	0.040781084041202294	0.97067251632234475	0.99576132996389644	0.65981320137141775	11.906826946485767	23.658138942426142	152.83056392267866	12.322268208831717	24.370636705463717	148.59310472943383	92.810000000000016	80.780000000000001	20.890000000000001	0.18195563483171179	0.11055274585253221
0.10000000000000001	0.064396635785046674	0.97487504745336029	0.99655897469581678	0.68638386764830162	11.413592824947221	21.416847804858584	143.46830050749739	12.424322644266308	23.49849438587027	138.94229128763956	92.370000000000005	83.719999999999999	23.389999999999997	0.15164571869809626	0.10796464116908666
0.12	0.085305502508528072	0.97790698504546614	0.99740920478326789	0.72376898041402893	11.479174283072966	18.648134091658214	153.72468741426042	11.761080710651028	21.477928018641606	140.44823945837999	92.609999999999999	85.590000000000003	26.719999999999999	0.13025439629029725	0.10489678150342423
0.14000000000000001	0.13869294584071698	0.98099808448043235	0.99710524594134342	0.77071065122735605	10.704260694298013	16.749229818350578	152.79172967714513	11.097641554197063	18.726212628395249	140.7225859654807	92.760000000000005	86.829999999999984	29.649999999999999	0.11434270668644683	0.10182744526591951
0.16	0.16819439317355686	0.98363568570611393	0.99631847848613886	0.77694174934184246	10.060061883483041	15.587153109085548	142.7773144912864	10.96810610448439	17.534096602013001	134.04739751429889	92.759999999999991	87.620000000000005	33.350000000000001	0.10204013802684742	0.098939149038616558
0.17999999999999999	0.17696656956449944	0.98577719181679269	0.99633881941544156	0.77941309150616411	9.6787531261720119	14.26208584559976	137.78019912102525	10.105328645044111	16.876200674746105	128.23061161005029	92.950000000000017	88.210000000000008	36.550000000000004	0.092242992916347674	0.096265785394675243
0.20000000000000001	0.17840388440632401	0.98721028770690766	0.9963251776894918	0.80105115361725365	9.0447300851829322	13.919450251930002	129.54678268297394	9.7020676131987287	16.904434066082892	119.53067440250084	92.689999999999998	88.870000000000005	39.600000000000001	0.084253037611329101	0.093807110968264329
0.22	-0.047535927945508122	0.98778394577568263	0.99663453651153089	0.83043394512362156	8.2295496832329107	12.770057856204506	120.38780589873902	8.9980064812100213	16.151327604513746	112.81171098678854	92.330000000000013	88.530000000000001	42.780000000000008	0.077608935024219922	0.09157459396136855
0.23999999999999999	-0.19055367076205568	0.98858609969406908	0.99661432901990676	0.85264947935190505	7.9407860055032442	12.353264942087673	112.02171242840643	8.0987425065251237	15.823582530806002	103.03359877707035	92.289999999999992	88.600000000000009	46.279999999999994	0.072001519237351874	0.089523925696314968
0.26000000000000001	-0.20803476352985781	0.98853449629215928	0.99682135438777553	0.8605340583370864	7.4049639367463325	12.039672984681971	102.30926382578454	7.4495014275536873	15.085089235201886	94.493858665735118	91.969999999999999	88.680000000000007	49.340000000000003	0.067203192393169547	0.087630013559555062
0.28000000000000003	-0.20282664177957332	0.98903368677604464	0.99661543042338374	0.87056528178045522	6.949066889126331	11.222605230690728	92.298295425358759	7.0268473972273195	14.474958358273085	86.173272325476063	91.590000000000003	88.120000000000005	52.349999999999987	0.063050814390335413	0.085868442025870823
0.29999999999999999	-0.20339050760517319	0.98980372870487765	0.99621026082161102	0.87733930718060049	6.7326933392910586	10.945231808059077	84.686249033420467	6.7255089940138557	14.316017308532432	78.377919513742398	91.569999999999993	88.060000000000002	56.0	0.059421854545942475	0.08421746882251771
0.32000000000000001	-0.20592703242032143	0.99017178620990509	0.99558762118918165	0.88069526698684797	6.4251132506948139	10.446085089984617	73.542579667592648	6.7865852176032337	13.99578042957055	69.877651952947261	91.450000000000017	88.060000000000002	57.720000000000006	0.056219680114154867	0.082669648582879521
0.34000000000000002	-0.19648751476986914	0.99012720997511905	0.99507733365810547	0.89521252573046861	6.2977754956002299	10.225111976721038	66.990983457236169	6.825079397313961	13.692786020315882	62.387496816420445	91.489999999999995	87.950000000000017	60.600000000000001	0.053372508832733943	0.081225741161724332
0.35999999999999999	-0.19843707183354617	0.98981034037218651	0.99479634034827435	0.90744317669182806	5.8253747525304789	9.696249734073179	58.808915463712786	6.4486317582413646	12.742370865151049	56.020692246465259	91.009999999999991	87.190000000000012	62.029999999999994	0.05082140224603228	0.07986989650260358
0.38	-0.171709125564589	0.98909324576421187	0.99475212005678448	0.91300756996318155	5.5185440998576514	9.5879227971943148	53.939044354100773	6.0163874839776685	12.308416247886717	51.987476409033547	90.840000000000003	87.150000000000006	64.010000000000005	0.048526182306610953	0.078607718839394089
0.40000000000000002	-0.1716319450307241	0.98901161861300912	0.9945865389330526	0.91716118385280621	5.5386073633750792	9.4067843017137616	47.911756835144679	5.6630480588302419	11.783080693846342	47.374726403754003	91.0	86.72999999999999	65.280000000000001	0.046452168119737534	0.077429405761262837
0.41999999999999998	-0.13951391430344667	0.98861293154583474	0.9940946394899397	0.91283117296111749	5.1171988656017291	8.9824866529093796	44.567278705950876	5.3573082395533032	11.211940883926253	43.582229015703618	90.460000000000008	86.02000000000001	66.380000000000024	0.044568496608774925	0.076303392731114972
0.44	-0.13492229388022461	0.98843941587457085	0.99391867325687566	0.90697824425808693	5.0049230560438129	8.5331980214284506	41.48252307683542	5.143498022671416	10.65263421478514	40.845079423938699	90.220000000000013	85.289999999999978	66.780000000000001	0.042850092012370916	0.075196583986832918
0.46000000000000002	-0.046406651600276565	0.98803046661891236	0.99378541133143161	0.88390989954057453	4.604197543077051	8.2041794239935903	36.486799655700842	4.6802595284932957	10.165922576061913	36.673855786432469	89.400000000000006	84.579999999999998	67.849999999999994	0.041275272589319713	0.074198992713877102
0.47999999999999998	0.037891029119867345	0.98707066622904238	0.99254041664516068	0.86849035912265138	4.3588090185216206	7.7282660703235155	32.569115608564466	4.4061531398616172	9.2969179105118389	33.443583084609649	88.799999999999997	83.659999999999997	68.710000000000008	0.039824958795536783	0.073292122673744034
0.5	0.068887337950745864	0.98406055809534698	0.99092773312544546	0.86510670720568117	4.152302824602252	7.4922876662691547	30.719310016208926	4.236839462569435	9.110776120320125	30.859720584367984	88.400000000000006	83.069999999999993	69.579999999999998	0.038484846293931466	0.072400622025823327
0.52000000000000002	0.16851735966370404	0.98408458475541083	0.98981424397438	0.85229169906848035	3.8480423552300778	7.267736173144705	28.416928423524837	3.9337077816644475	8.7670866070758446	29.271427929683757	87.359999999999999	82.560000000000002	69.429999999999993	0.037245092044799658	0.071459163370050455
0.54000000000000004	0.225947887775342	0.97841034253593318	0.98349162413432034	0.84590187956053753	3.718287579751967	7.2145973863069859	26.045651649386798	3.6973540585573232	8.3838151855733223	25.06311074486295	86.719999999999999	81.870000000000005	69.019999999999996	0.03610721750680386	0.07049688320953254
0.56000000000000005	0.47724867849965058	0.97718974448463347	0.98218983149039452	0.84143136550150877	3.5768260459188284	7.0368204981235767	24.93175965490348	3.6679763652322386	7.9199379918117829	24.269636128928155	86.280000000000001	80.829999999999998	68.719999999999999	0.035038790560812869	0.069422626310163743
0.57999999999999996	0.47500164999863298	0.96796056563147681	0.96834897871332382	0.78967672904432584	3.4081285343459484	6.7491480021968329	24.370247984329666	3.4428214783946167	7.4494843336460574	23.910538962189158	85.469999999999999	79.659999999999997	67.609999999999999	0.034064936876396071	0.068248903014699186
0.59999999999999998	0.72251332160175119	0.95045853264477975	0.94642346853241821	0.64514380514179515	3.290595325409774	6.4434495368006086	22.682425038066075	3.3719378931511379	7.139344506167224	21.651847810902044	84.659999999999997	78.159999999999997	66.63000000000001	0.03313938036170036	0.06694010928683071
0.62	0.97491494732031991	0.9357611650712514	0.90892540189900628	0.50654802537151067	3.1248848249453904	6.3130777722891871	22.374155962766647	3.0955067288237097	6.6620777839824994	21.295391795509445	83.769999999999982	77.319999999999993	66.340000000000003	0.032269443902658429	0.065403651510086022
0.64000000000000001	1.0402450165975019	0.92208468678711952	0.92917530639768842	0.56195010189285244	2.9935183530621354	6.2180790907619796	19.863421785915641	3.0032990047931438	6.5314416882343691	18.516618152320525	82.599999999999994	76.460000000000008	64.88000000000001	0.031429180186722479	0.064835937372903343
0.66000000000000003	1.1804379130068818	0.89502510085819953	0.9183971758006535	0.62517194350513738	2.9110052059059957	5.9414072133213143	20.167361223438483	2.8927908013100132	6.0305306394345397	18.513721930946836	81.739999999999995	75.030000000000001	64.709999999999994	0.030655207979598503	0.063146234261752629
0.68000000000000005	1.3898092313443968	0.88697804106648115	0.84961117701802658	0.527635673056146	2.8382420723709973	5.9874651037553601	18.746327731900347	2.8376968411879515	6.0979162527748167	17.015313408438974	81.150000000000006	74.330000000000013	64.429999999999993	0.029919861889475079	0.061369950116324269
0.70000000000000007	1.7769556003490516	0.84356184500521325	0.82969791027550011	0.48069435654835901	2.7733585914842735	5.9046950072638023	16.809234269835716	2.5945721382448292	5.92114565701951	15.764539098365864	80.110000000000014	73.090000000000003	63.790000000000006	0.029248412097353772	0.060263598945100416
0.71999999999999997	1.9495017065095852	0.8515078829093774	0.82882737289712749	0.42173754860109619	2.808192750469336	6.0580289667709355	16.588918307210619	2.6848030410614867	5.8392698709168647	15.406336135389143	79.320000000000007	71.510000000000005	61.920000000000002	0.028593326037232518	0.059866322113670892
0.73999999999999999	1.7552682695251949	0.80460224658848656	0.77079409566839552	0.39213231856440578	2.7042368780366148	6.0628905503772668	14.845430851052171	2.5030198346646788	5.5496724588725641	13.999727931695366	78.299999999999997	71.400000000000006	63.099999999999987	0.027953753025609634	0.057555066890519903
0.76000000000000001	2.1841889954862945	0.76357077981792743	0.78199067471392891	0.39499699139305533	2.6883990559717428	5.9923338283950898	14.269100592584996	2.5128712714622066	5.6765350566320567	13.35255892814566	77.550000000000011	70.289999999999992	61.980000000000004	0.027341711653976856	0.055753233465744491
0.78000000000000003	2.1901059599398969	0.75931770034816315	0.75649275866825527	0.30797966845320046	2.6805629633077559	6.1816767191101407	15.763821658756777	2.4794935014907407	5.6326657021655171	14.488851399719206	77.340000000000003	69.789999999999992	61.549999999999997	0.026824311266465072	0.054834375122256071
0.80000000000000004	2.6727928119141491	0.71215693312227779	0.7074003022644072	0.32942089185664714	2.7417272645478432	6.1865301574083826	13.863704362939652	2.5624446602839313	5.7072852106027723	12.762326786027071	77.230000000000004	69.38000000000001	61.319999999999993	0.026271718405689842	0.053234125300830548
0.82000000000000006	2.5633106493356252	0.67624456414462442	0.67949336469126764	0.35688798559799001	2.7361854890001904	6.0280799813364307	13.33674601235246	2.5126867945653824	5.5817569922402432	12.429602428603944	75.810000000000002	68.690000000000012	60.179999999999993	0.025789170562313734	0.051999544265530218
0.83999999999999997	3.2612125366727387	0.65401330605535535	0.60968407891173981	0.20570013738081611	2.713259423310352	6.1326485741261099	13.53042617880881	2.5296323654280521	5.7643555970539921	12.476575635725219	75.329999999999998	67.650000000000006	59.310000000000002	0.02531324092656493	0.051253726852453919
0.85999999999999999	3.602144007619013	0.64256275024045495	0.58271620469917118	0.2121709598737383	2.7311461010307632	6.0337181960849602	14.300358216436413	2.4586991850866591	5.5130964437208139	13.660892788518174	75.519999999999996	67.879999999999995	59.260000000000005	0.024826389993983646	0.049822444132964716
0.88	3.0714981278047078	0.61493943258716965	0.63841136369227569	0.33099568874746221	2.7031839066157279	6.1320133405353952	12.673919599660691	2.5143510753619425	5.5118131753951696	11.424275578171308	74.269999999999996	67.069999999999993	59.489999999999995	0.024369421551753961	0.049058871346648783
0.90000000000000002	3.1637562360734965	0.59807820422954727	0.52794463882160114	0.18258442377907771	2.8010216170237516	6.3950674479542009	13.290463933409395	2.4626233977718863	5.7080332063747878	12.423355279612348	74.429999999999993	66.38000000000001	58.969999999999992	0.023970162362068174	0.047631719526996352
0.92000000000000004	3.5612127834616807	0.63030403619350395	0.57665974455574687	0.22377829484031989	2.7991150380327849	6.1611819834646582	12.302523469743713	2.4700075342006298	5.651372423260729	11.165636769774681	73.929999999999993	65.900000000000006	58.350000000000001	0.023547968389224801	0.047346007244126728
0.94000000000000006	3.6765838382683866	0.56126382237692307	0.47294567311333113	0.17271863239483717	2.8212524867969728	6.1281692669561751	12.340573689403113	2.5057533327702575	5.6042992922031889	11.615649742400059	73.039999999999992	66.150000000000006	57.950000000000003	0.023120603283892944	0.045411039175853665
0.95999999999999996	3.5835896147114492	0.60359693006289072	0.52294163823041306	0.16894700362347265	2.8287226267541818	6.4250315173633172	13.289413254625282	2.5065730000866293	6.0459948933778778	12.486506767439185	73.0	64.679999999999993	57.359999999999999	0.022816095726743042	0.046429721190984104
0.97999999999999998	3.7763354638409252	0.52562920024737569	0.48191721997026693	0.15270751130145152	2.7759218861746962	6.2829358587979858	12.182711012633636	2.5050372673605237	5.6783388031444115	11.265364998034769	72.640000000000001	63.989999999999995	56.640000000000001	0.022425587037229758	0.044037106858223103
1.0	4.1706299548721644	0.53762067575310579	0.42332332008511253	0.13715858658895716	2.8051784922471299	6.284290663694688	12.625581475585642	2.4705808879409554	5.7568813624416864	11.871030889744398	72.929999999999993	64.789999999999992	57.75	0.022046728628155009	0.043402717666365484
1.02	4.2330343551699903	0.50771980312515208	0.46232139201420858	0.17858874963133137	2.8236294717188475	6.4558276850662164	12.232389629623295	2.5537631286663101	5.8921345101603988	11.8096430866802	72.010000000000019	64.009999999999991	57.379999999999995	0.021738288766826798	0.042222168571841953
1.04	4.3962986906093162	0.49010858258318535	0.41505406564921837	0.16255763288031982	2.8975971036210715	6.5734954148673008	12.370171763194875	2.5386695794295324	5.843346506708702	11.936074829529865	70.779999999999987	63.580000000000005	56.070000000000014	0.021380931682482222	0.041000985778011929
1.0600000000000001	4.4947778071246312	0.51303741985635287	0.45779776819822005	0.11155756727192026	2.8643962774656262	6.6410538709489941	12.83057012557693	2.5014020302994933	5.9795085712202525	12.163339116766222	71.400000000000006	63.239999999999995	56.25	0.021073710849600358	0.04111403479225937
1.0800000000000001	4.3457132447795974	0.46146554536163925	0.41602399156270781	0.1383662728441136	2.9289019294688745	6.4073606259715801	11.906721095019309	2.5905632132869245	5.7798774258226322	11.168332702663381	71.390000000000001	63.680000000000007	56.759999999999991	0.020817582868425659	0.039757973172608638
1.1000000000000001	5.437070721895183	0.44995591294643839	0.4112950810433037	0.096408560309166141	2.8996635986854771	6.7808090730833879	12.793278767182363	2.5806983506780607	5.9908987685465904	11.994350797506279	70.919999999999987	62.769999999999996	56.060000000000002	0.020502972301089991	0.039426608359780325
1.1200000000000001	5.0510100895840626	0.44312229448766438	0.41978038094842446	0.16230328767407445	2.9208418633034872	6.6748505262354145	11.784964176746559	2.5780004414416489	6.037700387883314	11.461471173587411	70.640000000000001	62.469999999999992	55.739999999999995	0.020208962935082682	0.038775348622321862
1.1400000000000001	4.82479132807841	0.3862842487598086	0.30818753571316554	0.12814653475070617	2.9294088318590594	6.7544179485521765	11.895549499653288	2.52475838702289	6.1539923517033763	11.165501382618784	70.309999999999988	61.859999999999999	55.309999999999988	0.019931745655223026	0.037551571996467172
1.1599999999999999	4.9441790960682219	0.41045161421567977	0.3395552485399983	0.12997457836686682	3.0174938622511429	6.8408458571977757	11.878046520635525	2.6988130473163734	6.1283089120505227	11.171434657565065	70.049999999999983	61.689999999999998	54.859999999999992	0.019664792062319022	0.036899633335218458
1.1799999999999999	5.1790288811039984	0.41869420046940559	0.31491238333661442	0.072307758217143178	2.9740614017543496	6.9596552581817708	12.186713924028144	2.6749256593294684	6.3935332863325494	11.635768696823773	69.599999999999994	61.409999999999989	54.149999999999999	0.01938271867549908	0.03552045541169916
1.2	5.3944912158151119	0.39877664141237634	0.28676768423698562	0.11130743927862503	2.9687160716484722	6.8398740724279206	12.211025781402707	2.639060701804985	6.1419224915623083	11.845811487835936	69.420000000000002	60.890000000000001	53.930000000000007	0.019124226575785889	0.03488210079985056
1.22	5.799773312465172	0.3826510235751982	0.25889829348080218	0.063456364390731379	3.1347929357287301	7.2570991627895154	11.8347555887712	2.7448671588823066	6.5031350348931953	11.412300077183559	68.969999999999999	60.020000000000003	53.359999999999999	0.018917589701402941	0.034284190923812977
1.24	5.6820737089027888	0.39789431030133954	0.2871026444450207	0.064372706404574653	3.0573292949835578	6.9703000585015644	11.71866204488979	2.8074033318234113	6.2170766397368569	10.750217951970617	68.459999999999994	60.420000000000002	53.809999999999988	0.018656992830333913	0.034187553816401706
1.26	5.9948946007500297	0.37697683418425576	0.25702991340425851	0.067836397531001083	3.1595602815503407	7.2501001432726984	11.72553935387783	2.6711812860900319	6.420947987877744	11.134533400964505	68.090000000000003	60.140000000000001	53.520000000000003	0.018486804927751434	0.033745046204546894
1.28	6.0866618727424759	0.36245525103101184	0.21088931095291746	0.042904097812109528	3.1167265728339899	7.1847145532893562	11.873728265046381	2.7430859425719101	6.5189507921503829	11.216247379036338	68.689999999999984	60.25	53.050000000000011	0.018194156384297739	0.032487201277165992
1.3	5.7094228906725704	0.36220115497497052	0.21418313438365738	0.054921645861076743	3.0914816474686644	7.1202978538943453	11.887458552122997	2.6970799435159494	6.4265921718768269	11.218126879768665	68.140000000000001	59.329999999999998	52.680000000000007	0.018043550196347728	0.032651160422129441
1.3200000000000001	6.3812201575600698	0.33666878266485389	0.24717039872761187	0.077319463500184746	3.1117610237455158	7.3116435777775006	11.7611124656386	2.8136486950977639	6.7958260740619734	11.100980757602912	67.739999999999995	59.539999999999985	53.239999999999995	0.017819266716948355	0.032003737888526868
1.3400000000000001	6.4037828124810154	0.34678752312926103	0.22801324574196991	0.074978408741665142	3.1116067625619386	7.3105748714662697	11.717611562609273	2.7611162608676869	6.7130522809639954	11.121021756142422	67.22999999999999	58.339999999999989	53.170000000000002	0.017587267732339679	0.031978647072960921
1.3600000000000001	6.4707923158543563	0.36999546650340259	0.25167302285075033	0.095315709276398097	3.1955902258583047	7.4283206342020005	12.494574314623435	2.9314026370190653	6.9506320672376365	12.126522010485832	67.469999999999999	58.5	51.890000000000001	0.017404851607078487	0.030904646172461366
1.3800000000000001	6.7108615979903439	0.32684349610929914	0.24677091400281034	0.052192553603693549	3.184111901081657	7.5522825070447599	12.118547045996232	2.910532266728322	6.8672431571732773	11.483415336068303	66.539999999999992	57.700000000000003	51.640000000000008	0.01716073096660051	0.030490538132430071
1.4000000000000001	6.5095107294093486	0.32585133671577143	0.21732997528280854	0.076739143527842182	3.198139119388312	7.4332949633441645	11.684742219285479	2.7927442378778804	6.8160670244175678	11.199464636146406	66.359999999999999	58.609999999999992	52.210000000000015	0.016990771995268723	0.029412453286592366
1.4199999999999999	6.7824408843643846	0.32174198586369884	0.23445993522286496	0.07421376809246559	3.150059143523821	7.4729818471541281	11.192091478843398	2.7426276887483736	6.7999456236376661	10.442609697287951	66.930000000000021	58.679999999999993	52.480000000000004	0.016820984335388332	0.029422427307506972
1.4399999999999999	6.7043558921233126	0.29906981796085991	0.22986077046896289	0.082531835207840215	3.1903170131686984	7.6316508944951007	12.002669269058334	2.8005424050987542	7.0044832351970783	11.953404281522511	66.22999999999999	57.229999999999997	51.839999999999996	0.016677481299950413	0.029687569494795035
1.46	7.1498203762796617	0.2819163402316423	0.17998565422289228	0.080352881970581339	3.2672310551326547	7.6666103516318547	11.551980551994562	2.8169414060475146	7.0866440930241099	10.916932877323489	66.77000000000001	57.609999999999999	51.259999999999991	0.016494038859952511	0.02922967329194549
1.48	6.2422350149897978	0.2933576047392531	0.19411529352895787	0.058105218997194195	3.2899512409292826	7.6552782606228025	11.825026260641778	2.8591537470242736	7.0977221490681757	11.110746014063782	66.100000000000009	56.930000000000007	50.930000000000007	0.016303510625079311	0.028016043133089273
1.5	7.0943877545454415	0.29718114842200644	0.17257045142007649	0.069670289634778171	3.2255479405786871	7.5689769180393371	11.641976786553359	2.9181805851613967	6.941518323546525	11.124065162059875	66.150000000000006	56.969999999999992	52.010000000000005	0.016136331894345966	0.027868263322736814
1.52	7.0160611082161228	0.28220567008698733	0.1646023394034109	0.046257138536103269	3.3227009336590951	7.8748050774891514	11.93369137984104	2.9282967083026739	7.1038635264956351	11.022593677043469	65.859999999999999	56.180000000000007	50.630000000000003	0.015988174796438343	0.027680079819651121
1.54	7.7304583039326111	0.28057632357854445	0.20022460488082011	0.058863983708512535	3.3554627702539732	7.8649694150036265	11.899426950728081	3.0053318122961836	7.21611211989583	11.308209852361987	65.069999999999993	56.819999999999993	51.059999999999995	0.015841840812934608	0.027105099725740441
1.5600000000000001	7.6342401167650209	0.29591101082932425	0.19028580311718779	0.043759668019622125	3.3884514816264328	7.8588874479938537	11.52827215224867	2.9508674143224107	7.0859280256627866	10.760678161147018	65.069999999999993	56.419999999999995	50.890000000000001	0.015687267810607069	0.027299147123754048
1.5800000000000001	7.6336393921273284	0.29545804308286361	0.21411830264918899	0.072083425453853087	3.319246798420747	8.0238972878726358	11.975438409037215	2.9892085468649325	7.1312500137448307	11.010499301100161	65.0	56.239999999999995	50.609999999999999	0.015530648480362291	0.026305028608933634
1.6000000000000001	7.7396111845450228	0.29061025610047414	0.20822752584736795	0.045904490491110769	3.3585332331741107	7.8006809854821428	11.823660031592244	3.0953467633985743	7.1848678118532092	11.236257813145878	64.47999999999999	55.570000000000007	50.75	0.015335283776522036	0.025780206367133018
1.6200000000000001	8.4459789169703772	0.24895743841116955	0.16617941196529254	0.071108403468685299	3.3849337561396942	7.9341449911763871	12.055475047593436	3.0065711449590213	7.1590517163517919	11.284717044242559	65.330000000000013	56.020000000000003	50.730000000000004	0.015237052320622025	0.025810373861251384
1.6400000000000001	7.8916768307403382	0.24654736962215812	0.17289224040275597	0.063703662583430812	3.3845404105768671	8.0405606675442716	11.782493877157751	3.0478184199870038	7.5354693227673319	11.211281041109935	64.700000000000003	55.760000000000005	50.5	0.015069282955541902	0.025000345909730083
1.6600000000000001	8.3192668541167638	0.2596322461554571	0.13083924219199522	0.041998739390103561	3.459294986317841	8.1574232526410579	11.890587340077055	3.0423758276234585	7.368235089641213	11.099471263241671	64.310000000000002	55.100000000000001	50.129999999999995	0.015035797976090448	0.025931678050225664
1.6799999999999999	7.8137888903616464	0.27792726776786458	0.12723394255121748	0.031601698135047783	3.3414249140830328	7.9684701070165858	11.90857489411658	2.9764662040290095	7.1771667288917964	11.2563197208524	64.109999999999999	54.980000000000004	49.270000000000003	0.014791961587213433	0.02442114430319408
1.7	8.1696406831832729	0.22959977813007298	0.1309001334110716	0.053863215178026558	3.4442221290891295	8.3025678756941161	12.203679839810224	3.0668671722612157	7.5506624623478533	11.46670446382355	64.109999999999999	55.010000000000005	49.670000000000002	0.014742106409418107	0.024657338925764667
1.72	8.0026269595600983	0.23190101938601773	0.14673984241025512	0.068013177203970709	3.5527635436648333	8.3668045791502212	11.909203770410429	3.0924107458734609	7.6007609340239499	11.180046373997511	64.599999999999994	56.230000000000004	49.159999999999997	0.014559071784429159	0.024389226319474509
1.74	8.6559555778974548	0.22826155796252193	0.14261406865750759	0.043474227061039178	3.4000973169897444	8.1362986349269786	11.7904335056944	3.0796725269273999	7.4142979199848131	11.456447401976231	63.589999999999996	54.739999999999995	49.939999999999991	0.014451390903093395	0.023547647800579795
1.76	8.8387734075843447	0.23480220619864198	0.13057328206706981	0.056643168528745992	3.4904372904151026	8.3459794350748133	12.019989961625853	3.1843182699898773	7.5210438695299882	11.062661150940119	63.429999999999993	54.920000000000002	49.479999999999997	0.014376327811797582	0.024306502529246984
1.78	9.4948419247312668	0.22616591634609823	0.10969243458786201	0.027171634135230067	3.4614317477658938	8.3258590188282646	11.851165581473342	3.0520058882855965	7.541553976316159	11.225296233747606	63.169999999999995	54.299999999999997	48.649999999999999	0.014205725702641486	0.023483941083929087
1.8	8.4585826093555223	0.23387569534846347	0.15699001057792317	0.074305669621158671	3.5464484663596458	8.4031696838816448	12.18608869202153	3.0682092111376376	7.6685164356142206	11.222193249976378	63.489999999999995	54.510000000000005	48.859999999999999	0.014100399835171085	0.02340429874294106
1.8200000000000001	9.2376775823831316	0.24541941414003632	0.11365166036953078	0.034068802614074981	3.6433649365439229	8.6233173590566086	12.187826547389715	3.2022281134252908	7.799814280808306	11.859671931487366	62.760000000000005	54.080000000000005	48.380000000000003	0.013996878611007296	0.023045725940300469
1.8400000000000001	9.760228281115003	0.2408642447757246	0.11992257382562652	0.040746716189846169	3.5629706302857516	8.6187305234241443	12.293100227541705	3.1644869738911874	7.8540817727652668	11.956661636199604	63.070000000000007	53.839999999999996	49.059999999999995	0.013907349632714148	0.023185471950450374
1.8600000000000001	8.5514634300693277	0.21522808451201306	0.12232922638093224	0.072263738128988619	3.585320951200706	8.3669229518120805	11.687864524803237	3.1342403918643469	7.4414647466785269	10.784054211248403	63.080000000000005	54.270000000000003	48.47999999999999	0.013756014790402999	0.022722397589290903
1.8800000000000001	9.0556196662938682	0.20163202816468567	0.11330665409138782	0.02843250239253679	3.571441369574329	8.4549001275797409	12.045255153106467	3.1497807562050855	7.6191648578041029	11.544115371359622	62.910000000000011	54.070000000000007	49.720000000000006	0.013685498298598522	0.02291112234849655
1.9000000000000001	9.0496592446551638	0.17475905428028135	0.09204769035752125	0.034389265176174313	3.5956290976616381	8.4835930832660651	11.889410900520575	3.207427399761122	7.607176959289264	11.254452733147518	62.600000000000001	53.600000000000001	48.370000000000005	0.013585679967520498	0.021795652590900917
1.9199999999999999	9.5872318044901377	0.21746636652815216	0.098590871356943277	0.036915186472923009	3.6563011749640637	8.7627037449250249	12.494143429175713	3.2714203753879141	7.9761659772532782	11.608801689947979	62.260000000000005	52.929999999999993	48.200000000000003	0.013472662145134495	0.021649021115782596
1.9399999999999999	9.3399887982640504	0.20928149534691615	0.10588822941213824	0.045014594523907957	3.6525469794366012	8.9543787853971928	12.517293619251348	3.2824803993244855	8.1035707291003156	11.948175403811057	62.320000000000007	53.100000000000001	47.959999999999994	0.013346280681745445	0.021480801136741581
1.96	9.178493243706523	0.22380371112006442	0.080700416223404153	0.019657690118155317	3.7864345520745415	8.8128211061411541	12.308267260656248	3.3063011259435329	8.0144757995122937	11.200067536936091	62.129999999999995	53.109999999999999	47.939999999999998	0.013234231202414673	0.021498448605202291
1.98	10.295717316692837	0.22327613552445999	0.11546843803608868	0.040540062644995101	3.6782722509653718	8.9961598102032347	12.681319213083732	3.3141696730149177	8.2627224313903014	11.985847474056126	61.980000000000004	52.310000000000002	47.590000000000011	0.013174088274408705	0.02113492553464838
2.0	10.283438626500111	0.19981764872321869	0.10793041251413657	0.013403818311039355	3.6760482516982647	8.8223988290676765	12.620251485683927	3.2924862428563664	8.0275827362777701	11.82228014433478	61.700000000000003	52.970000000000006	47.260000000000005	0.01306171790487739	0.021398950914418412
2.02	10.254035754511106	0.21348142280990429	0.11692134305777249	0.041110748257834014	3.6597865804184324	8.7796707645576202	12.512943109598478	3.15478220416108	7.8923458165293905	11.353706003602042	61.75	52.5	47.370000000000005	0.012990834820133934	0.020925377773616877
2.04	9.3000025364026087	0.1918531926950619	0.086739506727705126	0.049091152814557656	3.7312482478948348	9.0410949133091218	12.800318687241273	3.3934570058172908	8.3872380475077115	11.955734215038129	61.609999999999992	52.930000000000007	47.43	0.012926925225311168	0.02051635121695148
2.0600000000000001	9.9439647717725954	0.18689163278554627	0.08063262506078972	0.048713533414529095	3.7740125471921089	9.0811812659928197	12.887712114986829	3.410039883720593	8.616589674524942	12.492699849627558	61.209999999999994	52.530000000000008	47.489999999999995	0.01279044599557036	0.020185288354569762
2.0800000000000001	10.058583830627697	0.17165301593958524	0.084371752752806978	0.03534752359463348	3.6867049072958658	8.7275667030595478	12.695366145923037	3.3077858311835833	8.1013425189706272	12.00929694581458	61.550000000000011	52.299999999999997	46.900000000000006	0.012702387866971707	0.020368172354238143
2.1000000000000001	10.092569599805884	0.18079153993086766	0.09315400018814482	0.028237720973838754	3.77295326277252	9.1287672409993768	12.194729045942864	3.4092552187175249	8.4999880164415647	11.445471477854834	62.079999999999998	52.620000000000005	47.460000000000001	0.012656621875537396	0.020213623677849794
2.1200000000000001	9.566200284318187	0.1799784205155423	0.084935413444476499	0.051688926568265361	3.7716566437693104	9.0109634502465745	12.432362198855206	3.5520473220702362	8.5343191143944459	11.83073882929596	60.980000000000004	51.899999999999999	47.329999999999998	0.012514891764654429	0.019505346307907311
2.1400000000000001	10.398474904290758	0.1881732221217445	0.083485478765794902	0.031046247006499005	3.8078809385869916	9.316498584871665	12.88071190184508	3.3842882506135745	8.4454048211618318	12.307132403880201	61.289999999999999	51.86999999999999	47.259999999999998	0.012427852800917389	0.019669655897683568
2.1600000000000001	10.585664233194565	0.17031985959672724	0.10298133866966255	0.030249220460078989	3.8045599573688889	9.1345191267527941	12.78239109659536	3.505927581771664	8.4998902458573689	12.185558179919996	61.129999999999995	51.910000000000004	46.679999999999993	0.012340628749029968	0.019354857261537194
2.1800000000000002	9.92516268595881	0.18104804948342884	0.093922865510264214	0.028882491702881503	3.8801334594373991	9.1499707393960481	12.52243451999948	3.5067669579200151	8.314201373482458	11.734542128609419	61.320000000000007	51.5	46.899999999999999	0.012293085159564362	0.019465711022965577
2.2000000000000002	9.5832425121095817	0.15166199772336783	0.069650136665491927	0.043267948798553391	3.855552642087555	9.3780623897779698	12.780349591067701	3.4503985767064007	8.8897688053293091	12.226877649021173	60.859999999999992	51.430000000000007	46.649999999999999	0.012195729931385046	0.018803762138902409
2.2200000000000002	10.610886174181795	0.15952686295944385	0.071125716513600029	0.019930628219822669	3.7611343534365367	9.356680365389634	12.975650738110341	3.383355418569618	8.7264164416986016	12.345171500284769	60.840000000000011	52.319999999999993	47.299999999999997	0.012131150091679661	0.019129603328707615
2.2400000000000002	10.859492759926141	0.17154182617000066	0.083533035899419114	0.019703097627060202	3.838428008094529	9.1155444197506572	12.51491041906066	3.5178853293705017	8.4165886225033475	11.7513998291605	60.519999999999996	51.989999999999995	47.480000000000004	0.012040858627254227	0.018637771985471396
2.2600000000000002	10.832144079944682	0.17027377761345752	0.081360245123880959	0.047307694915265243	3.7514717765929291	9.4568909911364507	12.8121606249395	3.3235520165752108	8.7098839424549919	12.317645375020126	60.219999999999992	51.899999999999999	46.869999999999997	0.011971068598520467	0.018712074113215908
2.2800000000000002	10.657939785503102	0.17950898054469572	0.099405014594424301	0.027068384814588231	3.9081784987175623	9.4087685628184925	12.929279624888119	3.5610253555785873	8.5604020146560238	12.257115569716756	60.600000000000001	51.410000000000004	46.439999999999998	0.011897985376301023	0.018344063129921945
2.3000000000000003	10.984925451800292	0.12333235253421929	0.064143652517810207	0.043336109982049162	3.8553032426101028	9.2569999567376939	12.600858145040062	3.5663838199057891	8.6421119273591493	12.083371312365127	60.63000000000001	51.190000000000005	46.310000000000009	0.011819467748535449	0.018190268256246422
2.3199999999999998	11.080425026177732	0.15935883443093121	0.065212552141433663	0.035270861975480516	3.8910429092405616	9.5509464643270139	12.967751171871967	3.5516097206322428	8.9719029757230935	12.65121010791837	60.220000000000006	51.100000000000001	46.339999999999996	0.011757204786346263	0.018322172286027411
2.3399999999999999	11.195695747606736	0.15992614052168905	0.08038478962694498	0.052018153562460243	3.898707918406231	9.313913634114293	12.83827316479929	3.5273028232351438	8.4325399332268045	11.972251221136128	60.189999999999998	50.880000000000003	46.619999999999997	0.011650077785050809	0.017734578115696946
2.3599999999999999	10.992685048106807	0.17329981032817784	0.088054298630146605	0.041267256138973744	3.8746514453683076	9.4129245105318677	12.991243354643961	3.4801810067012036	8.7376937504763923	12.280234144800747	59.890000000000008	51.040000000000006	46.170000000000002	0.01158359932974364	0.017850556940897006
2.3799999999999999	11.667839720924148	0.14827146607302244	0.056219418934866025	0.016628249667296806	3.7887271048857918	9.3351895867665942	12.697531155315	3.4639843340757372	8.4070448346625604	11.667714980859838	59.960000000000001	51.070000000000007	46.529999999999994	0.011525760131236816	0.017801603175288637
2.3999999999999999	11.526043253640857	0.1688883394290332	0.091240101749786445	0.034253335523792137	3.9262679083591294	9.6964426600019316	13.108352668480427	3.5447778669488286	9.1159079275528541	12.417527861794301	59.61999999999999	50.009999999999998	45.649999999999999	0.011464025001147108	0.017435550482140565
2.4199999999999999	11.040478001816606	0.14146910895564252	0.046859273927683451	0.02944481744376053	3.863203502524049	9.4989757660713057	12.894785401104334	3.4761865221061328	8.8105488163359045	12.203562991277732	59.759999999999991	50.870000000000005	47.200000000000003	0.011383804510825584	0.017419716287437815
2.4399999999999999	11.692078223597996	0.15124631875616917	0.040679641040188889	0.0096591503833653898	3.8847023855175573	9.5539711130632217	13.190437760202196	3.4872839006976006	8.863460039441776	12.732132374206349	59.890000000000001	50.339999999999996	45.690000000000005	0.011333091685052497	0.017322509103407862
2.46	11.602220523135943	0.15241864517815817	0.050998218276858964	0.014549084731029588	3.9089549347724883	9.426139005750569	12.873374107578545	3.4626957427174134	8.3936681846789138	12.105479299276913	59.479999999999997	50.989999999999995	46.149999999999999	0.011251245186270574	0.016932483171520369
2.48	11.445554822408454	0.13847001837899531	0.053925179314472479	0.018555588975669203	3.8453823493103423	9.6644692522366462	12.863170650662184	3.5664215567697246	9.0643051747089149	12.527369836720068	58.859999999999999	50.710000000000001	45.960000000000008	0.011194657165107234	0.016929431612570649
2.5	11.543901780647985	0.15847750786980969	0.055627051934171681	0.028256788291488217	3.9989006165912189	9.5274280341399535	12.752114534251277	3.6652560541608934	8.8608949742669036	12.341320526208492	59.700000000000003	50.310000000000002	46.010000000000005	0.011121547435732061	0.017102850950490377
2.52	11.639024195105957	0.16230326443304316	0.059913042550036377	0.013855812338454263	3.9577530870342996	9.6607758625692206	13.00743864080518	3.5643441651894774	8.87965475416887	11.941900795411033	59.600000000000001	49.920000000000002	45.840000000000003	0.011125439559474797	0.01705870764668873
2.54	11.962755614673341	0.16224229778969002	0.052961767104808745	0.036233508395771913	3.8760949250666279	9.5002256175761346	12.993843935735663	3.5655593129657732	8.7313660983525665	12.150356706558027	59.449999999999989	50.32	45.530000000000008	0.010993675304396809	0.016393257687617603
2.5600000000000001	11.617925566265766	0.12221875638838946	0.066226297142994037	0.03211223142866497	3.9942712378659793	9.5671071541465924	12.856253475079422	3.5803024530256726	8.9728904179632369	12.179956611558879	59.129999999999995	50.769999999999996	45.759999999999998	0.010950343096096748	0.016450093213078044
2.5800000000000001	11.871686365338805	0.13404540407798099	0.051133962389381546	0.031872023611925593	3.9498208361262632	9.7484970700111653	13.421812013320345	3.5701709795220182	8.7004204126125746	12.262770255756926	59.080000000000005	50.149999999999991	45.220000000000013	0.010917271033946158	0.016574537501387557
2.6000000000000001	12.461811870210489	0.12300436590732375	0.040003774046199828	0.019544910789152218	3.9632972376573905	9.716970060525238	12.848047022362199	3.6380721045934576	9.285713932569557	12.407666835961216	58.950000000000003	49.920000000000002	45.230000000000004	0.01081917404556899	0.016389993572291782
2.6200000000000001	11.417708194835207	0.12557954518954989	0.053308471068722808	0.019305084596214349	3.9533387185416986	9.811515233155081	13.074531827456635	3.5470315420368479	9.0889968932093996	12.660350613663718	58.739999999999995	50.269999999999996	45.43	0.010741452824852026	0.016006241313943195
2.6400000000000001	12.214511545383663	0.15265866204101686	0.054587616284473603	0.015884083538767989	3.9591530063245743	9.5906278496738349	13.042045918920744	3.6879232072252437	8.9142307857246159	12.214529123835986	58.679999999999993	50.490000000000002	45.890000000000001	0.010729839674602471	0.015887365817354338
2.6600000000000001	13.479555007255399	0.12828036980357613	0.032235887136841911	0.014426061392845333	3.9699724465662243	9.6558058666254478	13.090466107112636	3.7831732547911692	8.9943880718487357	12.516329318884043	58.960000000000001	50.079999999999998	45.090000000000003	0.010670979404332277	0.015800736159180963
2.6800000000000002	12.930523878132476	0.13182060619928815	0.049734999554956194	0.018400640251024791	4.0885851337075056	10.046048152037793	13.807961547993212	3.6835866417630996	9.7396153007340764	13.443500241530234	58.539999999999999	49.32	44.379999999999995	0.01063541820774805	0.015751590989451052
2.7000000000000002	12.059181237775466	0.11612137331013465	0.045887237890322716	0.017645423373968232	4.0697305902888399	9.4333310077636874	13.086523283045562	3.6293621281149306	8.7792377531566643	12.612648660640618	58.589999999999989	48.899999999999999	44.780000000000008	0.010561164125396007	0.015816196852769603
2.7200000000000002	13.225220922826256	0.11956593714282766	0.044117847176077377	0.038980450142853264	3.9812421672236953	9.6764042417165754	12.939604731099411	3.7371724100657446	9.1559804324341982	12.416864892724785	59.010000000000005	49.710000000000001	44.909999999999989	0.010536729425472239	0.015720031724715894
2.7400000000000002	12.755496457385364	0.13093811792411625	0.039175295159559746	0.019004835708224692	4.0376606973959381	9.8431781121911044	13.350543180228808	3.7232228747040397	9.0814615158174981	12.441289642052235	58.919999999999995	49.439999999999998	44.310000000000002	0.010474524916823869	0.01560057445467688
2.7600000000000002	12.223327951770106	0.096909899834513341	0.020608883044779008	0.017129407406906955	3.97972400050568	9.8587205199866759	13.300926752490748	3.669084136874845	9.3302469591989752	12.651184967221869	58.240000000000009	48.909999999999997	44.890000000000001	0.010386865031426693	0.015317942708043989
2.7800000000000002	12.054236128463131	0.12320641111964918	0.031528395260548743	0.016694036565664004	4.0177471207675319	9.8973059614803454	13.335544657691596	3.6996847851446413	9.1373772782000078	12.528149494804813	58.509999999999991	49.589999999999996	45.589999999999996	0.010346115049329819	0.0152175107622297
2.8000000000000003	12.640023546761299	0.11889496162616298	0.050171738550165636	0.031164641215949779	3.9607008806065571	9.8698636576059027	13.248069851942077	3.6359466728412584	9.1360946712340692	12.51032900264045	58.459999999999994	49.07	44.200000000000003	0.01033410513164223	0.015260978516428344
2.8199999999999998	12.634795480544389	0.12279182431335947	0.050403605006421923	0.013031803801528758	3.9904120545799486	9.7532219105888167	13.449491192676897	3.5943559201931601	9.084790477869479	12.542721219998647	57.789999999999985	48.609999999999999	44.18	0.010235295864254371	0.015188081333788437
2.8399999999999999	13.653542672773019	0.12342076790050946	0.051435032756681542	0.04702213100440919	3.9616412886609553	9.7884113052091557	12.987538195653761	3.6047046146875772	9.2521277207563379	12.54779314917538	57.970000000000006	48.740000000000002	44.829999999999998	0.010222026678814142	0.014977874028554442
2.8599999999999999	13.065343049723769	0.096733892656066939	0.030407676745309236	0.015543035717335844	4.1003111851710852	9.8267663691044085	13.155553031560277	3.7693101760034318	9.0838772859278869	12.376773769974093	58.019999999999982	48.57	43.970000000000006	0.010162794418146968	0.014898315576078949
2.8799999999999999	13.274008228667469	0.12452672485198982	0.033573071402215299	0.010338635741807638	3.9524472313984296	9.8049448062044213	13.44880499150301	3.7374592203783612	9.3546481760354787	12.599227884549398	57.75	48.200000000000003	44.420000000000002	0.010115051316330633	0.014964662109847404
2.8999999999999999	13.269228329991458	0.11335390528892453	0.019238244021462358	0.02158983458969687	3.944315240729626	9.7327948432204874	13.334432091590822	3.5470004548368381	9.0675779211408987	12.579094936409636	57.809999999999988	48.86999999999999	44.519999999999996	0.010083114569056119	0.014861374020490929
2.9199999999999999	13.078781179532125	0.13143043855819334	0.032801155854648559	0.022823509114370248	4.0470750893341556	9.9822971094706698	13.36455087252898	3.7260604723531814	9.3224189117638883	12.754314522173852	57.719999999999992	49.019999999999996	44.320000000000007	0.010007544240180254	0.014784412896963703
2.9399999999999999	13.619382446718667	0.1158111698961394	0.033458160635024985	0.0078315153624233386	4.0337742238017382	10.014706539448625	13.528596985920847	3.7418940750584313	9.5651261365796749	12.64633718496432	57.390000000000001	48.390000000000001	43.990000000000002	0.009901569034855914	0.014351266795958509
2.96	13.213984426009796	0.11870595974169396	0.03407177181380338	0.017860049045053235	4.0316169432790598	9.9957809427835809	13.86399705956326	3.6069401127397285	9.3998361562618129	13.273887882279126	57.409999999999989	48.429999999999993	44.38000000000001	0.0099271887571977732	0.014689704468358242
2.98	14.193687398417252	0.1143348018916146	0.029455516200098203	0.02071566755727286	4.0142425005154259	9.9442819882874343	13.845661305237105	3.7322016990913967	9.248648311163425	12.900349070469076	57.730000000000004	49.280000000000001	44.109999999999999	0.009832958002238313	0.014160340024135843
3.0	13.187118963928883	0.11986406757289525	0.041314023019444847	0.026292198894226314	4.048646358986435	9.9985798615940382	13.661869312686704	3.7763071979350351	9.1932287385625209	12.947022908351897	57.260000000000005	48.18	43.940000000000005	0.0097953427377643967	0.014230659085980101
3.02	13.939077889736089	0.10928556559978422	0.028102558201758571	0.016039876061179299	4.0031718791639452	9.9577465914075596	13.384256619626374	3.7767574417672192	9.3359570247499626	12.309029808433586	57.759999999999991	48.820000000000007	44.470000000000006	0.0097614476418212848	0.01412599196212512
3.04	13.508392360380251	0.1095811705373138	0.023437693225410769	0.0081102916985417405	4.1390682544471273	10.126581429855076	14.033040350062999	3.6514326185285797	9.3985939452157261	13.34482396564375	57.160000000000004	47.699999999999996	43.920000000000002	0.0097525131375756635	0.01417737902716459
3.0600000000000001	14.093545783415408	0.10162955964950013	0.013114026772885553	0.016189305368104565	4.0171066491936527	10.102607791334117	13.899508975576452	3.6320846044279214	9.6319745194671924	13.61807738650803	57.460000000000001	47.709999999999994	43.049999999999997	0.0096353675273324422	0.014045370170096503
3.0800000000000001	13.527352184914035	0.13537012737824999	0.039327047579921726	0.019342471569120803	4.0162451002326272	10.147760152275106	13.792315488530543	3.6403549582887407	9.6255078199359794	13.619785824912796	57.399999999999999	48.659999999999989	44.450000000000003	0.0096508120726749823	0.013952681396934563
3.1000000000000001	13.671935409401465	0.11979282181042054	0.035286229037400231	0.025057861119358382	4.1934503416798332	10.096512562760152	13.547630863566809	3.7991335170482627	9.3309911216531312	12.820835727571568	57.359999999999992	48.429999999999993	43.829999999999998	0.0095959190668049761	0.013589508190771402
3.1200000000000001	13.53342793202928	0.11598015077804129	0.028955360762966842	0.022543368546941403	4.0514503136088917	10.088188411878122	13.861281409915259	3.7450664378627336	9.5026479748802704	13.207154756922666	57.229999999999983	47.930000000000007	43.570000000000007	0.0095262032623876693	0.013381714208339437
3.1400000000000001	13.768878741560762	0.12267422671579949	0.034478744382161211	0.026690424854792772	4.0307899734685764	9.9051249148752341	13.842215712972404	3.8481408379997406	9.725060522269322	12.972285818525553	56.890000000000001	47.269999999999996	43.189999999999998	0.0095254293566031968	0.013654243204704231
3.1600000000000001	13.914606658095444	0.12037311512645979	0.033058673948990425	0.0065087513116811064	4.0721090518785532	10.257401266350747	13.925653668799161	3.8584513528836055	9.802791372687869	13.259977544278337	56.720000000000006	48.050000000000004	44.400000000000006	0.0094957511685169454	0.013353557706315852
3.1800000000000002	13.957029045292934	0.12686257449545232	0.038299602672617804	0.013826901982191109	4.0180337788639147	10.133526750852749	14.001303824423468	3.8088496088427859	9.4798417946819704	13.549535686348403	57.370000000000005	48.239999999999995	43.980000000000004	0.00945672002148654	0.013803700948287001
3.2000000000000002	13.955467418986716	0.097252364730791657	0.010159397851707799	0.0096300542128891671	4.0924434344226475	9.9285089282981289	13.30597673316456	3.8928894137257251	9.4232076731983749	12.409015813606786	56.749999999999986	48.209999999999994	44.260000000000005	0.0094256294964573419	0.01359073339160898
3.2200000000000002	15.27840581729818	0.10536600760706169	0.039576136420031695	0.018480325288711255	3.9767072461131172	10.029510024128268	13.912922802193652	3.6536439363433919	9.4388647455945183	13.309751274995628	56.710000000000001	48.07	42.890000000000001	0.0093711200248358904	0.013254398110227019
3.2400000000000002	13.92945104671209	0.090143129259525681	0.027758725416604728	0.023920158428336242	4.0768382686602633	10.198139667352853	13.847327484200179	3.8419060908437701	9.3590875521800925	13.109527645533394	56.549999999999997	46.790000000000006	42.789999999999999	0.0093084809890323639	0.013132319779572766
3.2600000000000002	14.282777829238846	0.10912885248054494	0.026667675149651661	0.011485622736887385	4.2070663170559843	10.60115968768692	14.280524042810409	3.9201537278899403	10.138531067641996	13.900292653443023	57.459999999999994	47.839999999999996	43.470000000000013	0.0093109942029963241	0.013418294115462009
3.2800000000000002	14.767081440947964	0.078436245688470213	0.024838478620841854	0.027713752541808349	4.1254068752601869	9.9272784816308981	13.486465603837981	3.8364524650062592	9.2921787136137137	12.633816535054692	56.570000000000007	47.129999999999995	43.100000000000009	0.0092779669280452382	0.013345330026690805
3.3000000000000003	15.388908389396933	0.093846400931456131	0.018748847010376525	0.013379002974826401	4.0919928592199852	9.99291380558547	13.394777346383373	3.7863730300644844	9.4689961490092536	12.965733426359824	56.530000000000008	47.480000000000004	43.559999999999995	0.0092106855453550802	0.013215728853679484
3.3200000000000003	14.061091669603199	0.10289718006741302	0.028842362321375346	0.016362381069079394	4.106281278779357	10.151825751503063	13.806934822276734	3.8733606696628806	9.6912643338140008	13.493214656787538	57.109999999999992	47.660000000000004	43.369999999999997	0.0091721888741941142	0.012890975353380208
3.3399999999999999	14.483371261412611	0.12674006700699972	0.047939709402379946	0.011321126769086483	4.034999227538643	10.091957115140335	13.835835914001459	3.7347322616487508	9.4780729374894541	13.117503180825548	56.420000000000002	47.710000000000001	43.719999999999999	0.0091458327573693387	0.013311050383692655
3.3599999999999999	14.383492468059648	0.097385798737409449	0.023590654525888956	0.018298081092333097	4.0420391693178104	10.104219114465861	13.819952437983346	3.8260104473500589	9.5375167942283259	13.241988162629639	56.689999999999998	47.529999999999994	43.050000000000011	0.009083451070332928	0.012923981839952664
3.3799999999999999	14.305511317671602	0.10494538477413536	0.035813037072100394	0.028346822288507399	4.1393277635706713	10.152533509858346	13.598684908104048	3.824676702559203	9.6585296319564922	12.956345267796261	56.359999999999992	48.170000000000002	44.600000000000009	0.0090589464963193624	0.012879053207688649
3.3999999999999999	13.997393956865688	0.11666004713070791	0.038860447292538257	0.029251226739930906	4.1020356161866429	9.9866921112790479	13.812586703839841	3.7986033877842247	9.4769186389715578	13.103235218733889	56.589999999999996	46.700000000000003	42.940000000000005	0.0090509317093300668	0.013173404995285262
3.4199999999999999	14.588098576179226	0.10221870837949421	0.03352176585257946	0.017888123499310231	4.0327418716720889	10.26217853899905	13.965239048652439	3.7585730207193087	9.5284396782932284	13.115329803202695	57.049999999999997	47.060000000000002	43.380000000000003	0.0090086010453192776	0.012720001468053318
3.4399999999999999	14.570103236331761	0.096981791073927737	0.017007100381589087	0.0077810456516547001	4.090453242122293	10.279461500096831	14.132948985805001	3.9014281949423948	9.7256652683266722	13.464681181500008	56.819999999999993	46.969999999999999	42.220000000000006	0.008986569821442884	0.012588983322984682
3.46	14.132425341646726	0.091850344225335404	0.030904814853300561	0.018514567438509627	4.1393568546234567	10.352688027320054	14.070886225848142	3.8478511030580984	9.9744177202117861	13.284976960629331	56.120000000000005	46.43	43.459999999999994	0.0089266433976755381	0.012830418669826579
3.48	14.787680562197229	0.10290877350674495	0.016996309265543331	0.014516628515875023	4.1846866202892112	10.249254742340106	14.323878382910499	4.055053492685496	10.083591859718783	13.970701730694319	56.399999999999991	46.560000000000009	42.390000000000001	0.0089161149034956283	0.012675399705426818
3.5	14.313106059114883	0.11793531020767027	0.020719283556719578	0.016045676424962661	4.1131567403151275	10.280909352380801	14.166274721795961	3.7245171518484455	9.435884939011471	13.442530024052823	55.770000000000003	46.420000000000002	42.82	0.0088541869192241898	0.012821808761738111
3.52	15.268187937412957	0.1037255920378212	0.020753370044217637	0.012444654272221974	4.0701735132407224	10.251411033671211	14.22040395226961	3.7755619084365621	9.6034430004759077	13.248531286638107	56.330000000000005	46.75	42.850000000000001	0.0088491512421715202	0.01255521195449558
3.54	15.269224299641522	0.091141146403388676	0.011967484968481591	0.016015638029592997	4.1391362910254568	10.140252208361975	13.793479870089168	3.8818435082751321	9.6072036425463931	13.222318392620469	55.839999999999996	47.260000000000005	42.370000000000005	0.0088263041597263624	0.012730077089012711
3.5600000000000001	15.994019473669749	0.071408087514930108	0.015591684062942387	0.018742076134177482	4.1539384204267389	10.475214064074891	14.496878937562292	4.0987463501910621	10.074434539337576	13.801950026951417	56.25	46.950000000000003	42.590000000000003	0.0087483021764750597	0.012448038796404933
3.5800000000000001	15.196570603387009	0.10037810527034137	0.021262094122913012	0.011121954625130348	4.0411274886258113	10.128289156839644	13.450377301752658	3.6904476569566689	9.5130079062571298	12.613377625958622	55.770000000000003	47.049999999999997	42.420000000000002	0.0087223866652633968	0.012374095852038958
3.6000000000000001	15.192449554450562	0.08717630243194438	0.021542726340949187	0.0087221424145404389	4.0586505924846534	10.033676911218302	13.962146849880384	3.7307563608422689	9.4262678198152763	13.015553989996842	56.239999999999995	47.25	42.670000000000002	0.0087302334042647055	0.012515984397285271
3.6200000000000001	15.533300443432429	0.089479471596803486	0.012009084317142146	0.0084663489207038624	4.0498148491592918	10.155458084509064	14.275240598494474	3.7373677192858574	9.5714687556287732	13.637297123050871	56.350000000000001	46.329999999999998	41.57	0.0086874675009348604	0.012179956861785758
3.6400000000000001	14.545842844163314	0.099596900736540567	0.031147853663158438	0.011417319905902584	4.1903143605204676	10.532856588445842	14.565749346314576	3.9950447974989549	10.285538150371639	14.065470210814931	55.890000000000001	46.420000000000002	42.589999999999996	0.0086852200993322408	0.012296039059374897
3.6600000000000001	14.942358976509704	0.092778672798064912	0.017221221643231525	0.019359566245471117	4.184617281667653	10.3015398380279	14.447031563145222	3.8823617946312807	9.7503513553240939	13.595666399919901	55.939999999999998	46.730000000000004	42.079999999999998	0.0085814922756550401	0.011844450472133786
3.6800000000000002	15.329787746774423	0.095797825346885218	0.032168729396429743	0.012205637624954808	4.0466728396632359	10.113459081658144	14.390264962973299	3.8225235088324405	9.2002697731370731	13.423653484056581	55.410000000000004	46.030000000000008	42.049999999999997	0.0085515950747392065	0.01188967774692631
3.7000000000000002	15.684893085587866	0.094996408707041999	0.015257571583169668	0.025284662421457632	4.1886250460895944	10.180493895402433	14.033668663300745	3.968481292529026	9.8865803682709092	13.463326601005889	55.399999999999999	46.07	41.909999999999997	0.0085568843414300516	0.012128533687709039
3.7200000000000002	15.083854260840333	0.08434447249236815	0.0092979602807736639	0.0096081290615931229	4.1037354010413321	10.291607292246155	14.387428758244164	3.9230508651250857	9.6381780160854387	13.756678562372326	55.230000000000004	46.450000000000003	42.289999999999999	0.0084770021438798446	0.011845161184789076
3.7400000000000002	14.954098921563396	0.10021412957643738	0.028266518144408261	0.015482759414189839	4.0275406611275528	10.327030819336647	14.290001940266867	3.8527342930457165	9.6717590746315167	13.65701487245693	55.479999999999997	46.720000000000006	42.25	0.0085169138128264859	0.012180416561518312
3.7600000000000002	15.782438487558929	0.086391509582842363	0.0069732031232336471	0.028355182238882226	4.0716806084769628	10.134251985970895	14.411761457925286	3.761367256060383	9.5005707813196985	13.474849410142799	56.229999999999997	46.369999999999997	42.18	0.0084539553945278748	0.011878568347769623
3.7800000000000002	15.687323440809637	0.11165772144960973	0.042395480081608726	0.028856510488235742	4.0953870690365282	10.255351387893805	14.036748373800753	3.8235946503209113	9.7250842040268424	13.454764216431016	55.789999999999999	46.470000000000006	42.030000000000001	0.0084324924084902848	0.01194457841494834
3.8000000000000003	15.632108879318103	0.079478481032497911	0.019711510605884327	0.01383751820036915	4.0816488681971208	10.2939812748323	14.369811408321477	3.8966766461980873	9.8434933130233304	13.635748225876375	55.920000000000002	46.869999999999997	42.259999999999991	0.0084121797632349411	0.01157511803501814
3.8200000000000003	15.213097626142634	0.10786572801987988	0.030729482394516994	0.011568866682781519	4.0498256256509695	10.322535908941228	14.357728265183846	3.8481042254769102	9.7409913131601353	13.588335505039248	55.470000000000006	46.329999999999998	42.059999999999995	0.0083849646292570804	0.012124917916910382
3.8399999999999999	15.330823811981148	0.072282469432925295	0.018972755698351496	0.016665769076464016	4.254570494015363	10.475522647944462	14.292879155839978	4.0898342350932122	10.126481280491344	13.917014730766635	55.570000000000007	46.600000000000001	42.619999999999997	0.008305657658660117	0.011649954642410438
3.8599999999999999	15.268466257717471	0.079581603017693028	0.013792944744619173	0.018509837995192756	4.1472881338287619	10.202533164007772	13.94998233170185	4.0659080608066294	9.8296220447447809	13.547657399331706	55.089999999999996	46.790000000000006	42.350000000000009	0.0082720370621522758	0.011342059645281895
3.8799999999999999	15.500489650917837	0.11037925532771711	0.038930651497540915	0.011776404914229131	4.1075115685919901	10.471388044571729	14.754941391343905	3.9865895723408982	9.9616007099324193	14.12141780612067	55.38000000000001	46.32	42.290000000000006	0.0082967811048574643	0.011596820960401764
3.8999999999999999	15.707010186258932	0.08971841845722571	0.012842114904702722	0.015276269010471688	4.0483060754921691	10.094863034416427	14.085181034848659	3.7843811657457649	9.1793707672216787	13.002991912873364	54.979999999999997	46.32	42.179999999999993	0.0082558321338818668	0.011311683175538507
3.9199999999999999	15.723828157188944	0.094517083296614166	0.014349726807399992	0.019465480874418135	4.1350787982747654	10.422720899409267	14.327344099211604	3.9527647415116611	9.9290126481622529	13.520670690577628	55.540000000000006	46.119999999999997	41.540000000000006	0.0082007848020156336	0.01152693678816492
3.9399999999999999	15.661513812690577	0.078624179304796343	0.017883073520381692	0.019362515981165153	4.1198332031981399	10.33859056966679	14.383881122263436	3.9668774117775336	9.8349224337966277	13.394085103008177	55.420000000000002	46.100000000000001	42.240000000000002	0.0081505230502971482	0.011105648672707871
3.96	15.400238766764314	0.10070011878270446	0.017999007072867772	0.026032159042200097	4.1576562465345752	10.39264623595262	13.99809863434883	3.8595244507059041	9.7845037453762362	13.484905089814115	54.979999999999997	46.100000000000001	41.459999999999994	0.0081839381111799593	0.011214316033319589
3.98	16.095806837955909	0.078427920701966553	0.027431720706697822	0.015405979462643948	4.2119712143567059	10.317129702567282	14.616051971487698	3.9806924655055154	9.8772683223407842	13.984811866713851	55.200000000000003	45.590000000000003	41.490000000000002	0.0081716340174773396	0.011352497298424594
4.0	15.200998800806342	0.078148170223242136	0.016565523533229182	0.015844256966771355	4.1008582467102555	10.341131370867876	14.442637522966621	3.9283350964267747	9.9664414054954147	13.995878336106063	55.140000000000001	46.100000000000009	42.339999999999996	0.0081420654901671573	0.011387725685882344
