f	stdf
1.003038767954894	0.1031947444466088
0.61191180843865589	0.10317614361338021
0.44024483650525587	0.10324013154242338
0.34380243954021877	0.10338134120511622
0.28205901478705558	0.10336848229372762
0.23919745062196365	0.10281555285841146
0.20772136136480651	0.10181234598324566
0.18363971582918903	0.10039767835370834
0.16463161060131734	0.098739996101435884
0.14925207539009278	0.096912103821422707
0.13654845524750475	0.095021416497398911
0.1258804489487613	0.093106503374615263
0.11681095761716245	0.091177953836454842
0.10899333617921346	0.089286523215008448
0.10217907149995092	0.087501076940518813
0.096190299109231381	0.085810401838058686
0.0908909038722851	0.084201507925562913
0.086166317645097856	0.082663531269794616
0.081924533264283186	0.081241770686786466
0.078098329903923361	0.079923655945265168
0.074624512977610954	0.078683680620538543
0.071455367903710848	0.077516972112668753
0.068554179018451095	0.076420791758770118
0.065891945497851601	0.075344372313271235
0.063440970463735397	0.074313196695370981
0.061176425525096549	0.073332203008339272
0.059071411291492494	0.072397642538655715
0.057111793568449379	0.071487053645573909
0.055281911908336936	0.070617548893263868
0.053571437451416327	0.069780345677110764
0.05197062700756979	0.068981096441478443
0.050470763923157455	0.068213436003916883
0.049061211446635715	0.067484326587390578
0.047731880072947597	0.066785692813660771
0.046480899662310136	0.066112313701000888
0.045298888780660136	0.065455069909402502
0.044179021366408125	0.064809476734095858
0.043114628930934172	0.064179826874251902
0.042101616805418435	0.063574932772635095
0.04113684949897637	0.062996305287253002
0.040216099193852148	0.062422491345133412
0.039338028355814916	0.061860252829795459
0.038499751914031932	0.0613214221839622
0.037700423123472111	0.060798439199606341
0.036936844082477154	0.060300496708494633
0.036207306696343977	0.059834237379662682
0.035504228910206208	0.059381227833270891
0.034826156479701137	0.058917728139575604
0.034174361509248428	0.05846379418237585
0.033550408376760148	0.058024122806036381
0.032949015181897481	0.057593447908095473
0.032368565749025364	0.057194342658555573
0.031807586643411344	0.05684393139520115
0.031263497196004193	0.056431573707244838
0.030755385115726997	0.056023826012467706
0.030269642116943177	0.055637634478291308
0.029795893563723745	0.055212452838559065
0.029338958908478957	0.054764675197702929
0.028899297647583751	0.054322043949019669
0.028474501009931038	0.053864380099114512
0.028055231580969803	0.053232138183502337
0.027659530501371109	0.052741434460693543
0.027284346271862787	0.052323610002994236
0.026885928085464656	0.051920682198091733
0.026505243697046991	0.05159403573810515
0.026148203649270341	0.051265483678771977
0.025805905744789141	0.050917542059098229
0.02544293696903991	0.050589170227737311
0.025098535381064515	0.050262253620177277
0.024757889329535567	0.049957837585552389
0.024429108642365159	0.049686802085603582
0.024110090945898485	0.049436459544031953
0.023800427749774606	0.049227290408666143
0.023482432129572222	0.049052055945161474
0.023178633941398595	0.048839250853250783
0.022877320687777682	0.048593040111396223
0.022575241648486476	0.048385003224607252
0.022279162402911366	0.048188953228932081
0.021984317424896239	0.048115636519470414
0.02175005185787162	0.047372155689506201
0.021504898776419177	0.047088785299311958
0.021238218373629433	0.04672354530171513
0.02102065202887728	0.046335348578546792
0.020814818590898586	0.045903410104242169
0.020569899131337551	0.045855492850198465
0.020425452905565942	0.045043254167925137
0.020251730133432729	0.044839794294389647
0.020165403140519008	0.043860692728627894
0.019881744736177018	0.043779348418269012
0.019660692916269554	0.042796622244713395
0.019586250526019481	0.042480226707793702
0.019415793216581583	0.041605853253120162
0.019339729395758318	0.041428980655074228
0.01915645551832133	0.041398811088041047
0.01902598215325926	0.040317804605813766
0.018848630423801756	0.040235896489186684
0.018634378914568758	0.04063649483068496
0.018462972180770757	0.040695773392626033
0.01826887742070463	0.039830386355400066
0.018232529536438016	0.039020947633778461
0.018009710615325171	0.040735337327984615
0.017902904039320752	0.038685734212735079
0.017768623327070118	0.038323544699289849
0.017515806745936356	0.037061473083766852
0.017534982272147601	0.038685017062095789
0.017317457648175195	0.036570542042032111
0.017157073642589185	0.036260693091390232
0.016991711883451287	0.037264313715883367
0.016847790146435969	0.037565085385455839
0.016885666015595845	0.035107611363792132
0.016725891312312106	0.035574790652285936
0.016519520572910097	0.03438836492503812
0.016514358340116529	0.035130318254467281
0.016441685113077028	0.036317448521073187
0.016288002113232721	0.036033302324634704
0.016062316078944774	0.032790103974740213
0.016093721081602973	0.032956586346072916
0.015862974214423023	0.033121141798587689
0.01588462282653496	0.035167087702987349
0.015769798301319412	0.032812908248527235
0.01557753813512296	0.031603936344144039
0.015512985606578119	0.032315897210363057
0.015417577534276189	0.03219477606946379
0.015278741521633136	0.031674298007796746
0.015304858291115903	0.031655567247434811
0.015144838576794455	0.032360443391407388
0.01497890255356046	0.029748402213572431
0.014862189833483832	0.029018286894774974
0.014920459130267665	0.030827137598940214
0.014648836284479933	0.029286191437125356
0.014481749386398195	0.028088759312046522
0.014561608940912895	0.029792171284770796
0.01445502728313069	0.028877731820509903
0.014240043261252644	0.028487107347246774
0.014260580577906811	0.028083487632585839
0.014159429161789187	0.026923000198205215
0.014212106869433676	0.029593025774654693
0.014064276019800415	0.030408264310917907
0.014090507210742637	0.028522445470772394
0.013828061298994181	0.029141156373011491
0.013766375323813656	0.028045329711597719
0.013831621515273163	0.03008568377285992
0.013823422216674739	0.030304279462216147
0.013651489811066831	0.028855780010696802
0.013335686408207974	0.02611044517957601
0.013405032758517951	0.027717074375596618
0.013454601966925332	0.02899278543935074
0.013507243769103347	0.030893299316675758
0.013302199486721905	0.026995822632306408
0.013118947630570544	0.026349542465849991
0.012976845250229572	0.025979169530686328
0.012978660165515491	0.027070539785230659
0.013191405306286657	0.027655446302884211
0.01313681821358134	0.028392023306887969
0.012814384757125694	0.027115141881275586
0.012684359916409324	0.025027492253918402
0.012788010976157924	0.026519262592687245
0.012776564541650756	0.026557391356218811
0.012662057198604497	0.027795284743463582
0.012529715619007663	0.026204033433378827
0.012538859581189653	0.025373952027734386
0.012510938595438295	0.028186119970689514
0.012218459198379413	0.023700903446566203
0.012315985748898303	0.024652303357287009
0.012382787176500553	0.025071453232374405
0.012380653243559444	0.027584672925486168
0.011914100762587814	0.022964505117258564
0.012200946495886785	0.023438167416738879
0.012093126263564111	0.023876127254031172
0.012129824220322147	0.025463261942834048
0.011852526979343306	0.023540269421979405
0.011923639880717271	0.024489169088357056
0.011781973683598427	0.023257085749706807
0.012085569261168896	0.025818384169647299
0.011836536380234118	0.024089366676863209
0.011658951652269892	0.023873920470823682
0.011429200324158494	0.021462718234562573
0.01133400454981805	0.021520340780450353
0.011496454137285582	0.024570854056734363
0.01146546126639761	0.023214481024112051
0.011601379349838925	0.02673179069170863
0.011150291707958197	0.023123987212445449
0.011562493050698933	0.027500859216255696
0.011048417483893725	0.02143128247803288
0.011434139240453361	0.02863793175108028
0.011185292373620176	0.025478479087693951
0.011217322713760044	0.02487535888274886
0.010967723725783337	0.020152191433159505
0.011431067021567966	0.030170521542996275
0.010776187298225267	0.020747497281729834
0.011156973082919002	0.024009921585813141
0.010932370171430561	0.024143227755047014
0.010793608865233055	0.021244197366127412
0.010758823228165369	0.02105504709294909
0.010742203371645826	0.020151621012659986
0.010957896424179814	0.025947030088920631
0.010742712829647588	0.022540071097659597
0.010680462092950517	0.022639429510950385
0.010474072953211951	0.020833293625045126
0.010304186144599232	0.020209131456978422
0.010381624142804092	0.019571791075617639
1.0009576980401313	0.10197975493519827
0.61024292623089393	0.10213978290231
0.43873574906263713	0.10243217747351195
0.34237026168659279	0.10280064975193989
0.28069056256155217	0.10265662832280566
0.23783790017111089	0.10212807635849763
0.20636516881122208	0.10143731605305246
0.18232706227184228	0.10046686013824749
0.16341175254329213	0.099048338338164885
0.14811850578626684	0.097494544783675696
0.13550485290049058	0.095881760800828664
0.12492565592400058	0.094284472607579828
0.11592242970477633	0.092696814662817373
0.10816515390173861	0.091127136141984991
0.10141269665675429	0.089557608307479331
0.095482627043463858	0.088057452685801271
0.090230120985108464	0.086594228547155885
0.085549560123952151	0.085188349489913273
0.081348292463480923	0.083851217722659549
0.077551684588711173	0.082543311226626281
0.074110317321240363	0.081288776631073215
0.070984545143150266	0.080096736268915336
0.068124959739156027	0.078949289795763058
0.065498967250200713	0.077869535036434942
0.06308059224665144	0.076835281161519317
0.060838077902173764	0.075840968657103602
0.058752308965600991	0.074882071377291651
0.056812580395191443	0.073961892985579328
0.055000291664649766	0.073074430872124993
0.053301184688064919	0.072228964612931559
0.051708328098930646	0.07139643492067102
0.05021123088500113	0.07059938463153137
0.048802170796534608	0.069828418500476774
0.047474149125662043	0.069073905266350141
0.046217934144773605	0.068330960560333276
0.04502645045525426	0.067612642319187732
0.04389477339527828	0.06691298101755061
0.04281893887581633	0.066238176600441831
0.041797613549374224	0.065588662748936252
0.040821827436075493	0.064958558777220107
0.039892070778703895	0.064334904079045407
0.039003844183979695	0.063738380046142101
0.038155996226790591	0.063154851395321135
0.037347603368044151	0.062592671491360455
0.036574006393707691	0.062059985181262114
0.035834341059993356	0.061546049022570791
0.035130808649284605	0.061039145644784493
0.034458577032843128	0.060542581162067399
0.033813083099901629	0.060063643860878327
0.033190607232326932	0.05959470184471527
0.032591591109274246	0.059141364905482711
0.03201590279364111	0.05871022944605226
0.031465177956455113	0.058306532709243547
0.030933959183216998	0.057925007400714545
0.03042032537447531	0.057563691156661441
0.029925699710119914	0.057235783193078961
0.029450433370422694	0.056960402814667771
0.028994878875543424	0.056762961533929894
0.028551733829038622	0.056559301895233324
0.02813002903588304	0.05642259296846705
0.027730613116831341	0.056295216748682188
0.027363235718981048	0.056202583359060587
0.026989481296948888	0.055969151452531202
0.026615062847376064	0.055715945318497613
0.026252810236622882	0.055485334918675938
0.025898926470962515	0.055274781560834367
0.025555872351429299	0.055099408173829849
0.025225936334765824	0.054976837431154967
0.024910811785519356	0.054870847965356621
0.024607695579099507	0.054800401472584463
0.02430882018458003	0.054695649821691755
0.024020003130341954	0.054594131698111531
0.023739418063807024	0.054488834782291488
0.023467000246200187	0.054387353478101814
0.023204114775969696	0.054294298793922995
0.022951159437829084	0.054194809820401625
0.022701964581696935	0.054106213857150906
0.022456672221011182	0.054022906561528465
0.022217015491094168	0.053960350016544686
0.021979813393814083	0.053900035145230077
0.02174411161962498	0.053792604815495901
0.021513273784687668	0.053661935127284385
0.021290634761000776	0.053535707719059862
0.02107229961787712	0.053405295783354047
0.020859006651524913	0.053275580070151464
0.020649931710692997	0.053145468315303951
0.020444345797997428	0.053002559557381673
0.02024268234012689	0.052840951504846308
0.020044034203782445	0.052669220425562172
0.019849004918544404	0.052491792045060201
0.019658403205003203	0.052298048507431805
0.019472115344838826	0.05208435002057616
0.019289535630069576	0.051860318425909366
0.019110801027494056	0.051633928402642137
0.018934481936418408	0.051391444793173459
0.018761225287916343	0.051152328064461919
0.018589729944306015	0.05090959472253917
0.01842007067873699	0.050659415110060627
0.018253595241961882	0.050417412614283202
0.018091862140920425	0.050104263408725896
0.01792302784728917	0.049522201293850168
0.017695480088362699	0.046396614027506486
0.017653422074762708	0.046409572650530848
0.01743091873025808	0.044724909389378439
0.017156785775337777	0.042496067189114674
0.017153625964840807	0.044903521292333416
0.017008455753718024	0.044053129611067547
0.016904142240786891	0.043288494960978738
0.016790584695141612	0.043529942250187012
0.016659885142961416	0.044763397750209363
0.016523536279199547	0.043064451726483426
0.016452391734150893	0.045649400466358354
0.016326370108854352	0.044611153346757811
0.016164535700638295	0.043038980303871224
0.016128942497849075	0.044310868908900715
0.015982094532003503	0.044338579737853399
0.015877370900566106	0.043983673784873535
0.01575182898435926	0.044689988596903318
0.015674783090531441	0.044538227086094589
0.015520015588258136	0.044674777077798142
0.015404623509910611	0.042319710287683526
0.015343848544850701	0.042534248922999118
0.01519149671038742	0.043383004204527072
0.015145805178090426	0.044916298417621341
0.014986741180159446	0.043536145717146535
0.014925111818462138	0.043849850716095332
0.014761209991174277	0.039934503547288322
0.014726105016531914	0.042228730977379871
0.014593752558143052	0.039517742460984259
0.014435008217055987	0.041036557780302713
0.014404954577714922	0.041975456447219325
0.014356024733432836	0.041503750030684357
0.014191250190685996	0.041114720343477844
0.014149968813539499	0.041500615311367513
0.014054316516309501	0.040241159319039099
0.013985104279579686	0.038776104433531751
0.013908223328198721	0.041499248123969136
0.01383136973508267	0.04086862166822619
0.013730693431919072	0.042104234724519976
0.013563241660640827	0.037059957860998714
0.013487458494298001	0.03628152688091256
0.013455865803052632	0.039216637834991817
0.013324884351647843	0.036024088892818752
0.013387812898773247	0.042525998435869634
0.013216846959724271	0.036221435473177868
0.013190579365577741	0.0374121260535593
0.013106566038248633	0.037293114177024876
0.012984465721894232	0.037961118739995692
0.01299527150133996	0.036229676093382943
0.012866371059910887	0.035046148330257057
0.012815499350698522	0.035288006310359554
0.01269642328783231	0.036470732009538626
0.012685313346756634	0.036680426827514802
0.012557426313327014	0.033519600642565275
0.012506521848400383	0.03552500695741978
0.012434344350241265	0.033416613918926023
0.012518981261677869	0.033561542533634733
0.012355326658329833	0.033952926157782691
0.012367562085841981	0.034235196590252495
0.012293224011749685	0.034196875142663508
0.012161975085847406	0.033482878402944449
0.01207761324072309	0.031970438461732101
0.012075501614225805	0.034107766587913216
0.01196493416304655	0.031948022857467388
0.011928578773038373	0.030556020289293568
0.011858081748269019	0.031261000956914663
0.011792382173987356	0.030447058408460407
0.01175008576011535	0.031666619494884599
0.011748570585919349	0.031855534340167753
0.011648812813959386	0.029324022365506474
0.011584124526904254	0.030336869920033725
0.011598074932348254	0.031154030871483759
0.011432930823186676	0.029849315854868715
0.011375279013725752	0.028626390627762746
0.011318170770623784	0.027830666661936898
0.011371990683208327	0.031794161360459865
0.01126445169392787	0.027902731264341816
0.011240158439555744	0.030248510951796263
0.011215051417386625	0.027014791358062347
0.011159263186775167	0.026333168702937622
0.011131934116464702	0.029914197832677413
0.011017205071809321	0.028856166914258668
0.010977516697368933	0.027602652743717516
0.010950553951998128	0.027125344233597748
0.010972732217248567	0.027306709374980441
0.010872752814478042	0.028443215696952368
0.010810509052836662	0.027961211509232833
0.010762475190865728	0.02680126425084408
0.010752647722520397	0.026855971380070925
0.010691163307307655	0.027395991186816317
0.010623789960515299	0.02575088231035064
0.010671290694843875	0.026514499572344384
0.010665098485595942	0.026705112093329923
0.010513778148511186	0.025064749699150957
0.010419539691963416	0.024594752242310843
0.010408282640611883	0.025677675056767747
0.010345039314942624	0.025560484420622785
0.010367798158716308	0.024106575988137622
0.010204897859774509	0.024095264815666512
0.010380455777889342	0.025778817489623539
0.010272917375585024	0.023223542233756639
0.99980111232130875	0.099541910465708233
0.6094627333207282	0.099668379308759131
0.43810503296725173	0.099861884811952517
0.34181700429447714	0.10001360417092099
0.2801432248723752	0.099913247875123873
0.23727753150779618	0.099467869898292482
0.205809925786059	0.098594370704681564
0.1817523900934607	0.09747837973615249
0.16278091366421996	0.096102399804476893
0.14743325105567162	0.09458032917311969
0.13476616932208971	0.093031405964595679
0.12413850414143758	0.091465507658607434
0.11509322043722621	0.089879161106489219
0.10729353936743098	0.088365486991952222
0.10051111681688775	0.086901166214755132
0.094555753585343516	0.085489744383449709
0.089286643538640575	0.084144032019455764
0.084597249671545818	0.082866261861337956
0.080394957250426419	0.081635993394637341
0.076610922200035889	0.080446126991851413
0.073179598714071759	0.079308891086834421
0.070056694540769709	0.078218357909035224
0.067206406266426086	0.077152567477454082
0.064592343785198916	0.076125698761699209
0.062183802327276223	0.07514462540356226
0.059955576980638713	0.07421202619620744
0.057888108347279164	0.073324841051284159
0.055963805922161471	0.072478633114896412
0.054167864783657919	0.071662929392092886
0.052494181474560767	0.070880061898210389
0.050928850444516491	0.070098706528370053
0.049458271748211394	0.069357599086469796
0.048074739955256317	0.068660293046446719
0.046774830042493512	0.067969129873471465
0.045550201822466121	0.067268382555297074
0.044391765462289783	0.066579755886098671
0.043291256434387464	0.065907715530665753
0.042245460203596076	0.065253866438695934
0.041251905435168365	0.064592500465059224
0.040305860296444548	0.06395717006511778
0.039403508038792404	0.063358675163592296
0.038546744547990133	0.062779884800683514
0.037728902823371047	0.062233294581425097
0.036949866994413071	0.061702922231373025
0.036204632951051724	0.061191598148464262
0.035489299109608338	0.060718238659117699
0.034803708517376096	0.060291641626414635
0.034145010920257735	0.05986898559804249
0.033511580804215409	0.059449248286150183
0.03290446176093887	0.059047937800425013
0.032318377619371959	0.058662216824446008
0.031752736131817616	0.058273684053320236
0.031208582278024585	0.057903200645005454
0.030682186395359252	0.057524850998591753
0.030172285075400533	0.057155952549190099
0.029680683862238127	0.056785480799781358
0.02920553508473293	0.056429383305017712
0.028746307449570963	0.056092524303878212
0.028302167204688467	0.055765666484170799
0.027870239638656466	0.055470445900752396
0.027450130825916248	0.055201007658279601
0.027040704345726189	0.054944311292438923
0.026644221939659863	0.054691095147716196
0.026260057935887877	0.054438998007009437
0.025888496009416406	0.054197687119530456
0.025530151384025764	0.053964199393711082
0.025184676004612619	0.053747199036404916
0.024850088399606406	0.053528166384388856
0.024525931954825962	0.053310471267657374
0.024209663941653355	0.053091473101237352
0.023902130102596623	0.052869243837218804
0.023601211753370138	0.052638948062807459
0.023305834504087606	0.05237607768195935
0.023019448224939006	0.052129495778452863
0.022743054568405925	0.051892074482314407
0.022477160538425286	0.05168248874468219
0.022215610156056925	0.051480687382204536
0.021957146687686571	0.051254193978834482
0.021706003512206883	0.05103314143514371
0.021465938668567126	0.050835518382930225
0.021232339845132165	0.050633568165956044
0.021004775223396728	0.050429635400984205
0.020785380178827143	0.050229413056919088
0.020573755716625647	0.050032896635512435
0.020368982725826597	0.049858301403353553
0.020171146251162096	0.04970095023340098
0.019990646194541283	0.049582412087303102
0.019806168897529546	0.049399961549069747
0.019625772780027348	0.049195510452945145
0.01944717071941909	0.04897383204631503
0.019274674200732166	0.048745087389973976
0.019106634839981186	0.048514596564260444
0.01893534447269318	0.048241419400615659
0.018769157866579875	0.048017348899777969
0.018606885309165717	0.047782861303723376
0.01844808044762165	0.047522952806187901
0.018291857647826752	0.047289626406987265
0.018137529375040633	0.047087392050557481
0.017989885226669295	0.046969659369357007
0.017844632426474164	0.046797042399747038
0.017699358850485611	0.04661904217897523
0.017557819959112101	0.046464283407786466
0.017418570095025687	0.046337051269252444
0.017282310218860706	0.046203359883488782
0.017144410731964214	0.045956861603518764
0.016998369923025565	0.04518935754746492
0.016865133131602997	0.044902169927394445
0.0167556595136381	0.045266400667381274
0.016638145333238478	0.04511845789781177
0.0165117981347278	0.044880374826312269
0.016405055754459767	0.044707972690231433
0.016299090073378628	0.044559932734893427
0.016185070758666806	0.04433215145824343
0.016080643783290143	0.044275070153796482
0.015971999003175436	0.044038975041899797
0.015845875307583756	0.043626927343238413
0.015682730132432474	0.04202217142412213
0.015569350747792055	0.041822877059188301
0.015469665234548027	0.041625400377208938
0.015327253761725718	0.042349539315758127
0.015339921671773461	0.043215197505968236
0.015237572238830059	0.043080012176567782
0.015135477426383459	0.042950417024544447
0.015024310082894577	0.042729331661381424
0.01487236922035432	0.042740844440079272
0.014780984344767588	0.043067369080913603
0.014780450614718808	0.044753354078644232
0.014690021188267482	0.044852474714554572
0.014556485568091941	0.044196072759293631
0.014547621043343449	0.045375237057145787
0.014452802530316514	0.045290421048645294
0.014372735833232713	0.045429906426320749
0.01430712280513766	0.045743859940043548
0.014239687764160831	0.045971092326683706
0.014140375111512168	0.045676832079346537
0.013999177412327672	0.044366180234210101
0.013838767058554189	0.0423404619882616
0.01380685456967581	0.043658167930572561
0.0137149612272196	0.043437133949927813
0.01369343161094563	0.044153964781963893
0.013596299203555129	0.043467668317864958
0.013397694793365904	0.041475072815208514
0.013346584478354687	0.041967649001189683
0.013148942043454629	0.038696507546905387
0.013182341193143194	0.040943826851893309
0.013020763214153503	0.040429250867305054
0.013097757154623989	0.041329372563234199
0.013022304431833401	0.041762991755456884
0.012849812097506425	0.036278132798047528
0.012817119432049013	0.040037299372887587
0.012898780438380837	0.042546029426112346
0.012719499013150356	0.037712033521839446
0.012508648205979658	0.037935094259716695
0.012626602898189031	0.039917732447118458
0.012457176095337133	0.034386488281102759
0.012348429525583487	0.035239826129009326
0.012293661267226329	0.035074299163773644
0.012290254638850268	0.038566986425650721
0.012360862234423424	0.040512874691690494
0.012173270658239839	0.03847036719932953
0.012166810903340394	0.039440717725079906
0.012115002853714529	0.039118379361069149
0.012036779829008904	0.038756793040359352
0.012010012474008937	0.039231356180674436
0.011832016784341913	0.03775310136821871
0.011842137444451679	0.037340241468274242
0.011779179900700128	0.038607458286114046
0.011731027286416175	0.037565681260166552
0.011629202406707043	0.033873519571311711
0.011622481625782012	0.037527865726504232
0.01158304897337987	0.036636011470809124
0.011627976270306874	0.039225457547785593
0.011358657431409312	0.035110381186009031
0.011503606116995642	0.038453474833405339
0.011402225257345563	0.037501174747390474
0.01108944496261426	0.030046723920703088
0.011287392612071252	0.037690682353418679
0.011182049050613549	0.033744882839460498
0.011075569675229985	0.032359121930896004
0.011032781937431995	0.033527053997284867
0.010975853674076099	0.031955431019440567
0.011066590228566533	0.032140235950466264
0.010946850680369789	0.035085268247126419
0.010972224965702508	0.036337566721617288
0.010935318315172431	0.037176083782365484
0.010866133639017672	0.034589630235061231
0.010649204918654455	0.028367740151429056
0.010777048622784629	0.03549567471451244
0.010564369439030679	0.032690109775513176
0.010505874261319801	0.031829962459350193
0.01064124995832323	0.03245498317990473
0.010442211761207116	0.027059061657961368
0.010465285879542052	0.030973933396288466
0.010365337974951752	0.031907363307439436
0.01031318798092952	0.025073216524020291
0.010402360648565465	0.031451566354822831
0.010257877401963942	0.027232419753549265
0.010143374001923491	0.029487671738694765
0.010237094619801625	0.031245068642897365
0.010197054410692366	0.028706178689087401
0.0099981430737771833	0.023440552499633803
1.0008088763569758	0.10136774877266758
0.6108198394353922	0.10129712991853092
0.4396306381695666	0.1013039377380088
0.34344097915560373	0.10137289675287264
0.2818261263448627	0.1012793490390175
0.23900878477626666	0.10083405540126705
0.20759009765627684	0.099785530181345575
0.18355121982727615	0.098494038373583628
0.1645801987451346	0.096986775528320981
0.14923600188578742	0.095253110320969198
0.1365696412872531	0.093435088092006055
0.12593712104064261	0.091639866714276222
0.11688221824351794	0.089930700890461554
0.10908053134385008	0.088253362762882565
0.10228915383377918	0.086647990859568161
0.096328945259864615	0.085103745464084862
0.09105340493904604	0.083627165142095145
0.08635243549063841	0.0822014486003559
0.082138549216864476	0.080848142708797782
0.078333762714692182	0.079540365270620264
0.074883587697045007	0.078292984702434038
0.071736727848200302	0.077107247692878661
0.068856378459245152	0.07600608260166658
0.066212428388729733	0.074954195146822791
0.063767080123801126	0.073925820652756435
0.061496527174683666	0.072936670991417721
0.059391170052646353	0.071982398545964832
0.057430924399145891	0.071080458613064085
0.05559814493355783	0.070219503965207555
0.053881969008417727	0.069388465969970808
0.052271814235714371	0.068590001994837696
0.050759559151880781	0.067816036412226735
0.049334518444328297	0.067046654978591094
0.047990239123065152	0.066294285576612516
0.046717546008013998	0.065563836457934066
0.045510063324490292	0.064864462268965389
0.044365041280146032	0.064189683144439305
0.043278489344968127	0.063532067012582696
0.042245276412627208	0.062902683577390248
0.04125976469546036	0.062306728194483317
0.040320528988025087	0.061755641590788696
0.039425096619979595	0.061231506713997561
0.038571792332607754	0.060743556172519482
0.037762521628288408	0.060293484880103429
0.036989407927928125	0.059870850596156593
0.036258544002599251	0.059505320483720966
0.035564588761691253	0.059186137720506397
0.034901041367814405	0.05890964494095955
0.034261439020898753	0.058662867714753424
0.033647678372035084	0.05844815024743856
0.033057585421160371	0.058233668902927319
0.03248815344615312	0.057993419552596209
0.03193911621160006	0.057760067804453398
0.031414953482644614	0.057546714488947263
0.030925639199326931	0.057377858767059454
0.030450480574074811	0.057203340955988627
0.029997294338519963	0.057125182313491785
0.029565282219701762	0.057071954988153477
0.029143690930971508	0.056998752485845787
0.028736704610831842	0.056912526654063128
0.028333531235907712	0.056817916133440685
0.027948088791602963	0.056768880182297407
0.027574167903663124	0.056706938978641021
0.027215684769216254	0.056670733684408024
0.026871305036904915	0.056598625900259193
0.026537955978160006	0.056510100154670367
0.026208637397650104	0.056477798076611484
0.025888551612264551	0.056530711981699761
0.025579262689125665	0.056553009696898859
0.025280056526814056	0.056554082516312845
0.024985264286501076	0.056503634047313255
0.024703092475111859	0.056439543139952968
0.024430663794839873	0.056350307866809661
0.024165913542381609	0.056263416183934586
0.023907454886738521	0.056181409925652244
0.023655159906313488	0.056092547101250681
0.023413292772291042	0.056007074931270849
0.02318871426164526	0.055921704808584258
0.022967340949876559	0.055863002684004341
0.022703853433487818	0.055758599985336388
0.022494370983404587	0.055589420392438034
0.022290532239154774	0.055415819024217904
0.022078017648410268	0.055208496186694607
0.021876781720061637	0.05506527667372503
0.021676000081039773	0.05485151187689144
0.021467247846769347	0.054504874305725655
0.021252993232191011	0.053949418348677412
0.02105324483236562	0.053454399334446782
0.020868338782623924	0.053263941674042775
0.020691254784613321	0.053096408538474138
0.020514196157318521	0.052862764088180393
0.020329102325000611	0.052571460577516833
0.020150440319257393	0.0523533851784471
0.019975958843328315	0.052043818399040452
0.019802918898096506	0.051791188118571911
0.019644069696117341	0.05159215132106118
0.019489457523807808	0.05144941000036201
0.019322938859930708	0.051148649218050249
0.019170086549645988	0.05091512701576862
0.019031971152740197	0.050698261267101127
0.018882835146901658	0.05036736044978208
0.018752235219291778	0.050309547905997606
0.018626322025870945	0.050199402096894614
0.018487163470876963	0.049832339074121948
0.018347598605720827	0.049463413619889214
0.018189423216411389	0.049030030110786549
0.018067432982361756	0.048980748413894146
0.017960938876381505	0.048809243332156832
0.017826251224343573	0.048447847134895597
0.017718026743837961	0.048427386768156507
0.017586749110841248	0.048031939394795248
0.017303834732269773	0.045596020535440464
0.017339913991855076	0.047879993806082079
0.017084820379227671	0.044688185722987737
0.017080745218086505	0.046911224793534115
0.016860605158969037	0.045122989351479036
0.016713726029034599	0.043702821942122279
0.016613192580733446	0.044370385318372473
0.016681645114244994	0.047374756077625778
0.016567736924396656	0.046654169128756605
0.016395299055718088	0.044290307621760394
0.016295062154030399	0.044850687992967736
0.01643637889595758	0.049816539071242463
0.016312709400081872	0.049633306276483984
0.016214932359121977	0.049260968386377467
0.01592468795236281	0.044510140193475559
0.01579272349543729	0.044931183483503209
0.015792595636913053	0.045847025842499702
0.015583879743300387	0.043704854660694577
0.015418644936186358	0.040813047794115133
0.015707160871114005	0.048780080172517074
0.015689612688391374	0.050364031596042524
0.015445908722431536	0.047497074344507666
0.015267658949771164	0.045072672342139075
0.014862585018792198	0.039411412965935207
0.015181538986810217	0.046175033051884765
0.015039116846870414	0.043862625314615988
0.014958543109223673	0.045801541215629481
0.014824783455129078	0.042680656443590002
0.014540578130174123	0.038293054498690103
0.014579977073539667	0.040538600997808323
0.014474063998858587	0.039767534230845343
0.014333276779998438	0.039197975429975822
0.014397322324435623	0.041832009313977965
0.014311697097446107	0.040044254248382705
0.013998370416439138	0.036999290288169354
0.014217334698695194	0.041190750538054294
0.014159364695845934	0.042091604199420166
0.014002054955498885	0.039962282012218568
0.014051265288044889	0.041268220817976979
0.013653394078204069	0.036599440055004623
0.013590785780157556	0.037613792131988871
0.013234257111235237	0.031552335271140805
0.013518274842604231	0.036671236803787317
0.013243220194376357	0.032976843526622494
0.013627979411113839	0.040653223654187387
0.013632659830273152	0.041778358140564832
0.013297424361454528	0.037469839641676911
0.013338735781018804	0.039976771812922751
0.013181191932842751	0.03746873199249949
0.013107943205969639	0.0359694703694892
0.013192308725044096	0.040443024532072505
0.012692000643765099	0.030645065466498821
0.012528507082002654	0.029061828923414787
0.012483350143593008	0.030127702648280501
0.012977340398432556	0.040150228440609032
0.012940339453981658	0.037138286807407377
0.012544880764503443	0.034915861355547188
0.012439055294002944	0.033234263932007943
0.012471007281021429	0.033119610260966749
0.012487403432426665	0.034498334650236689
0.012094512048089917	0.032611213824430704
0.012241442096038641	0.030942172638009753
0.012114113540031791	0.032546204159752824
0.012014877497865395	0.029830140863506268
0.012323109471508342	0.033636561907140067
0.012186492602419901	0.033555350298698022
0.012118636265762282	0.033472661532135711
0.012062638769119276	0.033236981631338397
0.011965198776121984	0.031779149445210021
0.011705286176763119	0.0279266957265123
0.011448436210091057	0.024767286074052808
0.01173701311031186	0.030748277330899985
0.011735263192231339	0.030353692199279709
0.011610897223633752	0.029369757222633495
0.011632053093474891	0.033026964947824949
0.011433499089923978	0.028073418978304055
0.011441189742711017	0.030370171292654815
0.011050285215131328	0.024999991353815771
0.011156709431146951	0.026707760689473756
0.010940908026516908	0.022574474380377206
0.010908403356957298	0.025212558013549005
0.010881794316489366	0.022738226116480128
0.010878125588590594	0.025186808196381312
0.011084793336595226	0.03006981578873066
0.011070530620044521	0.025849214516139422
0.010836747975806665	0.026637398567794977
0.0110376322788982	0.03389708446353517
0.010667055191142151	0.025406844797638831
0.011070337376525931	0.028142671788947696
0.010668398589319093	0.02324430895292022
0.99886784431520603	0.098180864946434104
0.60901128484198463	0.098308608643377177
0.43792295020375016	0.098511964203676083
0.34182363046716746	0.098778855877803037
0.28031451322691353	0.098809759343902542
0.23761205016749445	0.098448136447233617
0.20627603116347751	0.097509044216742821
0.18233496024642198	0.096133539887445843
0.16345639085365563	0.094506722217371025
0.14818997302333597	0.092813184372599333
0.13559271940151327	0.091095089755553138
0.12502620210136922	0.089400547373542125
0.11603347165114172	0.087707509168955547
0.10827674924528492	0.086100003816366968
0.1015188856348785	0.084614088752092032
0.095583258370190979	0.083159884951064147
0.090322781447318534	0.081776736770863209
0.085638774750212018	0.080468191166445671
0.081437895921181891	0.079257697867297722
0.077647607480315461	0.078151306927609146
0.074211018146060237	0.077094218119220653
0.071080751466357908	0.076093529852901173
0.068219851033010342	0.075124272245677678
0.065595793225359939	0.074192548609916059
0.063171643754492093	0.073284711703057046
0.060930387619653519	0.072424330275195278
0.058850938351935937	0.071585445104136947
0.05691666033289746	0.070781774583981924
0.055111899438413506	0.070010571856625389
0.05341959188359495	0.069277642161489808
0.051833129371326551	0.068574081589756281
0.050344918426142311	0.067916226355894754
0.048945976255026724	0.067266422896263001
0.047623150402777557	0.066627338496982338
0.046374558270510069	0.06602305028483256
0.045197229841690098	0.065429437292063936
0.044089126605839128	0.064853844083171741
0.043038238550986804	0.064276068858619528
0.042041123237257436	0.063699955975511938
0.041090642555864747	0.063149713789480172
0.040184347077621266	0.062630025505322207
0.039320183426820213	0.062130710312582133
0.038498908647121487	0.061650187300661033
0.037711529653079084	0.061186987843845519
0.036955820288087249	0.06072263144283932
0.03622902489976474	0.060261533316962511
0.035531155453865836	0.05981128480955903
0.034863519943568212	0.059380119653753435
0.034226275314634021	0.058950479271428456
0.033615888182652695	0.058537541270666148
0.033027817823516291	0.058120450801701667
0.03246397850305744	0.057687920400955883
0.031918109731327006	0.057238352534141619
0.031392162281612915	0.056794230529028419
0.030886464642324283	0.05635143100161729
0.030402607497736007	0.055917031631317671
0.029935312208020228	0.055510949262984638
0.029478989388098176	0.055106302811335037
0.029035128527267241	0.054687142579325831
0.028608280957856936	0.054270902934035532
0.028192619590593552	0.053847623681032207
0.027783955955227597	0.05344422110666492
0.027384855642578074	0.053055982669637652
0.02699641752325941	0.052702121880394359
0.026617315325147745	0.052366947944968038
0.026235480803923589	0.052031339434996167
0.02586971570893511	0.051707914613065648
0.025553607516583234	0.051467333704669216
0.025232748869671497	0.051168054464470661
0.024928811724400285	0.050904432775248497
0.024630815743311073	0.050674863445779234
0.024330823645959711	0.050424005576812987
0.024036958250557048	0.05018033950632611
0.023751660318958204	0.049921433201981891
0.023471819796338431	0.049660953841803968
0.023197511296011195	0.049439980970407069
0.022936315379527488	0.049206249699882118
0.022684136120737258	0.048976569139948495
0.022434315695249969	0.048744037229315341
0.022193192013174837	0.048564017535721038
0.0219647529161697	0.0484175230909204
0.021743087018854447	0.048284435001361051
0.021522091994710495	0.048116265303130769
0.021305540668460063	0.047953278111719518
0.021092489413595473	0.047809762579318592
0.020882382954882379	0.047653121926723996
0.020677606042484885	0.047527178108836748
0.020469346585410639	0.047125741339775463
0.020275311437941416	0.046738638658029359
0.020085524483251831	0.046460245548927262
0.019900219083150816	0.046213226819586936
0.019720860139883178	0.04570993382068652
0.019546231893895816	0.045497805438476598
0.019375119025399262	0.045515326674959417
0.019211012997544494	0.045258931202951318
0.019050658330304126	0.04504487930285573
0.018895934856429753	0.044754284163777427
0.018725692702450891	0.044489709721581179
0.018549390936394232	0.042925378862257384
0.018407401807956924	0.04314340844350157
0.018246455251763515	0.04247956633956293
0.018109233970581288	0.042657743598003207
0.017975325399192769	0.042739084268244319
0.017834546636398385	0.042580265122886318
0.017868945718422628	0.041082995141355071
0.017719346509300252	0.041236107045606693
0.017402107824217375	0.041704223092430957
0.017282662005806186	0.041543850982220992
0.017183188094708986	0.041195908167058544
0.017006682867767964	0.040789007361929294
0.017174591309191918	0.042286345102599938
0.016829288537306392	0.037163431920947385
0.016981963420250025	0.042301961290707728
0.01683499420871196	0.042021960652888504
0.016559632826157484	0.037759865367789497
0.016707939308277048	0.044049640154741714
0.01655808313772824	0.043478700069289937
0.016144049504117776	0.035260466749958724
0.016322459795803983	0.042773015406099679
0.015891507652000869	0.03693106579171318
0.015987618237424218	0.040139532200450884
0.015995078598170547	0.042435426604204636
0.015497005191916319	0.031974115093465982
0.015422223423960215	0.0366332030605305
0.015436593921113731	0.036411070504214667
0.015299643464816231	0.035257589458771811
0.015316010606121169	0.035728980666953604
0.015164104950616963	0.032555888283185355
0.015009505969981912	0.032815746610084101
0.01488727646004109	0.029262498394474867
0.014738757795940837	0.033640876006522984
0.014517722192356875	0.027857337376402252
0.01450859993107817	0.029899570114471884
0.01451998812307833	0.033311415453540404
0.014381736548463867	0.034649673280039546
0.01431646702399934	0.031714173816876572
0.014141199169369942	0.030219255129964945
0.014023547079421725	0.027781497006573442
0.01399827992669902	0.028359807513140781
0.013790436010742393	0.027676318056359814
0.013899266947299168	0.027697196609938687
0.013655453789077844	0.025640180646920571
0.01382113587094112	0.030585583723006654
0.013726502815655598	0.03217203922425254
0.013398232059135158	0.026191321029444731
0.013435384691853495	0.028710784622211855
0.01343290272178442	0.029527095795319855
0.013255433306141489	0.025966967314039812
0.013080142065637228	0.027502108673311144
0.013207428349100247	0.027940946915760639
0.013012803304097993	0.025347456213046654
0.013037624948800111	0.025565263875166878
0.012943609842816403	0.027224017334261413
0.012862414216513051	0.0238513660738853
0.012736156385180745	0.026243754409183757
0.012670442423505904	0.023028842237123107
0.012587875025143747	0.025277986189666046
0.012598664892006287	0.02554158663938846
0.012452077047540583	0.022942603515341525
0.012358156633539147	0.021411944652846363
0.012262602845138108	0.022617955083039289
0.012286363018184086	0.024059599843681959
0.012130762408866043	0.021418943421992971
0.012147247777910822	0.024976616223800808
0.011970706363789167	0.021083857380276454
0.01216182718509669	0.025086300865977282
0.012105137349460567	0.024976754680236676
0.011897762857308753	0.025283371600957793
0.011759807876775354	0.02168703355359634
0.011843206959092675	0.021501382120589139
0.011715892039097352	0.021168060240830382
0.011680807007599952	0.021354629713451735
0.011700618564782083	0.020220406217175774
0.011373688694212028	0.019961311279651173
0.011551907040014566	0.021394503325438345
0.011554003821369105	0.021627303994062309
0.011321152570702356	0.020832490882586107
0.011208626771292158	0.019704838327990276
0.011226605371879472	0.019581679304828532
0.011196351339909427	0.019281234219451028
0.011195231446444945	0.022300443803133455
0.011039310160528011	0.020775139010647845
0.011010963007185036	0.019427330706031944
0.011021977908789886	0.019948584102464393
0.0110359862152037	0.021350568485667812
0.0110077831241436	0.020269066120279847
0.011093402679989315	0.023008949809213367
0.010918035357811235	0.018595230189947309
0.010795384506770343	0.020081497744932276
0.010789605404839069	0.020212348659013338
0.010790202106206688	0.019024269445594499
0.010688611831597668	0.019169500479274029
0.010717504190595906	0.021223725673730615
0.010612681554993916	0.020129475583415272
0.010466305115056793	0.018775639017254309
0.010396305242408609	0.01730009425029443
0.01044944861465045	0.019595914757192599
0.010341918515274455	0.020364562607377894
0.010445981041026163	0.019165358706321349
0.010286562096787254	0.017527721385867515
0.010142969162616157	0.017143802782614674
0.99914882292417706	0.10355220716653864
0.60964121728990517	0.10366265227900846
0.43867263024533526	0.10386701600472897
0.34261482899043871	0.10415672194803015
0.28112954325169559	0.10423741108962349
0.23848610244120394	0.10375151249888247
0.20718339417116127	0.10287329727790329
0.18323640413352324	0.1016031997925155
0.16431620256379381	0.10010988476363807
0.1489979230939848	0.09850472521282512
0.13635397427001089	0.096723946020700516
0.12574291220447095	0.094853298668244657
0.11670535460695831	0.093014747752890592
0.10891929625058841	0.091304425932102626
0.10213059008835065	0.089703686707376259
0.096170225663025619	0.088169408923811962
0.090895239189203836	0.086705958051144477
0.086192497267486776	0.085330170808475034
0.081977602793813914	0.08402233770762052
0.078177585807667593	0.082776696495967902
0.074728737701245759	0.081585267762794539
0.071588915017038526	0.080443324697397817
0.068719304245225349	0.079329094567152564
0.066086315198171042	0.078253411810141366
0.063660527161637406	0.077229695970568529
0.061415989347128712	0.076253810200526559
0.059333291033140098	0.075298470407494072
0.057397740543769497	0.074361685934298052
0.055592671735924498	0.07345731694236339
0.053901413445467256	0.07256840227099684
0.052315701058362682	0.071723224234217828
0.050824947160244986	0.070919034960324992
0.049426136786264292	0.070152021686824481
0.048109648275694424	0.069409817281592651
0.046862799237921894	0.068664934585217802
0.045681947318566486	0.067943160528183333
0.044558582259834834	0.06723632763061832
0.043490609910920221	0.066551865277127392
0.042477200368273058	0.06589984791971043
0.041508201084605387	0.065262644931726038
0.040583075107755086	0.064648810211832566
0.039696531016407403	0.064048385235274508
0.038855142349680523	0.063464835692010016
0.03805564050569156	0.062910448414223136
0.037292018942071098	0.062375507464383279
0.036563451001033434	0.061855487229730693
0.035864358063135426	0.061352168215189649
0.035192563228658616	0.060859666732003062
0.034547018224403599	0.060385668761846645
0.033924053428584754	0.059909871676888299
0.033321610483344345	0.059421608753180991
0.032737938579369491	0.058920146803950489
0.032172000529681409	0.058417486632073135
0.031624805118390019	0.057916001018227102
0.03109795674814771	0.057414848598740534
0.030588056018316555	0.056919250408360357
0.030095854892766942	0.056438055751206473
0.029618226448981395	0.05595522591757824
0.029155305347979152	0.055479761882222069
0.028708052327946147	0.055014534883967216
0.028273806305383641	0.054554307600171874
0.027851621731111671	0.054094892438627223
0.027445108766126162	0.053633313629085827
0.027053975436033873	0.053181144052091671
0.02667907601461	0.052756949816315006
0.026314733096934093	0.052321337630001873
0.025957687777757251	0.051805815154478047
0.025587295760872507	0.051718947214899405
0.025255572051257585	0.051680107463149501
0.024933555900922527	0.05174538579664812
0.024623330058516552	0.052494724027710139
0.024320778525059504	0.052671312159746089
0.024030369490627399	0.052784039882266383
0.023747970368398649	0.05284983259983761
0.023485459718160372	0.05296483696573042
0.023228189971535421	0.052987288416858229
0.022977095641802454	0.052960651666632448
0.022731382743874668	0.052930869986355301
0.022486035200032364	0.052865732780982472
0.022244595781679265	0.052747359843437668
0.022010140918492269	0.052616682917391522
0.021782843814056613	0.052477892529793527
0.021560656832664057	0.052331642563199457
0.021345654646103999	0.052193584847264558
0.021136457422481839	0.052121028353112511
0.020936504428135699	0.05206936114244054
0.020740992680554328	0.051982767528766641
0.020550019427108265	0.051861481362401735
0.020363424279221266	0.051776824451660292
0.02018292511563179	0.051715159992524948
0.02000664780704188	0.051634362752570738
0.019836078173892765	0.051578730018836089
0.01966769855878529	0.051508912516048271
0.019501536509496424	0.051430069396458993
0.019337217956625637	0.051332085531991756
0.019174819113906047	0.051231601531839463
0.019014615612032004	0.051123737156398098
0.018856850149503043	0.051002739351227372
0.018696155865359099	0.05087699955239592
0.018536473386140614	0.0507290885860259
0.018379855715734722	0.050557310695459434
0.018214250598927114	0.050350329067307048
0.018064086632879072	0.050106586896673556
0.017917614274915117	0.049740648853196526
0.017776323084572252	0.049463570516515114
0.017631404047750834	0.049173335484070733
0.01749409172541596	0.048879487240807193
0.017366973287768109	0.04861141722581272
0.017234660285519215	0.048132605495883975
0.017103939439372339	0.047736572671128269
0.016937328717699932	0.039663926702678466
0.01676493579674708	0.039466727311620146
0.016762554222639774	0.042936599305157377
0.016621362440677547	0.043978224622758501
0.016505380767520596	0.044869788054611379
0.016330066828668312	0.04359817105931061
0.01626896533992056	0.043919045860426775
0.016149867446303992	0.044265199370012977
0.016041745451803219	0.044218474650962687
0.015932130323556299	0.043345746440156069
0.015808401141120691	0.04234302727219319
0.015718723608534876	0.042115562833343195
0.015588728935935707	0.042089577699251
0.015472262454825136	0.041200941619112912
0.015372056040544094	0.040930762996743197
0.015307329670915092	0.040888586748676251
0.015198587125087655	0.040275033741726772
0.015069718558019099	0.03962568762461998
0.014992100113210708	0.038189027015297229
0.014845010172475834	0.039878033150192289
0.014788013973355362	0.038758050277162864
0.014684242799774179	0.038441430252684684
0.01455082938558554	0.038094225238992967
0.014434336176424525	0.036244889751583562
0.014407180667647781	0.037683727548919188
0.014290213778308771	0.036398397295229742
0.01418440341563712	0.035976235067603501
0.01420462485880743	0.033906092700207613
0.014066184450167392	0.034924687061493834
0.013921366125927299	0.034957962158643538
0.013925475089122348	0.035333257854005228
0.013823289032324085	0.033877428234118635
0.013714233216789462	0.033557717831108294
0.013680173829385829	0.034580396191510425
0.01359722645696727	0.031989227838822708
0.013501256203954497	0.033012936694551839
0.013435533675801784	0.03225068599689828
0.013338157129226378	0.030466975590774308
0.013226836087508827	0.028372770893754895
0.013195119164021435	0.029878669492775959
0.013177604484094097	0.029904921590881053
0.013037854476190755	0.030682944147145074
0.013018762379265936	0.027073033326630736
0.012903813085201431	0.030296429167573257
0.012870221889951385	0.029778302710230041
0.012805384048280554	0.024956815665544405
0.01270553561046555	0.028416231301834276
0.012714288744648125	0.027865033421804769
0.012721901969902871	0.026881057851585066
0.012510434799227962	0.027316577634645244
0.012471163623645112	0.025678038849117599
0.012361390274399659	0.026541885393975274
0.01238433598183619	0.027030254622565624
0.012360785648985545	0.024837022798103552
0.012166629196560311	0.024204189625253204
0.012273602901635896	0.024515122884358712
0.012241198971437552	0.025923558789161003
0.012113540845641556	0.027899281594881576
0.012019369000928532	0.024423592470426501
0.011911036225936786	0.023060752974778796
0.011911021446645475	0.025085892954408134
0.011758960585384573	0.023746048847171023
0.011711766758715688	0.022869454787676699
0.011740331758549476	0.023950921023853867
0.011817740377295948	0.022379039498446801
0.011594195400742075	0.023189238677938411
0.011504374333134731	0.022537972683040128
0.01157549731639815	0.021437653551983977
0.011628443615758644	0.024092557623267456
0.0113837963764106	0.022861155684706716
0.013162053957360122	0.06135993639192526
0.011389719325816762	0.022193968707805739
0.011297572563047127	0.02146064401184514
0.011296210023038293	0.024781537439139356
0.011267088704886455	0.021938284833869053
0.012832046288029975	0.058983838652873655
0.012781846703235801	0.058936094080540312
0.01275234181158756	0.059312235813548699
0.010961136309564013	0.020529253282538677
0.01098221428305742	0.020741593716989276
0.010967644871872413	0.022170763466984125
0.010852278846252141	0.021693802956697688
0.010788399439507719	0.020669169885991986
0.010756282703132265	0.020146899610742165
0.010780825193758486	0.020692552827078211
0.010706201803795693	0.020413944070291887
0.010685689435291561	0.020751337352563581
0.010571088766691434	0.019826277263732272
0.010582171277918852	0.020050351696528728
0.01049050815117835	0.018575885029818762
0.012069046085581559	0.055971832496518208
1.0026833192339544	0.096076131002631626
0.61147920086856833	0.096151949105262383
0.43977192903111051	0.096307369369775617
0.34330245080121191	0.096538692191243683
0.28152295846410769	0.096715507010820351
0.23863752798205273	0.096436829648138878
0.2071566614610775	0.095718249212575074
0.1830744071665979	0.094564313884984666
0.16406808455818486	0.093230690701918514
0.14870673216774261	0.091649955179557832
0.13602384541514148	0.090041310711972966
0.12537424225942601	0.088433477121835496
0.11630033698510585	0.086826662238408153
0.10848389915085885	0.085197271618732612
0.10167455592336694	0.08363344170779094
0.09569679627676439	0.082103096922280697
0.090406648315896232	0.080618052769118709
0.085695237594667906	0.079173775696322973
0.081475712638078124	0.077802549089931033
0.077672354182621861	0.076499691797249816
0.074226409355904605	0.0752508149099788
0.071080755050962785	0.074080678455010651
0.068197310508752218	0.072991806452625624
0.065546632933377869	0.07195654218447875
0.063099026962105204	0.07097174067469475
0.060837652323811608	0.070051076485713806
0.058745237876216973	0.069179043572537402
0.056796962000792151	0.068356823369312342
0.054977641866955043	0.067571526007934327
0.053280588192487585	0.066825393940381103
0.05169202877670661	0.066118879573135933
0.050204996081884064	0.065450659123482968
0.04880649139254753	0.064825234634280207
0.047494517320480281	0.064237628978985564
0.046256220016102932	0.063667531560141211
0.045090213048247278	0.063113764665677211
0.04398679407388164	0.062570434877542103
0.042939250177397137	0.062041708546982641
0.041945796332127368	0.061499969450468706
0.041003711670148081	0.060958499908759199
0.040110824242852929	0.060415053971238267
0.039261812860626168	0.059871979049010343
0.038450381494126683	0.059346414136330398
0.037672926061740199	0.05884158670927369
0.036926947151954624	0.05835370116213049
0.036209722024667809	0.057872842657871397
0.035521152665437115	0.057405191481188902
0.034861922655200786	0.056939639293544064
0.03422745663301547	0.056485856086301058
0.033615582680640257	0.056025247594647311
0.033028739488114786	0.055567476047245108
0.032464678908445663	0.05512945110227814
0.031921083546327438	0.054700238687678517
0.031397422563943296	0.054273406638218467
0.030890404839093711	0.053837397912841291
0.030398720965803809	0.05340459574312062
0.029922677604027659	0.052974534017894259
0.029465564447290184	0.052572499304765166
0.029022446265091567	0.052189728392401789
0.028593052498058016	0.051814343450280541
0.028176355396469843	0.051434769207940441
0.027772304632080625	0.051064946293213273
0.027382207399860792	0.050711744392906745
0.027002774469575302	0.050358902833118564
0.026636044560880878	0.050005737267386205
0.026280930417682993	0.049651823544174523
0.025940608412608205	0.049297534825939023
0.025629546872328591	0.048834247240260559
0.025282700978324371	0.047751137256151766
0.02493110631588346	0.04688283105405204
0.024608272787256077	0.046442682885230353
0.024303336496025892	0.046119638138802696
0.024016126111930148	0.045763384596622027
0.023743947731545111	0.045130248562791533
0.023478488113332245	0.044650905674230766
0.023216464336280305	0.044231272793184451
0.02296588206625642	0.043972665746940136
0.022715936259785671	0.043634590947341588
0.022470183755378442	0.043322260793063103
0.022224432345839599	0.042935599699731319
0.021966169676648922	0.04212836897967201
0.021728687639432528	0.041693411178267956
0.021491264397472426	0.041656396448007338
0.021290814673729262	0.041794387683182693
0.021068369078195245	0.040384231126512141
0.020863608608864857	0.041039672266098982
0.020648846309510305	0.040546545027605761
0.020436744044627579	0.040091135153154045
0.020227535150316469	0.039687244902692778
0.020031392473317838	0.039375664863611298
0.019820703136073335	0.038205423290040064
0.019601904286383622	0.037260735869940324
0.019423156245594955	0.036942734598515867
0.019240390220404344	0.036618123959038587
0.019082451619297808	0.03804818736774998
0.018887976141257246	0.036118057669159202
0.018704884203189231	0.036163431445259436
0.018347606103222759	0.038724970980203222
0.018250669237171238	0.036166040341651287
0.018122177408238856	0.034402122963081296
0.017976961938411421	0.036955830012917919
0.01773777288647433	0.033827048886053868
0.017699867744855852	0.033812431875695215
0.017541752907635651	0.033576264471523849
0.017360706195881832	0.033727960698813737
0.01729181829681636	0.03239094179191402
0.017073929891142901	0.032968325254705458
0.016955990427711218	0.032620954935914714
0.016816226844482196	0.033019616029977376
0.016783805049077557	0.032215141966861621
0.016714858169824737	0.033011423343255145
0.016466943018574667	0.03043713655868922
0.01643846030647593	0.03107321323356196
0.01622215990238739	0.031462352122692515
0.016138736816934632	0.032713953175767661
0.015892090896335885	0.031194026324958869
0.015736012300985813	0.03249007349524357
0.015713489021192451	0.028473498262762516
0.015627462367521931	0.029336812391320615
0.015524154796372491	0.029344328917257381
0.015400331796193595	0.028753264729025448
0.015331511559705234	0.029377865323855203
0.01523334457099244	0.028203437840217428
0.015048250262218517	0.027662624054572361
0.014987449661221442	0.027985681299711188
0.014978583029518508	0.028308091106898511
0.014906395608680578	0.035555349591022627
0.0146783126062324	0.027138459343195007
0.014572743654535515	0.027292598991564252
0.014476893156942882	0.027178753146637209
0.014471334110508155	0.026120992191810872
0.014366334611809977	0.026778691622281928
0.014274911561949297	0.027561332157784484
0.014226509077990692	0.026764922875992577
0.014209145508083335	0.025787379075104519
0.014105663255421638	0.02533527863264071
0.014064781399779477	0.027847434446396278
0.013813830036683364	0.024637870581510398
0.013759170465364874	0.029512063966428484
0.013738619803712389	0.026341687965788566
0.0136983439221086	0.024173252201677445
0.013540631759854338	0.024938426499870027
0.013458244902894137	0.025076871594250146
0.0134404521614241	0.02453543791568728
0.013441756206031623	0.024402840380189746
0.013206996555638079	0.023512581078750476
0.01318956998018129	0.02721740548604204
0.012886906094065096	0.025262888835229154
0.013093133809414376	0.025335507315496959
0.012969315736549318	0.023055048724981424
0.012954480479941716	0.023942168009749583
0.012840047963073588	0.027237797251432615
0.012617685066092794	0.022592627851444506
0.012542455041386683	0.023072921191897699
0.012635613931485301	0.033958988436742978
0.012475003476391041	0.023143641587752849
0.012513453685624849	0.021371410181508788
0.012544636262496106	0.022072358678116889
0.012417986446282113	0.023872676843883132
0.01231420909912995	0.027408126967847841
0.012114544659025459	0.023208282976323678
0.012138084408047924	0.027790706458798956
0.012070335356130606	0.021960875050811901
0.012074715480166536	0.023214560008972793
0.011929148300797398	0.020736182155547164
0.011838015664789349	0.024222342342370036
0.011812903674559333	0.023015690276647377
0.01193464162134991	0.023371684418907371
0.011665071267805222	0.020692292097057231
0.011776529011175476	0.022285312424606428
0.011669456206307074	0.026412859935154
0.011581215747703318	0.020247448904167718
0.011590898412028008	0.02061058442535017
0.011557401875407748	0.023318866683842681
0.01132038026649225	0.02200357174849565
0.011275811379354546	0.019963902873228148
0.011586183167934985	0.028680247159805945
0.011376782003711615	0.022283034752914918
0.011303782508227701	0.023081028757558436
0.011139463690782668	0.018897860097348076
0.011188889394889764	0.02093981229758311
0.011069256845232047	0.020496034740251821
0.011145998463050637	0.020626127337075448
0.011077173420616607	0.021415866231188834
0.010782513665404883	0.018676739991440604
0.010795864732398535	0.019120949500549631
0.010840677794703997	0.018679768424683239
0.01086326219172206	0.018685989760967549
0.010734657016229309	0.020047375415559704
0.010846328810298981	0.024055666614435665
0.010637275747215456	0.019179985542583412
0.010752002596894909	0.020011864228297874
0.010691865838586109	0.020730792043338889
0.010501452502307206	0.017805382576440518
0.010651885846143396	0.021282717145667616
0.010316663658137736	0.019474316170851519
0.010569391761461187	0.019611017736810094
0.010595672256940922	0.024187576538582833
0.010310141939467101	0.019776148885043417
0.010298035931190882	0.018160625684971145
0.010214332237418671	0.019455412738777669
0.99951575674291282	0.099817803574106204
0.60946594480977845	0.099815578143829756
0.43827580766288315	0.099886849355252702
0.34210422367299276	0.10002839301952239
0.28051792693852501	0.10015958264836679
0.23776064426597998	0.099893615530089797
0.20641276196619815	0.09905539020932623
0.18247803768786197	0.097801888981569926
0.1636218470652156	0.096238618091507036
0.14838576297394934	0.094489701801137027
0.13578967985395399	0.092738680409686122
0.12521679322365448	0.091032818369162119
0.11620485415076257	0.089409019029009856
0.10843463286310048	0.087810672737067594
0.10166259187035061	0.086290037001698322
0.095707509708025051	0.084811973463099585
0.0904337007357775	0.083409619467388105
0.085729525925042932	0.082065454312722566
0.081504325191261745	0.080791594896956309
0.077693300833947404	0.079542398650032986
0.074240756080842477	0.078295639679044821
0.071102706042594818	0.077085056571148933
0.068231680743926229	0.075916634792666193
0.065593045301102534	0.074778626270879556
0.063157925580402785	0.073687304364639578
0.060904082088682601	0.072627646982346902
0.058816127519901895	0.071595684138579863
0.056874251781818111	0.070585523913149456
0.055063239993903244	0.069601516976185759
0.053373925932326954	0.068658362617922047
0.051788893579728691	0.067750028869452708
0.05030093116416013	0.066877216316316615
0.048905979386823929	0.06603397105985799
0.047596227712389319	0.065232387694371216
0.046363375327786345	0.064474562515242015
0.045195983331236138	0.063745309611402179
0.044093188047341483	0.063042232725916053
0.043051451712795827	0.062366037698398769
0.042064096125261255	0.061725603609385837
0.041126512813231597	0.061122538909020689
0.040234236371268599	0.060570586076689859
0.039382948852644685	0.060029003396771065
0.038569499330757366	0.059496688917415046
0.037790071186535212	0.058984607141576544
0.037043826123926052	0.058485111726960873
0.036329843963380945	0.05799848880042343
0.035645681390662785	0.057509976700389022
0.034986917139253775	0.057017470943602051
0.034353463912569097	0.056543886184891694
0.033743999294839698	0.056089018274247643
0.033158026211988115	0.055651380745216368
0.032592777618971079	0.055206888073563838
0.03205021975867204	0.054774159415248956
0.031530045252279482	0.054387171151067545
0.031029552385155704	0.054036755753984464
0.030546942017375258	0.053697170344558086
0.030079647217512124	0.053375609074136798
0.029624744645788233	0.053062078212012947
0.029183108236554144	0.052765962278709326
0.028755702874293482	0.052455003502503525
0.028343404792726304	0.052139431891111129
0.027944118128677087	0.051809011573680772
0.027557087196240809	0.051470595225776697
0.02718345536553796	0.051145847570938992
0.026819090674029815	0.050811522983044644
0.02646804872515714	0.050492612870749937
0.026126125120301571	0.050169378290218787
0.025794823717320305	0.049870040531195134
0.025465651473928264	0.049531783461456036
0.025140323231046924	0.049149484606649446
0.02483278355835089	0.048839863411444341
0.024536604415415105	0.048549587989278928
0.024243071506819567	0.048229129883482602
0.023953911265814764	0.047881386126461291
0.023675636325735289	0.047532371453432989
0.023406737483073505	0.04720793651797859
0.023146255319609333	0.046909422602556178
0.022896851338016631	0.046632755752798537
0.02265127997902892	0.046358139089104348
0.022406879178223753	0.046101099956843854
0.0221699965671148	0.045806480589461414
0.021924174280915167	0.045452521861688404
0.021689223501618081	0.045100544460821242
0.021457476614744279	0.044714422199029491
0.021231683989410898	0.044355742911182661
0.021012955787278843	0.044014827436627643
0.020798117130673102	0.043695133499322816
0.020595193267161176	0.043434802928095255
0.020401264569369054	0.043295329184964253
0.020221025033424177	0.043206367341134415
0.020010313996633014	0.042757341953411326
0.01982996426040903	0.042581177633949828
0.019647238731308882	0.042425765120870124
0.019493782788690156	0.042478272844401983
0.01932542015076695	0.042040471554848705
0.019180234193364423	0.042145899421814396
0.018999084104061027	0.04164673328768842
0.018834432420364998	0.041587581036184512
0.018676658680660475	0.041344560151468049
0.018507912880431517	0.040880152988238251
0.018386885649170053	0.040847595647842093
0.018211608523703085	0.040334370097241667
0.018083240404857388	0.040445426882005933
0.017930074665820556	0.040100574477246388
0.017774661133420997	0.039642038999197673
0.017543477962574699	0.038004393478834365
0.017480232776120794	0.039040455666000173
0.017265777779418023	0.038244624434273566
0.017177989864860053	0.03826272014032104
0.017033360508787062	0.038501707040809852
0.016875318460270437	0.037932340103526238
0.016699848098473715	0.036723843892806855
0.0165584915910909	0.035977226310841146
0.016456907114392742	0.0357531241366741
0.016275976206994478	0.035275296371528139
0.016214781683971821	0.03526023954915089
0.016118014268605273	0.034585434163843118
0.015993963699138539	0.035483315470994641
0.0159045937283974	0.03446546054173695
0.015732424243717541	0.033655251351450241
0.015535993096469585	0.032940829600997611
0.015569598938680176	0.034257260816338175
0.015473234719519797	0.034052881464260228
0.015240111660462173	0.03216655580703251
0.015175000372177738	0.032660856021759443
0.01511514724225173	0.03276550399813772
0.014938278142267747	0.030354265530319925
0.014829869278101796	0.031254991065338363
0.014742739303186345	0.031494844725249098
0.014510572196106625	0.029699718294830185
0.014565469978949547	0.031563902727777357
0.014530740731953188	0.031148088116498863
0.014412054065680273	0.031164103662331074
0.014208632892143764	0.029441075473766433
0.014174760728409329	0.029740630539694612
0.014048757352652159	0.029812249004790934
0.014070645154217619	0.029920518000501689
0.013763696050493868	0.027284387535305602
0.013965611385005051	0.030649117773320984
0.013616926844588555	0.026750808385471194
0.013739045482019346	0.028530315681918578
0.013602155826056783	0.028222711956996625
0.013508347005589613	0.028604140673652894
0.013537046536897567	0.02824210822318134
0.013221309944741496	0.026429304993347131
0.013187712578355559	0.02717124218706635
0.013016287868135695	0.026078671449207128
0.013059936549803088	0.025987472333595354
0.013055336662276294	0.026451002868999134
0.012953843299930526	0.026955113654587855
0.012920953738641952	0.027060404462758422
0.012787987044846884	0.026237944200053546
0.012777282796079327	0.028055146415316572
0.012617330472310406	0.024729605129924156
0.012602129797805433	0.026194008539121547
0.012514750574417744	0.025140463930740084
0.01244597975685598	0.024662477274513071
0.012427929795552465	0.024826933231064351
0.012159738930860541	0.023975594207427248
0.012146354109145109	0.023249081572313486
0.012137087735558794	0.022953018282181745
0.012206621797920987	0.027384889164317843
0.01198932776366707	0.024559766712874714
0.011990297531250832	0.022520423907964705
0.011950498455150588	0.021923617784144301
0.01207157448581167	0.025182926532000851
0.01174836716257744	0.024984905109905853
0.011818630372303239	0.025116890843965203
0.011686695417164064	0.02135008290139433
0.011784901510233269	0.023241768497829152
0.011527488816122575	0.02312686487657158
0.011517152486079216	0.021910268231948339
0.011384961054446911	0.022198322676851141
0.011332037127189783	0.021866439515338659
0.011116016117686769	0.022052963150156334
0.011193704687076938	0.020717256809103399
0.011140556118463315	0.021517368449042836
0.011186834039164203	0.020969730626702002
0.011077789379386476	0.022163737246368834
0.011177993789265032	0.01997040816921512
0.011123391291546006	0.020663913796694591
0.0111225044652283	0.022481535296747339
0.010851021062954682	0.021256897362561294
0.010757482272208428	0.019403320533494361
0.010805820001257906	0.020128735162817248
0.010734109564013435	0.019604387979864926
0.010720634342707102	0.019961487382046672
0.010653788059488582	0.020786166616939411
0.010548988448063235	0.020922574247555507
0.010655571752787477	0.021105084390139296
0.010525685417718041	0.019516981756105146
0.010603741918507485	0.020041606995157075
0.010394121516945798	0.021441089382195955
0.010336129340582648	0.019065101469638752
0.010501382535236683	0.01947812843587236
0.010206165261513167	0.017987534972183271
0.010161209174348148	0.018258332962485462
0.010194501405397176	0.017808806728443451
0.010002576469615082	0.018150692013307608
0.0099817669233957379	0.018384302436028847
0.010027002543362869	0.018687398154545273
0.99434772824524387	0.10325060697565751
0.60682767226441636	0.10335572455657771
0.43674804002811529	0.10355328639033251
0.34120811648267296	0.10372365606668754
0.28003995470441473	0.10367128198908628
0.23758200074073069	0.10309959083041846
0.20642133863522691	0.10207322916496676
0.18258747326896621	0.10067295606371772
0.16377592866077095	0.099041444407655124
0.14857039521468865	0.097192553771164716
0.13601563051951757	0.095256540974398979
0.12545723552445717	0.093291981702816926
0.11647379462721401	0.091383684355164377
0.10873809889855864	0.08959123355186685
0.10200930484292496	0.087935501982330633
0.096094160376493321	0.086377160613029316
0.090860610351294877	0.084908116768513259
0.086192469704789776	0.083544300385715572
0.081996418034987639	0.082230214913982455
0.078203311570772635	0.080976382022241888
0.074762339439770759	0.079813963350658143
0.071629967630332372	0.07869299301274589
0.068762279326719147	0.07762425699013549
0.066122394369894977	0.076592499430672728
0.063684561826396591	0.075590309254313939
0.061424896728134018	0.074647104807785886
0.059327584002823966	0.07375991175806218
0.057376938808915569	0.072919974393699669
0.055555374299740889	0.072105869530459818
0.053851750718464139	0.071313666645375487
0.052252043852351888	0.070536279077882819
0.050752036777597431	0.069767612259423739
0.049340871007472809	0.069024037146285341
0.048009541528697401	0.068297961740291874
0.046751803755547716	0.06758943989676075
0.045562447876206218	0.066911311263026463
0.044436217295223554	0.066258979915689298
0.04337263123983949	0.065644661209878996
0.04236190938394712	0.065047988146859498
0.041400018949662866	0.064474140193152757
0.040485059329328041	0.063925176955724181
0.03961354218135972	0.06339780230923156
0.038779669154308777	0.062871863275036008
0.03798256035377981	0.062354939007782849
0.037221281560533684	0.061843955881474066
0.036489392226675368	0.061344048785375464
0.035788464603349161	0.060850727118545458
0.035116027272403899	0.060363873895301512
0.03447082913407945	0.059893457051302446
0.033852326894632301	0.059435790635273468
0.033258442632074975	0.058997938667980018
0.032688015481856986	0.05855388535965772
0.032139034243043936	0.058113685008972481
0.031608283932806319	0.057682103677030624
0.031096852633444996	0.057267069733826059
0.030604309039641835	0.056856545620826343
0.030127757723844052	0.056451980388878741
0.02966459433366643	0.056044976141917759
0.029218894384895912	0.055649139739957165
0.028788570319580271	0.055269048097064066
0.028373144564711062	0.054897958286058424
0.027968633405199082	0.054531556227934881
0.027575283224349354	0.054174662845676111
0.027193267454446252	0.053827935606601547
0.026824414584311434	0.053495250484134879
0.026466995771169968	0.053175726472254249
0.026122451346004844	0.052865307376952289
0.025789672862607593	0.052564067679082657
0.025467854067476706	0.052272241319650956
0.025155682353618453	0.051999131846391163
0.024870112192809716	0.051754687293954812
0.024578175126411878	0.051473602582206762
0.024286271516789849	0.05119156570836491
0.02401079195007676	0.050929943412363225
0.023739010404370143	0.050650017685716295
0.023473135295996907	0.050377077472702481
0.023214174146562464	0.05012217623134884
0.022962537402972501	0.049889799790825168
0.022711808751956275	0.049629850308487253
0.022482851438694416	0.049353678604935627
0.022259532372188195	0.049079207452525135
0.02205260547493532	0.048546247254612838
0.021837740227986565	0.048111904263391563
0.021613260238666505	0.047847429977512609
0.021405279274290031	0.047531972233969287
0.021188523494720012	0.047217944646574604
0.020976684954223536	0.046889322912081449
0.020762802406492652	0.04652955028665251
0.020545510270382907	0.04612899267490253
0.020348461593026029	0.045674599343296006
0.020148810128336636	0.045229070548856241
0.019968336943474628	0.044955935326485022
0.019774219354892934	0.044788949305960217
0.019575302972354144	0.044326147556995106
0.019387130181286277	0.044072229772603097
0.019224281102148452	0.043530837810616008
0.019055320325131919	0.043125537540547841
0.018894564615960271	0.042862051848115826
0.018762551815145769	0.042878223502847437
0.018560828033464701	0.042449268467197085
0.018407427489332981	0.042050679350541062
0.018281453415690142	0.041780058114217228
0.01817496885662424	0.041334743110526991
0.018050226863590986	0.041228772393872286
0.017863619836162411	0.04074959878907989
0.017748907055030426	0.040581693228834093
0.017540924916178237	0.039931342078869003
0.017528297392607962	0.040287101902074393
0.017396860052799799	0.039688304932361328
0.017304988790425632	0.039774422104238309
0.017098363491136036	0.039279683992906961
0.016974196105380254	0.038564959699579911
0.016917068498328691	0.039122350558360337
0.016846407808084742	0.039153374118943006
0.016690328303502689	0.038831474072714346
0.01659252530063059	0.037932853385471067
0.016352703626173266	0.03754085248365209
0.015735777119172276	0.050387633381000593
0.016167964335375293	0.037080013714817353
0.016204039756356411	0.037941237762058218
0.015951083316047589	0.035676148155252739
0.015920799280698374	0.036795831733828846
0.015682770211448246	0.036181102844437492
0.015681455930153618	0.03664226298661917
0.015496779502982498	0.035635240296954328
0.015623966307487937	0.038467146462315902
0.015335647053509907	0.034574481542213639
0.015273177516546894	0.035470247026078601
0.015355662265779026	0.037931937452275521
0.015134752594693147	0.034464212299600991
0.014504895702579632	0.049609615463699817
0.014657618945462235	0.034290337868537461
0.014318047029322529	0.048895789456231006
0.014445338321882023	0.034153247382090045
0.014677181584342643	0.036614102495745343
0.014365741937966596	0.035004746204494945
0.013998581575467709	0.04827076492574172
0.013919388378344787	0.048181622163316895
0.014372019576703818	0.036205773840488585
0.013748379597170754	0.047460693957440958
0.013647977081656205	0.047237820311781198
0.013584566055152653	0.047247970954001468
0.013498088153008047	0.046786846286829609
0.013438161542111129	0.046857082507737673
0.013350636179015947	0.046074033055871863
0.013383358382386969	0.030420571282681184
0.013363018598133925	0.034939766197871688
0.013620272054333853	0.031970339016992366
0.013065005039160287	0.035783499745845736
0.013003791978568657	0.039560574628533088
0.01340289640216902	0.034754458825682552
0.013011911148494364	0.026327500199396829
0.013017931719813833	0.029537271730633339
0.012997961122441431	0.028445564814930966
0.012941142967717176	0.028277491132968444
0.012816764598966378	0.025942203103998758
0.012751205090023816	0.026419230470318078
0.012861733713103601	0.032734550178350176
0.012690965177965722	0.02594857351319722
0.012319064273412679	0.030654589719836551
0.012472095119268462	0.024977434105631708
0.012325634788027848	0.023776094551094588
0.012330621555796565	0.0251806552392695
0.012289787379742069	0.026848770421625964
0.012204850769769966	0.025324585325857206
0.012210798984075791	0.027689355079911666
0.012026955196187458	0.025118202102010146
0.011905495770032044	0.024917916897432019
0.012225582647631076	0.029014716373367447
0.012014820528771227	0.025219356430532917
0.011756556168632609	0.022014491159015295
0.011814697122936863	0.024440320366995442
0.011697208087469593	0.023076399137648362
0.011738541896004847	0.024124427121078585
0.01157323193499581	0.024952980237297369
0.01154473239018966	0.023123581772985471
0.011473859187191014	0.022072543013918745
0.011324605019095858	0.02055479820481633
0.0114062623707267	0.023320708372683744
0.011406658658622702	0.023570876284861136
0.011164051095193774	0.024271543135459317
0.011206206366600878	0.023225071634376853
0.011070516350935339	0.021126423918336031
0.011072531680448403	0.021705530230377048
0.010987897613960147	0.02025756027146201
0.011002048118863713	0.021030100895798154
0.010982017083518493	0.021022055291303632
0.01073481837870406	0.02256129232270454
0.010971007791410125	0.02255858557741237
0.01069034859315929	0.020188526146018758
0.010681730496174701	0.020014719320343478
0.010738618322532227	0.020079410865671981
0.010828690833955615	0.025632855162503566
0.010597516937160805	0.021263249594649734
0.010523849790402915	0.019885099564260666
0.010409163577824355	0.019542471940013136
0.010386943784472843	0.019053222411519039
0.010298492015515262	0.018640478454822151
0.010399262833060946	0.018980638989226813
0.010362531210056557	0.019166361900321678
0.0102324744035671	0.019352913507433133
0.99787759717049473	0.10054632084032082
0.60879863367078546	0.10071404131160566
0.43803620730298404	0.10096287282198038
0.34210701727410708	0.1012858060621137
0.28069719320857417	0.1014598025116797
0.23807582576003936	0.10114839469695421
0.20681622464491936	0.1001857116327399
0.18293327630083034	0.098902843440399527
0.16409354879615037	0.097504180699787155
0.14886653621450027	0.095954172076156599
0.13631073114125802	0.094267850328160457
0.12577939745265765	0.092553584870099681
0.11681004122643117	0.090896826184254056
0.10907251811091785	0.08936772137032839
0.10233081149420784	0.087889356057480703
0.096407676082609778	0.086459877103974139
0.091160724123726306	0.08507673210861795
0.086486141914946343	0.083768399144372965
0.08228713423169319	0.082525887628741482
0.078491033826065953	0.08134334161352795
0.075045366825425106	0.08022004548680392
0.071907332379985867	0.079132470775235678
0.069034363881533473	0.078082322243822846
0.066394785599213746	0.077060260767006228
0.063957068419238164	0.076079031781813231
0.061705275375417659	0.075130928800869246
0.059617423119506026	0.074210891966139433
0.057674364688038937	0.073335171511744665
0.055863907563919443	0.072517522998767708
0.054171720510155764	0.07174948487679271
0.052582852760728993	0.071025995553264179
0.051092133379147697	0.070320007294493267
0.049688174833365725	0.069640567114422444
0.048361447315974929	0.068976198440969028
0.047107252273356	0.06833556761116398
0.045920244007004965	0.067704213937073376
0.044791558606560332	0.067081358882260897
0.043715944795425572	0.066483389699968781
0.042695167122138715	0.065905936826696279
0.041724064469910546	0.065341640027095221
0.040802910263538154	0.064777379534791721
0.039922574890547236	0.06420779519346527
0.039082060157548788	0.063643237016750259
0.038277285879844712	0.063078224139532957
0.037506394546178407	0.062523167710524769
0.036765668318169173	0.061986962251174359
0.036054225989341417	0.061468237740547632
0.03537512031501177	0.060972306547053615
0.034721650324926585	0.060497794075893049
0.034092753444746299	0.060028100104038869
0.033486391989168848	0.059564040263612797
0.032901242813750599	0.059103553434274342
0.032340197722336428	0.058653190943354187
0.031797875515891069	0.058201151714134855
0.031276551732033558	0.057751424200254711
0.030768700888064892	0.056832859049924203
0.030286290649801813	0.056297711932882508
0.029872503945520313	0.058835844203318145
0.029414902896290191	0.058677626929628864
0.028970975716030731	0.05842533355000501
0.028542540558847088	0.058155654956232997
0.028128501570440678	0.057869414288135239
0.027727292043999499	0.057582019976410569
0.027336774396539653	0.057284201590886492
0.026960996700046522	0.056978467992095272
0.026595226902222577	0.056698467067013182
0.026243453410751929	0.056395753435063957
0.025899771834655923	0.056085885303462042
0.025564200409702961	0.055771563909060101
0.025236236994639841	0.055458785911736114
0.024919435299734147	0.055145043432274027
0.024612202995133552	0.054827082963677831
0.024315498760688503	0.054512425790017388
0.024028649713996892	0.054212719333325506
0.023750188282658527	0.053910079312892434
0.023482057179493421	0.053576272383081519
0.023223378242057877	0.053241029811670518
0.022972903165302282	0.052929742990537688
0.022724435578900044	0.052623239337509543
0.022479438054095944	0.052327207128272719
0.022239235346752588	0.052057561642227322
0.022003573379767296	0.051805526651456144
0.021774388897007228	0.051576032636573926
0.021541160287581882	0.051288138483541364
0.021316338337641606	0.050900118644692141
0.021096560338737937	0.050504142505094461
0.020908221888142529	0.049460595925387735
0.020742081347014638	0.044345921257053826
0.020558250619185203	0.043854052500341412
0.02037922718013796	0.04355371299287928
0.02019129306964848	0.043315627559076676
0.020028689665948819	0.043476568021503827
0.019813007997604277	0.043212179364339055
0.019681417800387725	0.043071855648889205
0.019460006864801857	0.042595110355739249
0.019288216193336566	0.042158235083480655
0.019145836143801286	0.042234518853170498
0.018932595487506906	0.042059373403605181
0.01873787058317692	0.041437141037140468
0.018555175552399356	0.041341501062495338
0.018358459455560232	0.040194794270931408
0.018422333058121923	0.04312809470366219
0.018174001286905758	0.040609373124524985
0.01794862042318849	0.039590369825651436
0.017809028565544987	0.03990787794937796
0.017606115967532355	0.038535679136379293
0.017441139685626838	0.038390027877832501
0.017435779824658312	0.039157225527414581
0.017134767715092911	0.037238355496195155
0.017073604490253885	0.038150059512506246
0.016757264651637859	0.038420727772557166
0.016684700761144564	0.038473386194084559
0.016672990240975828	0.037003423196766853
0.016431266287034584	0.037531982011892416
0.016380418152382028	0.036408735818635539
0.016345435244414661	0.036230411733073453
0.016105338507718437	0.036311282953514601
0.016151850149223074	0.036760120180426188
0.015935325088707531	0.037005414992123793
0.015725291686541094	0.034387198762649396
0.015650964269147485	0.034865610392994857
0.015499691512937556	0.032933798730576114
0.015453488706913295	0.033729275026069441
0.01533684521491553	0.036676464301969698
0.015290489695194556	0.034668512333315679
0.015078953240048636	0.034729629070086129
0.015001515033512929	0.037500945323961074
0.014964429920055191	0.032633528270965155
0.014864500848356383	0.032291559835632533
0.014785926756461919	0.032683769826417984
0.014631246671638386	0.033073485702687644
0.014621678604466398	0.03175550438632372
0.014457827779836034	0.030834627587820015
0.014453065889491568	0.03286055066392285
0.01428092164641101	0.032931852273340743
0.014252244187787168	0.03299552285284197
0.014145884972044446	0.032233350945318512
0.014015675138659138	0.032809447685286014
0.013958570786728656	0.033011231242641777
0.01375118910279933	0.033414403585065609
0.013807460815307244	0.029504146716336273
0.013739328618098569	0.030040767109066255
0.01354566324865933	0.028684630758287068
0.013532483773675264	0.031351145753372625
0.013478265788081371	0.028594390579537648
0.013341685580788175	0.030663320361117449
0.01337060121322387	0.03138256354931155
0.013166682145920167	0.030607209788543588
0.013166648266321581	0.027552898438023918
0.013018514497887065	0.027865349290833487
0.012832195898985165	0.029331385170139807
0.012798515615870174	0.027640048184407622
0.012815778565963439	0.028760482265741641
0.012725108382802336	0.028051175247058548
0.012705937154628606	0.028479276089393938
0.012586741996222983	0.0267362339424118
0.012690999243432952	0.026063483867867502
0.01262418116810257	0.025835924544817871
0.012492377239926487	0.027112406718527188
0.012358659038016202	0.024689865769467908
0.012354907819330747	0.027498047599610647
0.012319525217807045	0.025404560827039509
0.012194339084721348	0.02642821419383674
0.012194974415565123	0.024025510657482034
0.01204320063216748	0.023716399777202204
0.01200227919964216	0.024484336779807516
0.011916261703107736	0.02866162280464777
0.011807704129502515	0.025284329189143626
0.011931076795373169	0.022514189741235324
0.011650403922096078	0.025441582791299711
0.011755552680046707	0.024100052815731764
0.011611735688306996	0.024056982624220621
0.01166556218560502	0.024401998848962238
0.011546620073878442	0.024101438703628249
0.011665039508550818	0.023865120792839631
0.01142957975230016	0.02453023701522053
0.011414400093496525	0.025421741681834902
0.01117640163672985	0.022008003859465906
0.011403500974721958	0.021579245428790292
0.011273070346768655	0.0236609810789951
0.01119615214762599	0.020903498187637808
0.011162307762682917	0.022942477107433395
0.011072622028193421	0.023730054973180661
0.010988858068445656	0.020285555657080064
0.010983289911833937	0.021868802931138916
0.010875532868669879	0.023055421613523665
0.010867234247245033	0.023297449493330905
0.010723953360810877	0.020813294583491584
0.010719016381965034	0.02186908645761786
0.010982609631560529	0.022955858013252558
0.010757768076024552	0.019631068428049552
0.010618525613114009	0.020543951109018365
0.010582798963866968	0.021226135720760292
0.010687686637461965	0.020091339510004139
0.010536793551952413	0.019980270528736559
0.010490198597751448	0.021802759977114838
0.010360902601876059	0.019779565280153136
0.010472999692456016	0.022873500356132993
0.010403254356064694	0.02059743664687657
0.010278999020424878	0.018754843449548336
0.010301900318378056	0.0199467434795703
