f	stdf
1.0003462256955589	0.10039493684699302
0.4689108798001162	0.10620657831322242
0.30620016368115988	0.1107206783751763
0.22754485829028437	0.11190036844146586
0.18137265850646236	0.11067996247871838
0.15110628425794845	0.10810549375444199
0.12975817105836565	0.10489792435431311
0.11388583934808488	0.10174849381894138
0.10163337271314497	0.09869108863840606
0.091882926103781862	0.095972226780107056
0.083934322396964869	0.093531572837959917
0.077325049320047773	0.091288751952907032
0.071742157407528095	0.089277492350022275
0.066961725347835802	0.087212212033629111
0.062814688630014881	0.085159233727737274
0.059182361618329737	0.083250613163211126
0.055973191830869781	0.081455436672411757
0.053112196496855023	0.079685604566586021
0.050544737477309115	0.077933425583900609
0.048231038278527191	0.076278163668824936
0.046138127627457649	0.074770808927929353
0.044236267604131171	0.073277166340778896
0.042497602532264526	0.071857508335186254
0.040906974185929076	0.070638006953680901
0.039438847440017778	0.06957587904008751
0.038056061134992616	0.068081728036432532
0.036796129185776655	0.067078241476374922
0.035633351635472439	0.065803039796840226
0.034546268588813073	0.064225351817330592
0.033564045637472339	0.064398895324785613
0.032612504847292827	0.063908452129187013
0.031769380609025295	0.061608597255407314
0.030917316888974616	0.06278726890087892
0.030145204544896338	0.061005984648459612
0.029442785787301456	0.060113002231459829
0.028769628828129327	0.060217064244442869
0.028159714014125498	0.057428911321056965
0.027509567273156534	0.057791860496845641
0.026992101670115971	0.057151715025388697
0.026425809860829388	0.053826954744463792
0.025828339941393396	0.051116137460464672
0.025361724272842431	0.052956409684936
0.024982255161300287	0.050154859297989116
0.024469358307505309	0.049879731726624084
0.023987846937578178	0.048628880399195065
0.023650546040728925	0.046003958412343629
0.023183581299060542	0.048949926611500189
0.022751211885696024	0.044029114530294566
0.022374421038664133	0.046129298581361465
0.022090873249237048	0.043645347419740479
0.021725482374814267	0.041743212701325069
0.021263258176192151	0.041457962672986695
0.020930616048281898	0.036343377021570249
0.020753599218932665	0.036965791708910421
0.020403865636599752	0.037173564779236237
0.020095420554727531	0.035717115579822392
0.019854808060282673	0.035950927019875595
0.019614912598713702	0.035110006550948883
0.019389865468771177	0.034366787865664439
0.019075681228405451	0.032048643997794092
0.01882205613369382	0.033117735016663874
0.018571599846792731	0.032138960963734364
0.018509751490123544	0.035126259261219289
0.018142110148642743	0.032128343982783747
0.017951995710601104	0.032573325747309749
0.017818044079213391	0.031165904167319597
0.01758036146550316	0.030306224856848172
0.017252989761332677	0.031259664596575074
0.017172611903864838	0.028090063823711035
0.016845410730064188	0.028272014793184041
0.01678203651824774	0.027268410783764838
0.016557299594437663	0.027455160087929541
0.016503515817895782	0.026492661039276472
0.016235879068718182	0.027643995165966738
0.015965954296686593	0.025842404447808241
0.01594393315244718	0.025358621727636674
0.015806947423886046	0.027288789229160663
0.015568648382682819	0.024723366979973342
0.015462462511889387	0.02459271038736691
0.015325935727100415	0.024969279245698556
0.015279784388656239	0.025166118640800681
0.015006711837341357	0.023709131381583769
0.014828492757956769	0.023688080780677384
0.014760007867165857	0.025007610017879
0.014571650473378285	0.022657099525738897
0.014494894116399664	0.022202804918425509
0.01420608609132416	0.02206302988073227
0.01425439351018872	0.021482927241772483
0.01409974076467411	0.021691642331279938
0.013970018673466244	0.020974945177976864
0.013852350587325288	0.022716424143147541
0.013817896166184607	0.02284169021953061
0.013708802492916901	0.020593711099601401
0.013567543718720491	0.022696435933006371
0.013509190772459207	0.021190974993330627
0.013423117548481252	0.019984738424534892
0.013280830734040894	0.019699503400911495
0.013232945902415664	0.020173230638523682
0.013016972770394626	0.019121303866904589
0.012933866872139788	0.019240515335050268
0.012912480331527306	0.020162037633610647
0.012772681982022598	0.018580196449657964
0.012746999697538043	0.019020521366576414
0.012595329719263651	0.018270604639803612
0.01266594235331518	0.020386743881380315
0.012414892165537232	0.018626898897145985
0.01232898439350036	0.019055231057647601
0.01225025111027998	0.018278457344595361
0.01228015500411575	0.01947888922793781
0.012260826087091338	0.017993171314493812
0.012038298668367354	0.017187348035130643
0.012000572494972783	0.018015814181394207
0.0120197611771396	0.01882820448539918
0.011874534257901199	0.017512663216929174
0.011731453927650719	0.016846152576380016
0.0117151863777313	0.016359592000625936
0.011634979341749379	0.016875034811305041
0.01151638108345919	0.016475996219825317
0.011411397542027406	0.01587071642121015
0.011406322403856559	0.017655929060188529
0.011456961335899993	0.016247349740945057
0.011250154941295172	0.016151062011478423
0.01120041777242403	0.016399866399648414
0.011025446912821009	0.015769904582829463
0.011114754336785288	0.016517091005851848
0.011004428543199737	0.016230397946182116
0.010985658506090169	0.017073119616672922
0.01073893598044199	0.015566958971575128
0.010799545141358884	0.01619984248518052
0.010745572947627629	0.014908470543999158
0.010686795782212596	0.015073441804574175
0.010545067675145965	0.014792351008854702
0.010575580108677972	0.015327302711137471
0.010634917388084066	0.016790177854585503
0.010426051002868832	0.014917070028690955
0.010452208538379922	0.015079700352322751
0.010394515803124645	0.014908230677394942
0.010337964189416767	0.015096721560578157
0.0102754304198739	0.013802397317238702
0.01022998137606302	0.014374870823537776
0.010292278932410399	0.014579919212430056
0.010136432396241894	0.014863925172873157
0.010104886594716327	0.014178220242764121
0.0099444334705059093	0.014997755737560622
0.010023345524614799	0.014258194271770632
0.009909156476825309	0.013373356191383762
0.0097853549107077258	0.013498117403427832
0.0097300658702496375	0.01369007971174128
0.0097326192709614699	0.014013677623609024
0.0097312747262697247	0.013501847553840349
0.0096123679231215464	0.012554709791089084
0.0096389183623405966	0.013387870793947232
0.0095170372872930009	0.012726501685530559
0.0094709379942086794	0.013157094774115571
0.0095093853273812128	0.012836792130885635
0.0096188341039674784	0.013254644920857877
0.0093835167824457433	0.012645105146040099
0.0093995523951008984	0.012919809083162852
0.0094375912843706472	0.012472003838785431
0.0092693017593532406	0.012721580341294829
0.0093259022216731751	0.012339058116073755
0.0092462789925399878	0.012515241509071198
0.0090986459811984617	0.011648118150791425
0.0091418740755624239	0.012293114825796651
0.009216618454466587	0.012451355356090767
0.00904958350881707	0.011797995538903611
0.0091566254234190739	0.011872182077838144
0.0090439135065272219	0.012461998979591415
0.0090037550061232464	0.012333373953679004
0.0089222545922998872	0.012237593095146972
0.0089475936248785103	0.011723579732218454
0.0088851464957192365	0.011508079813115513
0.0088146690014992545	0.012092085512712358
0.0087954894869438655	0.012211169908982619
0.0087758050233673786	0.012226669352399236
0.0087603508619316633	0.012498132161778216
0.0087538053718919755	0.012289942943776304
0.0088120948025080369	0.012522895870245692
0.0087543717509551283	0.011355225577485495
0.0085639716739675398	0.011893407924729912
0.0086972005693043107	0.011246019101055856
0.0085133860260718525	0.011058362499308968
0.0085660918636135466	0.01227650835673666
0.0084417361774897764	0.010870924897735985
0.0083997342625805205	0.010964180548831512
0.0084989684629278341	0.01242661262940328
0.0083328554314811999	0.011341543065807461
0.0083219035425820508	0.011278011412219074
0.0082909215054559771	0.011326210795950861
0.0083730458306803326	0.011481043706291685
0.0082023633917193209	0.010592908281671269
0.0082884083326726643	0.0117253767178728
0.0081883169669743575	0.011054241119043219
0.0081099150746303892	0.010156824636208452
0.0082244912022007167	0.010681924889509992
0.0080666862908396839	0.01106081578016899
0.0080412462545425955	0.010751439893346431
0.008059361962182222	0.010354147906297259
0.0079654201208443891	0.010312824053121372
0.0080604854833489416	0.010559039809294237
0.0081153069863606677	0.011013964052674923
0.99929479488757056	0.10032501294824271
0.46915466578346654	0.10587747822624434
0.30666016567725229	0.10978444134664
0.22805605042880434	0.1105658015700588
0.18188246195380253	0.10915649818852199
0.15155995303672604	0.10688320270308987
0.13016146591984745	0.10398785513042756
0.11424637837081801	0.10097907287764531
0.10193433635367057	0.098091522253643704
0.092117491871043844	0.095472907408404306
0.084104798942771675	0.09309193134708911
0.07742725443022376	0.090987342283065681
0.071799064652910777	0.088989953424840215
0.066988054908625916	0.08710346950257794
0.062831002791244636	0.085337448221952578
0.059192771496995492	0.083579615170679258
0.055990675467970534	0.08192674134357944
0.053155191661410174	0.080398884155327463
0.050613130678785458	0.0790301264914504
0.048321761940917383	0.077893578104031677
0.046249312753299264	0.076855232897072467
0.044379612406496918	0.075975837011764386
0.042690915723539294	0.075135755616924579
0.041136365698357311	0.074251373478386867
0.039737988178400317	0.073872469613930111
0.038442273506441825	0.073698328101842778
0.0372328546172212	0.073243973750205721
0.036100909034396403	0.072507951415739472
0.035040113459996379	0.07163643559341494
0.034136839979209584	0.070435130005395072
0.033199299660070854	0.068724803640857465
0.032268194968312514	0.064967657838297485
0.03146302703201892	0.064460129775275182
0.030664185009286454	0.06246368610854354
0.029904134883798145	0.060830745919738589
0.02919442846645285	0.058800029544686633
0.028520179143584734	0.057831024906214813
0.027991453108624633	0.058633114904838371
0.027224784860785077	0.053449396824001467
0.02683629978176031	0.05422401695608612
0.026264088038180526	0.052858356891965753
0.025696606353348351	0.049551276535911404
0.025237326518412255	0.048330628325461054
0.024791686403444046	0.046625464650545283
0.02428924733362119	0.045568125647591599
0.02397467384141563	0.046136950933658452
0.023374537269503837	0.044937338369164893
0.022993685886638946	0.040828110266675433
0.022822132855255816	0.045327441939625554
0.022221254702872683	0.039553183330342065
0.021959268046179838	0.041219737135934777
0.021554118326786102	0.038430843452025326
0.021337200093481407	0.039524725671531438
0.020980766076661495	0.035765536256012739
0.020675687687569968	0.036378045663322527
0.020392245409645068	0.036772402452478418
0.020182387772651616	0.036051448110145434
0.019800632974936356	0.034313623895585892
0.019562500063993987	0.035651111557643035
0.019278154148882606	0.034948861126272726
0.018977898880833843	0.032784569493975256
0.01882619322341297	0.03117421059754592
0.018474756024147235	0.029631615813211158
0.018298903909248758	0.029923305805920484
0.018001648241207733	0.028163999887854622
0.017805389900848234	0.028541951582183197
0.017650844760373742	0.027783653640600401
0.017592456543666455	0.030634231948107365
0.017258856614468108	0.029406915686652404
0.017019045415397109	0.028208366625543702
0.016913473512242837	0.026773714855549333
0.016637433030269176	0.026109984803281212
0.016494993587097547	0.026170938763042308
0.01630861455744646	0.026317063218842109
0.016148711450532986	0.027264752948881282
0.015863273857743911	0.024711698617927682
0.015817627483468179	0.024852182587908087
0.015786490327450664	0.025679318833552078
0.015477115077900639	0.023852562035733559
0.01540524989866815	0.024104174345068365
0.015250643441735694	0.02371973425868603
0.015033317928974298	0.022991691777596957
0.014958403600958075	0.023069465521529709
0.01477480741539264	0.021547871618358756
0.014717324322958964	0.022938486351780488
0.014691506385911997	0.023852994930358154
0.014437620520348556	0.021625010758361311
0.014322516003369905	0.021627386302677132
0.014221014048960822	0.021689318631334362
0.014135118360552231	0.02290224502215054
0.013944849861948046	0.021203070637653507
0.013800437249183744	0.021221054773079645
0.013706639210438848	0.021388163537855422
0.013726911148972664	0.02152450849154219
0.013593261015077769	0.020649662043476354
0.013452707956718123	0.019677000067924642
0.013310684096895738	0.020019154499078502
0.013155353150473708	0.019266343907863789
0.013080779759971449	0.020136173978556875
0.013161045516587509	0.020895433113397883
0.013066438649870048	0.019491126051955143
0.012841361989721033	0.018465576031779184
0.012770687224260347	0.019355300953742084
0.01249455203655845	0.018624935685134937
0.01257292612354124	0.018695455162611667
0.012568469980925095	0.020166432796399972
0.012450703388685749	0.018307900982429199
0.012283405451495628	0.018939499385123421
0.012138758793388419	0.018284823231717835
0.012144368346342553	0.017979959046283498
0.01205162037884692	0.016915359836061541
0.012121440239331859	0.01827200295515367
0.011820683135832778	0.017098638058045679
0.011914450667807107	0.018937216267021578
0.011842403034858544	0.017251364961501849
0.011679469146574776	0.015972435761401782
0.011665466774377554	0.017647390700608792
0.011598770603695978	0.01629510887392896
0.011433530452839329	0.01763695612474566
0.011371985848373931	0.01752099388624092
0.011259028535843563	0.015612664308660101
0.011306073267810458	0.017062517080916436
0.011128703736776591	0.01580726867014022
0.011135935388454143	0.015457195602134523
0.011123173801349012	0.016313837479872501
0.011003550895091819	0.015742967240463299
0.011108485301948648	0.015245622177964433
0.010768729391413609	0.014549749728523576
0.010716870799606355	0.01403256248766205
0.010807630731919914	0.016047246101923745
0.010688708430720471	0.014943221303651982
0.010614202003352115	0.015036044539976945
0.010720469036359617	0.015191305417180629
0.010579010569344025	0.014642189033837192
0.010642041677675034	0.016411714261874735
0.01034877939053145	0.015024220614519872
0.010555669628535106	0.015918560927930567
0.010360788806997581	0.014428795147112261
0.010376386922330233	0.014999899406482562
0.010320918735250206	0.014386079123151336
0.010214900938429455	0.014686451496396791
0.010123805646326787	0.013332614560567961
0.010111806118018075	0.014256966309276429
0.0099741397528256542	0.01377598504743972
0.0099516295985033129	0.013541743307140378
0.01007692881038803	0.015193135687214537
0.0099006745277203725	0.013213578512843608
0.0097704206624725527	0.013705338838638932
0.0097513796757112241	0.01304322812458179
0.0097772958473194612	0.013750843371430389
0.0096132986042760868	0.013124469472210224
0.0097828819070079603	0.013516386807796906
0.0096208140478914513	0.013114347589631065
0.0096494802406481388	0.01378445609671667
0.0096412307725245797	0.013123884802552778
0.009499468799563416	0.013083770126281397
0.0094402618048286119	0.012587254947630612
0.0095117177472838037	0.012813842364750071
0.0093798597633451344	0.012032842750119611
0.0094063292217305972	0.013462794407211057
0.00931224181221222	0.012397444728421993
0.0092686710965591886	0.012474444233989987
0.0092137823462773976	0.012049586248418839
0.0091574651283901354	0.01238370103307646
0.0093183987721247915	0.012909963481887093
0.009146665821987511	0.012030090153626825
0.0091002944493228655	0.012011159390323715
0.0090701239327928718	0.011855383095115133
0.0091141119024836219	0.012458581526614214
0.0090433701958945248	0.012834903740519269
0.0089725984519859695	0.011880659205956766
0.0088389790464835465	0.011417142122010816
0.008927227833020435	0.011006050621430509
0.0088036601064025635	0.011661152687670468
0.0088532657452776997	0.012065994751834218
0.0087699363469593127	0.011650147117727315
0.0088554503217525907	0.011926715351216487
0.0087716134548015846	0.011880811597501468
0.0085652900773533543	0.011542732028629595
0.0087192381833911467	0.011615819045836841
0.0087319100174852813	0.012075157052003283
0.0086436595775882374	0.011784161019702668
0.0086089795325182752	0.011652754556156955
0.0086256833768346038	0.01106711506206008
0.0084544783094479114	0.011329201153016763
0.0085738089315570039	0.01168827288425326
0.0082810190288150863	0.0098609892716874856
0.0083430702846749877	0.010402693803065112
0.0083906564243502648	0.011554006920537202
0.0082773920442523116	0.011089802616679127
0.0084845906813495308	0.01099884331990366
0.0082323206080325596	0.011950652497705883
0.0082533669829903851	0.011795849413902092
0.0081297402862102689	0.010741302628031491
0.0082361538991174814	0.011381332887867465
0.0082764356328519327	0.01075087152305486
0.0082192814138599777	0.011559394875024932
0.0080403230280378501	0.010849699479567845
0.0081779212953392386	0.010740281769456879
0.0080309212587782036	0.010201694864277633
0.0080491217608083913	0.010587096782064345
1.0001472103519458	0.10041132588323855
0.47003040426477494	0.10643092099743222
0.3071894359570464	0.11121465778708559
0.22835901118950555	0.1130189760089783
0.18211082738093837	0.11192777807440933
0.15183724993950284	0.10891951892098205
0.13046747899795114	0.10548659322106461
0.11456788717804986	0.10203294616681487
0.10226230964039454	0.098850433500336329
0.092459195211816753	0.095946965899185443
0.084470607871763637	0.093347062227375127
0.077834097594312424	0.091032505513256784
0.072231964850805977	0.08896405356406277
0.067442254771712631	0.087148286685358789
0.063295725675157746	0.085667967109624071
0.059674777063115837	0.084392005888995425
0.056477803755968253	0.083078472140538942
0.053634393257255844	0.08177590467653445
0.051074944271861586	0.08045333298629663
0.048771135908790106	0.07912276269186104
0.046689571010534094	0.07780485583810258
0.044795297757419091	0.076470733987634334
0.043069834771413094	0.075113429933276091
0.041487625304157671	0.07384622498527231
0.0400164929680824	0.072544450214628867
0.03865366521751868	0.071236596636897298
0.037405122348052995	0.069990596918294082
0.036326356313051526	0.069399688542647414
0.035273465377770957	0.068393951378443327
0.034272205132453805	0.06661931445183672
0.033359291237064687	0.065785933111992254
0.032496825184501928	0.065065344682851203
0.031652141056931551	0.063724697610042888
0.030843782335705547	0.062556207024622848
0.030003194835915629	0.059576261110365986
0.029420584952598198	0.060957671682189234
0.028750477482145861	0.059746660641109728
0.028088641745339284	0.057546193466797541
0.027305846746509387	0.053787044098379276
0.02687452438074801	0.053796694159336238
0.026221317027220144	0.053534654341043666
0.02568982898797988	0.050108501823172252
0.025372450617124606	0.051464515805379189
0.024782611951463567	0.048735677467709147
0.024338959374511679	0.0471450097626432
0.023934954579047769	0.047546134642419226
0.023569795022976538	0.046350703085781202
0.023131340982556134	0.046500411523363178
0.022997746174251616	0.049656197417322287
0.02234376573206483	0.044191493021499981
0.022081471922751235	0.042578665768602829
0.02184111763444745	0.04303878689353334
0.021311889495039042	0.039949698888586876
0.021030895652162207	0.039902709996184192
0.020820531548139821	0.040371759477905181
0.020616900193598631	0.041233229097852618
0.020255571940735781	0.039529487442450231
0.019908202917288575	0.037609982185449094
0.019694275142443467	0.038099150664531296
0.019367219209999838	0.03552761796409
0.019211202745943751	0.036392944037405839
0.01886960086851493	0.035474700944276717
0.018608253912911165	0.033672168715226596
0.018493795371310788	0.033658400400868281
0.018310004293457461	0.033804713450353199
0.01796098890032044	0.032246477577244963
0.017895178227318589	0.033016597180578727
0.017648677409658958	0.033035722219784146
0.017477314583166318	0.032938317331001887
0.017110430518341588	0.030978624379805794
0.017019212308137646	0.02991574065509903
0.016905541588946107	0.031564398727724936
0.016700503857943451	0.030283232206300331
0.016465260023559806	0.027567600432292637
0.016358094710040363	0.028219162223418897
0.016059483278935558	0.027191526018510069
0.016011865723314235	0.028886036269281684
0.015813724950665298	0.027262785191284753
0.015709134977466059	0.027370099485110152
0.015647433985043233	0.027809243716042827
0.015367140551788143	0.025789621961913603
0.015317591147905136	0.026709096779160682
0.015132103508101563	0.025440459386745051
0.015040711182013332	0.027039168000062622
0.014750966416116359	0.025011931608632916
0.014715430059235512	0.024143254069116486
0.0145976976127241	0.025456659066825729
0.014528335758446694	0.024353542041797658
0.014426760993658319	0.024532713942005738
0.014269263351123546	0.024291627128993555
0.014251722643345961	0.024583277624179039
0.013953072211817869	0.0227960668185429
0.013956347986248648	0.023556088295902486
0.013689131015595045	0.022685154324916683
0.01374202316295854	0.023765185700423536
0.013649045673004224	0.023325865644640432
0.013533779138454844	0.021863089623732259
0.013313812233732005	0.02191015275968226
0.013266538213251444	0.022304599460689616
0.013284015443876368	0.021728149499600075
0.01304085743164686	0.020533517398200571
0.013164724312125552	0.023699928657136958
0.012863250719324511	0.019912489192652337
0.01291829766492388	0.020355710709204462
0.012604532311957982	0.020568128326215691
0.012691688594378745	0.020400079711092374
0.01249016419548634	0.01960691917685305
0.012480887270334726	0.020498671979461518
0.012307446991229145	0.019375360193802312
0.012304492375174711	0.019415079030936134
0.012143605379277904	0.018613188578433429
0.012056654488066759	0.018766895632283766
0.011934219543132717	0.018573275407877853
0.011943907055076282	0.017969626537694735
0.011910639122182357	0.018157736385055863
0.011954678316956523	0.018861875831313112
0.011622490194879752	0.017714022971293156
0.011632711871720786	0.018532677903818958
0.011611973077315969	0.01775932589463701
0.011504456738801083	0.017285128876017887
0.011500551950891556	0.017868320920595562
0.011392526586227192	0.016880790308732505
0.011284732637766399	0.016469242828556854
0.011352528999194316	0.017828143306019222
0.011163542754444176	0.016940488532670377
0.011103411115799756	0.016982284141091736
0.011126402493225971	0.017166389746607565
0.011084404717429027	0.017020085630026983
0.010883492389618495	0.015953510906586938
0.010948955836013102	0.016629212698024601
0.010829817651378207	0.015757176795084947
0.010764743434280325	0.016520929610682172
0.010743387483256832	0.016102469611148848
0.010672936915633258	0.016242088159208804
0.010664351648054763	0.016167864167261889
0.010422878304270902	0.01560385529346125
0.010486678584049518	0.015430989858591291
0.010523606687675303	0.0154383009677675
0.010422248416478151	0.015637627508571166
0.010444713998264642	0.015221651525378604
0.010374229359872353	0.014710534053288033
0.010256363493608448	0.015799808777529064
0.010163980206750856	0.014787507116269723
0.010167169640757137	0.015666587106549827
0.010131443486508192	0.015453987446653803
0.010048561152380255	0.014154030267638767
0.0098621163769173643	0.014025796111871661
0.010012269080442653	0.015190104217597014
0.0098703199116605654	0.01479362604755266
0.0097502473565531395	0.014243520993824137
0.0099314728369295086	0.015336684133222938
0.0097687384557786344	0.01431808548581919
0.0098082334277312319	0.014499900905293517
0.0095787614529704579	0.014677788036034955
0.0097738164248117095	0.014196793589106995
0.0095509680366059543	0.014328452187920851
0.009533458804118088	0.013717910306225087
0.0095158921534619634	0.013799133382525352
0.009473441031976117	0.012993231692679076
0.0094270887781309331	0.013688769275099886
0.0094027500654141859	0.013310921449105378
0.009349577060044573	0.013092407869563043
0.0093063370633401747	0.012688088432670509
0.0093272783364007211	0.013392208386931009
0.0092715321528560601	0.013549089376319537
0.0092676342061490512	0.013817027185058249
0.0091622939806235686	0.012543194590315361
0.0092057350770303262	0.014174426430886971
0.0090265855326598192	0.012441311293955624
0.0091478714404282825	0.013004160580709056
0.0089807837712928343	0.013375802972688838
0.0091428292755742855	0.013118652890358639
0.0090859830885993455	0.013131740382285756
0.0089280774272415125	0.013237160045249557
0.00894996233044041	0.012700951101011668
0.0087751994355832735	0.012568873045504161
0.0088318177727785708	0.012399843970494701
0.0088443203346821372	0.012565577527068441
0.0087795729513635012	0.013086166850226934
0.0087724919513284625	0.012525722745243068
0.0087068592027632185	0.012279222241428999
0.0087315326587209547	0.012750568534373197
0.0087508112581991815	0.012796284780689542
0.0085620835802706022	0.011639339263112315
0.0085617767470890661	0.011515017922544267
0.0085472424350032314	0.011932347144034553
0.0085946422347795547	0.012203292406315751
0.0085726749396976172	0.012597488615227723
0.0084904359889021348	0.011805657434788232
0.0084426566366443967	0.012176530720245425
0.0084201134284855456	0.011450215820428288
0.0084600018810176182	0.012141312154863335
0.0082582671324729195	0.012004060719711261
0.0082692615235666362	0.010909639158884928
0.0081996176174801254	0.011310633257420539
0.0081885922851580271	0.01078037559767772
0.0081261591697962161	0.011022456806822685
0.0081715381327634954	0.010974764995450156
0.0081249014977652634	0.011312083688867275
0.0081702320822627794	0.01122049307212054
0.0081643344270095862	0.011939437298042015
0.99944758000309342	0.0981460042981709
0.46990740530491748	0.10552841243304709
0.3072956131676674	0.11059076068048039
0.22857110548510604	0.11229031157927204
0.18237855204883424	0.11100013771113879
0.1520710293367451	0.10832983727375699
0.13067813977410725	0.10498278475058184
0.11475719601783556	0.10161089137767856
0.10243318685985216	0.098595672247137209
0.09261563524413606	0.095733912087533138
0.084597842990365157	0.093061708488449454
0.077921270024445571	0.090618673367298036
0.072272180970084796	0.088472506291357431
0.067429402478586503	0.086577815329880528
0.063238793655501183	0.08483472017432131
0.059579234513197764	0.083175955423983622
0.056349563142028096	0.081661832387333169
0.053482703966370934	0.080232049262394495
0.050927957010852447	0.078975134153246709
0.048634452919532487	0.07786873308587676
0.046571946000295704	0.076949965624073288
0.044708068197570457	0.076224054584122333
0.042990232341486731	0.075176117206526741
0.041420659675734169	0.074364184918680784
0.039959396282942435	0.073289121394014417
0.038622607119002679	0.072421410474025491
0.037407422520221403	0.071477488929884855
0.03625447654433727	0.070120239166189022
0.035180899528167234	0.068816440862241743
0.034183450127273488	0.06741352289842871
0.033263355776255076	0.065356890705124834
0.032388994658840251	0.064451350167850044
0.031581926977944756	0.063371604997524839
0.030798665100552562	0.061023572566321148
0.030035201376186982	0.057899133872335889
0.029384750002216291	0.058089636215304302
0.028713799513080361	0.058416461422584373
0.028064810260851409	0.054468400429563808
0.02743406376581959	0.054375362814073187
0.026914032142224535	0.051226919601669092
0.0264220676868379	0.050805578183946702
0.02591222103046634	0.049464244753471963
0.025380503503307176	0.048534451777281579
0.025004002137135332	0.047789665412836996
0.024519329545622512	0.0472801743653904
0.024089567856446812	0.046328842021923382
0.023654410964098288	0.045147268447343403
0.023225666347082747	0.044002612874538466
0.022872850945298808	0.042543331131787501
0.022405186061700114	0.041222611059541031
0.022073688672966808	0.041245845927498026
0.021843735456042367	0.041195932401820699
0.021534621701147144	0.040222923922154645
0.021162415460576404	0.039178687399543208
0.020897927482616645	0.03746024663685741
0.020593233399089157	0.036448506665158094
0.020252016600124996	0.036302423252790976
0.02002149074401938	0.036330929978023181
0.019702301477671876	0.03356673686046166
0.01950641278010129	0.034864280518185214
0.019249593295312756	0.034445652426940213
0.018911289009732796	0.032268867977152012
0.018908049399433139	0.034004625572245699
0.018608217524089476	0.03266281319043525
0.018254536038967321	0.031307948851626938
0.018191037126696692	0.031980734187819028
0.017828595398304028	0.030836124470977395
0.017606400419391873	0.03015092337873743
0.017494998476523988	0.029803148441072968
0.017220598326451019	0.029285404173275999
0.017012753820326097	0.027576534922078583
0.01678101651212037	0.02650080431839285
0.016642778620245258	0.027002538378063535
0.016636879347941409	0.030682990460990829
0.016490792977594364	0.027950045924132038
0.016051082635785058	0.026767704876143002
0.016034582853860252	0.026986838212676417
0.015942187214790703	0.027641635097673093
0.015824433790989495	0.027879511184661223
0.015545906572789085	0.025427654186720532
0.01538956966244941	0.025115236473804051
0.015263886231751461	0.024926022470625447
0.015093607474110022	0.024291266214742632
0.015120201446104662	0.026182960855090504
0.014729143173224915	0.023625625018149514
0.014822042803236891	0.025351552928276004
0.014611308337627259	0.02367013196454032
0.014451167753355072	0.023972400741910704
0.014540483909792909	0.024787208393457608
0.014359750410004047	0.024681088792937282
0.014224571287802868	0.023145242108848139
0.014180738519300427	0.022745564214189912
0.013868917405989004	0.022406180503009916
0.013659106384849948	0.021538755122021518
0.013718849716763785	0.022838368798122573
0.013681206413215331	0.020878086671706483
0.013487215569243632	0.020862512403293919
0.0134634099957781	0.022201410206958195
0.013285353524699081	0.022649541943057426
0.013247954083569984	0.021640233293222223
0.013031030036970532	0.021458995297345528
0.013101034854260219	0.020942053534240855
0.013010005626243021	0.020920936568439762
0.01288401974848998	0.020478108737738452
0.012707464916080422	0.020476176664253151
0.012589119104628703	0.019471258680553143
0.012640725080616999	0.020156331749871231
0.012460095520384773	0.020085330804395857
0.012341280148631052	0.018143300169912519
0.012290972090656434	0.019950983117239193
0.012082182415789082	0.017790690367070355
0.012168633031013251	0.018718131118105712
0.012173453111334375	0.018679794855852468
0.012038630985735774	0.01833348163149805
0.012064112882296332	0.019604823119984838
0.011701293129588879	0.017033105773863452
0.011669466017597189	0.017794276664528184
0.011642817870535347	0.01634479187743099
0.011504322940316201	0.018023805042583333
0.011509747703987239	0.017763189697519232
0.011471847880257733	0.016827662331350787
0.011401397037703112	0.017730141853668311
0.011461221889259772	0.018391888665097361
0.011326627597373542	0.017501832824102715
0.011264909478383846	0.016738839564042991
0.011152402157862546	0.016570236299581199
0.011121162069095849	0.017634135685635186
0.011108984931129967	0.016739923636405401
0.011011903881400692	0.01613223594171519
0.010929963001282274	0.015437873191992345
0.010835150276660901	0.01703559817700781
0.010866490906002051	0.01587313853799794
0.010875541713808062	0.016596813379387093
0.010683907556764015	0.016149782809970755
0.010597333345514878	0.015800252441003238
0.010743728343555929	0.016965470641522179
0.010511491900448899	0.014651651138263683
0.010505089193369016	0.016183528411409683
0.010396058705086428	0.015565418513074294
0.010405443348756758	0.015269803892589749
0.010398003620658918	0.015158335689901768
0.010229185462727729	0.014302304272345188
0.010227035304872409	0.014984699138306237
0.010191445429575126	0.015364357675516659
0.010223740845135674	0.016128102525710612
0.01014923342668546	0.014838701608106937
0.010120412420351934	0.014987764508127985
0.0099778812255113605	0.013969316920284526
0.0099541382947456718	0.015273683174673989
0.0099007250149285905	0.014735483326932457
0.0097139982000293834	0.014162179003352123
0.0097417358940421247	0.014333393617486487
0.0097789524272022428	0.014779648984404559
0.0097195665816096951	0.01426393524469528
0.0095987826092099795	0.01462525635706606
0.0095618039600384574	0.013637453645533405
0.0093797291690046886	0.012748779578715631
0.0094448136381983291	0.013162566747854489
0.009468801666893685	0.01338366682987103
0.0095908672856919921	0.014158607065984806
0.0095194520531893655	0.014916395479076411
0.0093741574340980727	0.012692142899903343
0.0093560550329138265	0.013503454453233161
0.0092138728018447899	0.013199007954705163
0.0093588209094742462	0.01294626712319826
0.0092874357654767429	0.012591786161695141
0.0092564411992379515	0.013665735152460704
0.0092675487555376104	0.013680112668709807
0.0090654315906375047	0.012274910204397848
0.0091931501497555818	0.014081454354886001
0.0090470030465055629	0.01321228756214275
0.0091156097077785062	0.013506752245104389
0.0089433182577085268	0.012120682146840317
0.0089596027510413876	0.01315252914639924
0.0089730933726811478	0.013211420192532851
0.0088145778922221578	0.013327232766898
0.0088231198582803989	0.011696710794283463
0.0088518238710894714	0.013082999973741681
0.0087902056394591546	0.012324013531445171
0.0089123672377232153	0.013881176080773007
0.0088480059067064954	0.012882851613282464
0.0087828052751560172	0.013234224340087643
0.0087887791865797951	0.012412818800699912
0.0085227936177982647	0.011925857603363121
0.0085435524917209689	0.012325486103982784
0.0085598099397562796	0.012058148032261419
0.0085062857162226408	0.011367331324296723
0.008575866532152648	0.01260700983778403
0.0085479918578794858	0.01185866894719184
0.0084790573899723599	0.011954090870337749
0.00839711420713035	0.011635527111426064
0.0084009534969521227	0.012019750189729762
0.0083003412041176752	0.011366636690410232
0.0083974569332543152	0.011464306179867342
0.008463087267115782	0.012426140357355935
0.0082388217467259401	0.010446894224916752
0.0082128121511694189	0.011978447335589939
0.0081276298565840215	0.01126685382256136
0.008271215519535826	0.012220850818346007
0.0082404247050095122	0.010866721257768285
0.0081916869928268538	0.011596148271970223
0.99902664732968538	0.10528560885057463
0.46922894842698393	0.11146334655904278
0.30661102370573645	0.11592260797986255
0.22792793937772535	0.11678608764778266
0.18177441175147288	0.11497956074595431
0.1515148288479452	0.11204479864519538
0.13015911769355837	0.10881635459387479
0.11427037041533998	0.10566513653890841
0.10197442560197642	0.102736326853508
0.09217794155477213	0.10002448111894256
0.084178454110884482	0.097442948512979216
0.077523354977779679	0.095177610517839059
0.071914857500106733	0.093041122202064341
0.067113992527849664	0.091122846938892707
0.06295623757076145	0.089363703365768349
0.059326722024130564	0.087741171232807724
0.056125792843094088	0.086219929479621871
0.053271719807403542	0.084719190242160458
0.050711460086068652	0.083346788032598054
0.048404047176778972	0.082062879006744208
0.046314585566357674	0.080814194549991628
0.04441137350741943	0.07950977679330444
0.042674504315503327	0.078148823417114377
0.041079097547468205	0.076937189273266968
0.039614547719610246	0.075689808734633587
0.038261901179002362	0.074362740738418018
0.03700782665352343	0.072892783896993968
0.035848873853685084	0.071515467623476825
0.034785021370016468	0.070250790679464173
0.033804108381963342	0.068880983960830061
0.032878271821670281	0.067503367131840644
0.032033556314923176	0.065844370426857729
0.03116514815655019	0.064072262984813749
0.030435839846822903	0.062333790549477477
0.029727754904161754	0.060883871579427304
0.028977251757080366	0.058797615408305054
0.028357594186739488	0.058012264602113998
0.027738099533990059	0.057410757957947874
0.027179050799291744	0.055379823474228186
0.026575104962437059	0.054224686143683025
0.026071809032219534	0.052418075291030576
0.025803585226258224	0.052150641805060134
0.025241089755937508	0.050180694714015477
0.024828121839442378	0.049031220733449087
0.024372051320568921	0.049126194333881615
0.023936168516653516	0.047533383750802342
0.023463779976807295	0.046135230913590605
0.023083511687675501	0.045933333700687258
0.022815956392478041	0.045302512659050116
0.022687793345103836	0.050210679250732054
0.022257431568037049	0.045368775510732179
0.021800609022877952	0.041372952676080883
0.021367229516748722	0.043468930315413608
0.021075095230736942	0.040083725031749715
0.021019185005252111	0.041368901822210195
0.02036219298210977	0.038473886864771975
0.020269989562446782	0.038937769118110484
0.019877293611092417	0.036328027399194052
0.019788798666316797	0.038812452744713531
0.019521053847193336	0.039785148347378244
0.019244564930263729	0.03661157262106067
0.018975379805344816	0.033718823012060882
0.01861473414436798	0.034132819481710534
0.018661177679468621	0.03889457344151518
0.018219781417308269	0.032331171434248004
0.018089549882799098	0.036061870807657881
0.017839155635235745	0.031820147218764971
0.017611525031275426	0.032392849016113751
0.01755010450756506	0.032564452172627913
0.017144359800060825	0.029270252811632778
0.017048515100907786	0.030878871779712529
0.016844953632635953	0.030177824007680168
0.016695087566627898	0.029737183725192434
0.016572482196502102	0.031797763217812268
0.016358338955000634	0.027082471807186571
0.016364954316845245	0.031062413737751409
0.015960983333792193	0.027503426421387492
0.015818795551178873	0.026750286505028364
0.015771461662833865	0.029156655504101542
0.01544588897177804	0.0263246263563039
0.015393151172178812	0.026167069545519409
0.015301931723232133	0.02831906706228849
0.015097547130205587	0.028106228856128089
0.015007074191277656	0.026102177984322947
0.014862222882761197	0.02562229809384246
0.014759132092412683	0.02446136216490704
0.014626263269069706	0.025679319860980314
0.014459183425426566	0.024872996964934165
0.014447052429910201	0.024855659969161718
0.014165202439891505	0.024065352064552476
0.014234781930935459	0.024973889206004428
0.014043329623701244	0.0234245610771701
0.014013481553030706	0.023143314150955455
0.013786682245713949	0.02229904674691217
0.013614486914722175	0.022244059259919964
0.013575780645652123	0.020638630764615865
0.013415493791075974	0.021798295463224537
0.013390667685722829	0.022400669756396423
0.013302223627130225	0.022472783320136146
0.013240295587001185	0.020743528501921175
0.013001059658606866	0.02227816282832212
0.012899328712622525	0.020175266114231125
0.013003303401969039	0.021236624679000286
0.012921341114684995	0.020541264952974918
0.012647109213871383	0.020859919048291348
0.012712999052398331	0.019758400388198396
0.012600856158629579	0.019936210384009861
0.0124737524567387	0.019926347273228961
0.012474552115368681	0.019631399454803789
0.012356191618032713	0.020002791931802859
0.012262737842294015	0.020423183425976089
0.012104955407633436	0.020300008295800875
0.012076385023158416	0.018889900295320235
0.01218464170151584	0.019506346506917328
0.011742626724717866	0.018153350242196491
0.01179588962611873	0.018872077253754515
0.011859690517222833	0.018706006662414714
0.011631956267620879	0.017934705430629604
0.011696140759634661	0.018481526747409407
0.011630280662646729	0.018878019942584246
0.011543959486924273	0.019119744680344573
0.011358573617260784	0.017193411451295552
0.011400652834701363	0.018884439745173089
0.011302791717470543	0.016762418274611394
0.011268537623049862	0.017258608814325217
0.011188395443601852	0.01846698586934898
0.01117441052418522	0.017129564630697154
0.011116067440784085	0.016611633134612162
0.011087729864799103	0.016518328584257638
0.011007469640743174	0.017219572535424558
0.010820329749083051	0.016679161977584667
0.01068339683738629	0.016019539788964532
0.010680779998353507	0.016536191661187149
0.010848923035588851	0.016211520109937323
0.010727195897141517	0.015448379181233115
0.010693982698348698	0.016280180071859645
0.010504837728095276	0.016386159515875496
0.010472604234226995	0.014324720331827799
0.010513990666273549	0.017021857267961731
0.010304999218642169	0.015401132618188486
0.010558550649980781	0.016488323196046591
0.010242768180713405	0.015254538021992807
0.010247325129107213	0.015715860467465124
0.010235026025305672	0.014510394413612803
0.010152968580603782	0.01455327648584755
0.010175606837860016	0.014962340708067758
0.010059330829109777	0.015516017687443075
0.010036879482698257	0.016921273007070952
0.010006157629533323	0.015207298652115363
0.009899817644148684	0.014814619899049105
0.009883780498257437	0.014813952191114806
0.0096776313889120301	0.013604338172115227
0.009849183855085689	0.014383772520287238
0.009558909440097605	0.013986283381272138
0.0096387383148130289	0.013647103923314753
0.0095772295302545551	0.012969911139384786
0.009644722885997924	0.014349770584084334
0.0096390684051299858	0.014817931601725126
0.0095275038315008852	0.014218438464001722
0.0094077437453685599	0.012868220952088165
0.0095458531993054801	0.014597472280786816
0.0094029855747663794	0.013674704674937681
0.0094249833986545361	0.01328819385974174
0.009331075699451994	0.013716912971057271
0.0092940829982611148	0.01376904890833151
0.0093070245849916841	0.013243722461708064
0.0091950409890743569	0.014219852771573701
0.0091729225884106102	0.013708990616066629
0.0091185019135710445	0.013471872884109004
0.0090173307912856365	0.013254760333644993
0.0090237048115196991	0.012506261729541706
0.0091355293172687441	0.01345573213375939
0.0090720208109588679	0.013045987778721447
0.0089250382917528976	0.012957462508759758
0.0087946581493913347	0.011967010883894071
0.0088931625922666624	0.013611157724823532
0.009046049542876522	0.013104508604611131
0.0087574925430478796	0.01315494713226055
0.008804497509323557	0.013039289947842524
0.0087490875390657356	0.011840200357921689
0.0086366162352582692	0.011994598470348854
0.0086553256595855044	0.011774289034403723
0.008710720358733404	0.01197233714743752
0.0086542520487599781	0.012922876924956342
0.0086408273896307966	0.01231272305749862
0.008615939674394564	0.012159070716252768
0.00856813080578161	0.012607374369253511
0.008653311494193858	0.013895194543819172
0.0085030193506176414	0.011887353578371833
0.008393650117422026	0.012010878487200786
0.0085113085676808489	0.01228546711926664
0.0084134781476943934	0.01234589633921504
0.0083426011064898341	0.012721011150776316
0.0082351263501779653	0.011335761741662991
0.0082652448390856358	0.01214450739171646
0.0083259800012098952	0.012294836022989598
0.0083167247593673253	0.012434723656385299
0.0081460009817807266	0.011622765801426209
0.0083005411790319714	0.011507513830124267
0.0082586787436293597	0.012436564417220717
0.0081165437169024371	0.011807499964034334
0.99978647328554393	0.097856649968755968
0.46968176292288932	0.1052526302472709
0.30701948032116266	0.11023310327511716
0.22832135414205251	0.1117793353672431
0.18210461282519061	0.11085281309199346
0.15180809658502056	0.10835434461046738
0.13043532891971155	0.10517772876891761
0.11451559265161661	0.10231152951452087
0.10220267245036822	0.099720606432371559
0.092392991298419866	0.097287386140068238
0.084385653064150634	0.095060093679249585
0.077733430902499359	0.09289814985038973
0.072118208408338824	0.090824075811474517
0.067311346791524659	0.088932048006070075
0.063149708905959445	0.087237397933389207
0.059517866645647996	0.085751801477738185
0.056308919007168945	0.084514615339537941
0.053462925894318135	0.083464809458328279
0.050909342169356782	0.082600122918103355
0.048622948130336935	0.081950499165837618
0.046575746484198766	0.081300209474078636
0.044704366470442895	0.08058682144515629
0.042990806233189419	0.079817619534787929
0.041429328461371102	0.079159467393551203
0.040002116964239304	0.078502290294059307
0.038684948517677085	0.077844206923958312
0.037460081419593255	0.077007658153703418
0.036325617493909924	0.075899096885280487
0.035248851104297027	0.074905227218885331
0.034246732854911255	0.074088234615484555
0.033316112874801018	0.073605085767398867
0.032421665204170939	0.072705092511415034
0.031581159016681168	0.072337385624316727
0.030785614108328974	0.071060281246591583
0.030057410899298254	0.069049430786503441
0.029476842104749663	0.066837688936583761
0.028786695971296003	0.066205525752424998
0.028152088200398943	0.063672900900805088
0.02760948800842138	0.063260347172752918
0.027180934166493663	0.064913548099548343
0.026530737506835565	0.061958720901279081
0.026119042500753014	0.064066389188306275
0.025577572738074504	0.062110304255796056
0.025042999077158064	0.059260566723471075
0.024643143235033551	0.059275534160152729
0.024353515609070731	0.059013992159441163
0.023917822231429655	0.058402467491374919
0.023455468409379735	0.05393300511173664
0.023125111025112281	0.056300686695891292
0.022717908831573399	0.051668140349717465
0.022317310755371748	0.053189546341335325
0.022148648888548207	0.054355700345651986
0.021654561433879411	0.051124253690889306
0.021407645790333652	0.059244879306321808
0.021214878041666572	0.051208758027799763
0.0209277182211614	0.051978437184249431
0.020480784201810685	0.048425305782467676
0.020294062199274543	0.047165293283964155
0.019981218544585556	0.046204276778667792
0.019696676397733044	0.043720618306963673
0.019483792440839708	0.041389817404072278
0.019215578149020047	0.040834196759250561
0.018936947424455428	0.042804431694215189
0.018730671947391336	0.039525134510515543
0.018487646874120696	0.040011818085987243
0.018399941972393277	0.038932905553318672
0.018086669474607197	0.039101455363029475
0.017936435965188954	0.040715731985931113
0.017667905771256046	0.036261411289588902
0.017518606547850396	0.037085420741137104
0.017261018616989764	0.037035521849864569
0.017075180223367785	0.03571318474237923
0.016996228777501305	0.039099877955469486
0.016770895279704483	0.034248736866293178
0.016657945723787326	0.033376660442120142
0.016355985907975129	0.032632268595963319
0.016233609219515544	0.033919503636288866
0.016137033116511761	0.03328707907958095
0.015927649824081479	0.032879772623446581
0.01589697198401396	0.032787146283721667
0.015535867398567622	0.029779333827993137
0.015505509399318031	0.030761097417367621
0.015364844435796535	0.030310789313292463
0.015423208575396795	0.032187115506322771
0.015147483863134709	0.02919953963326951
0.015062865866053888	0.029793029563091662
0.014875407459747437	0.028948337777851781
0.014847737819025019	0.02927649405053356
0.014721878395820575	0.031488504149098512
0.01442627002204863	0.027479636953979005
0.014354762382233233	0.028420307886011326
0.014289392423329163	0.02843561347508167
0.014131963160802927	0.028127537545681404
0.014196234646012953	0.029145116843921775
0.013944704393320179	0.026800303423896034
0.013662714280351367	0.025598405876424927
0.013795192203892441	0.024830533554384849
0.013582021353069016	0.025268134511679596
0.013435482954821281	0.025760455150071488
0.013529137199745534	0.02685663699495143
0.013387686091477956	0.025737446009604016
0.013216212311991391	0.024669829823785735
0.013266296590276876	0.023905477068058224
0.013061060961341305	0.0241751487938359
0.012945897882071251	0.02305979664971098
0.012916864548650967	0.025525377064417532
0.012922639989465096	0.024498205714276269
0.012784934645399022	0.022579640853930601
0.012743057309212762	0.023715362763961252
0.012563441088895125	0.023248314927056857
0.012581161146298488	0.022939268193399451
0.012537964721653614	0.024101124670041357
0.012310724627318649	0.022792450011229762
0.012268585608496422	0.023865299018375613
0.012135469026555771	0.021385396944178309
0.012184320026903468	0.022043903422877653
0.012148789635217675	0.022910687153311682
0.012029638499172079	0.022398492091159163
0.011848441619056165	0.021114982611027781
0.011807485666571431	0.021431545156946334
0.011567467785156094	0.019922276281094674
0.01159599608143448	0.020986214005869735
0.011653488634954306	0.021195794352155656
0.011468955983277187	0.019926336060734316
0.01159370869224464	0.020109193977043551
0.011390232241439351	0.020661694412215686
0.011294893809151394	0.019818674352552818
0.011213664577502449	0.019925985260333748
0.011282181442831885	0.020158398887182214
0.01113125992892027	0.019275974708685473
0.011063781776336878	0.019902886156549102
0.011030290271827951	0.019418987212736685
0.010887670806460442	0.01821617089089839
0.010913616923642202	0.016838966849526321
0.010968923826470821	0.019579751266220625
0.010711360544699153	0.016739274227038813
0.010935200330667891	0.020300780376633566
0.010705270079279185	0.019512938069933088
0.010579133451956015	0.018100948231394454
0.010569691943904199	0.016311551865813408
0.010493458465594884	0.018898422447560619
0.010354709193323278	0.018438744846503818
0.010515287500782797	0.018028269298795557
0.010459772861805529	0.017259768238272306
0.010392035484176691	0.018000073861075317
0.010326121844991935	0.017611210419849435
0.01040048000799677	0.018946569982241798
0.00998744193872627	0.016639768645287475
0.010151679409955134	0.016423523332055233
0.010027838479280946	0.016858792086422041
0.010059235596964037	0.016264992704107414
0.010096715361894741	0.016437293946285687
0.0098680446895947106	0.016370825062969056
0.0097963503785124459	0.015015685250225537
0.0098341948761615505	0.015312187016900651
0.0098157599313847925	0.01521640533864081
0.0096474597968262254	0.015443403011707353
0.0098168318735724503	0.015975128335477769
0.0096507131501890487	0.015591468125537548
0.0097241924927781373	0.016246961918793205
0.0096162306553495679	0.015525220140079976
0.0096568758199301469	0.0158289884044692
0.009433970310363457	0.014966433845699564
0.0095739571806426269	0.015871187455230539
0.0093154845921831504	0.015482108600774615
0.0094020616197468924	0.014869014206606882
0.0092938696793801335	0.014417407173326759
0.0093034136108496417	0.015203132885520457
0.0093511292340646406	0.015523890868353223
0.0091535087473475947	0.01427320730461629
0.009258407894764599	0.014746915888767203
0.0093357950606299048	0.015548794841278139
0.0091620846257638028	0.015408329797068146
0.0091671116383450369	0.014251155997581533
0.0091196339373003973	0.015665911741035519
0.0091274351492732428	0.015036085646635354
0.0090036135403581789	0.013679241347937693
0.0090021856147191569	0.014465638306110907
0.008987363584764374	0.014374441725358589
0.0089956753936856586	0.015169928792734691
0.0088947930268496976	0.014425263895623342
0.0088821264829124363	0.014504430768019006
0.0088436331859561689	0.013553453702649021
0.0088527785244049105	0.013856870856264296
0.0088149172610324702	0.014283292997033695
0.0086871693240188792	0.013260882723261383
0.0085990666235934137	0.01388194374882752
0.0086268793761246267	0.013849139710279448
0.0087739203974337987	0.014180605158940663
0.0086106096799642741	0.012752670737299399
0.0084776295682894992	0.013257748876216793
0.0085733710110809051	0.013745705855921764
0.0085058874173370141	0.01297494558770786
0.0085900476855660431	0.01423743261028209
0.0085619344930021879	0.013617467668000207
0.0083985898131899144	0.013068222504603669
0.0084604785488690305	0.013456451208398347
0.0082776484509318755	0.011340855600778334
0.008189957951321606	0.012255105518873705
0.0083883981008667403	0.013195148892667105
0.0082538960383062871	0.012326546481994875
1.0006114424996169	0.096982485241118535
0.46950351629410014	0.10339392892580683
0.3066537815875357	0.107681803540486
0.22781777906096942	0.10934334869219056
0.18155527375269606	0.10823456128777027
0.15120960334755573	0.10594969579507869
0.1298017293091453	0.10320445905571889
0.11389603710127175	0.10027041473161764
0.10160916107121488	0.097483495618624474
0.091829408127213324	0.094874075859645773
0.083868583070123015	0.092419273767968574
0.077248808479286626	0.090295602864140914
0.071660458003350372	0.088330861236953481
0.06688911877727477	0.086617541719728589
0.062762873059333479	0.085058361872937485
0.059156954088476668	0.0835950973450513
0.055980875956725511	0.082120726612274528
0.053150620836860916	0.080805973487981686
0.050614952037109265	0.079462690747049522
0.048336081094916737	0.078107050859951788
0.046275582650992117	0.076763591304978812
0.044395785777662421	0.07539382640144987
0.042677429834599524	0.074066024641823491
0.041097162689587435	0.072848064920819619
0.039641208454359096	0.071859531526666964
0.038297236005622438	0.070739579242896797
0.037054793639405149	0.069292746690814755
0.035922564146041218	0.067933156783991144
0.034865471287876745	0.066773624199936724
0.033864114013056688	0.065827418335158525
0.032911446899593952	0.064408883381578685
0.03204559774594723	0.062880774601146786
0.031227775104356554	0.062144446889836308
0.030438549276746444	0.061042601614786966
0.029730925228451853	0.05864498474227952
0.029020060137713771	0.05816868751187846
0.02839512553165776	0.056117774920825536
0.027735910547992473	0.05435614193468858
0.027169948406012459	0.052767068367179648
0.026646834423896985	0.052339754840898228
0.026100909914265336	0.04982283423652191
0.025630182056564692	0.047739971841633415
0.025127689995767945	0.047692353676677311
0.024586351592154967	0.045885677383313075
0.024111348571297979	0.044569976103376333
0.02376905494034566	0.043749974756672146
0.023309607171426747	0.043964427411571909
0.02286730060600042	0.042028087822084219
0.022528361253045651	0.0430485376529171
0.02218358395199644	0.040014502092115871
0.021816616218902098	0.039954973015344876
0.021472086953419348	0.037145698879597636
0.021311083433426085	0.038461860151356331
0.020863718309920634	0.038092659194124481
0.020595039894159877	0.037073932810022803
0.020214885912542769	0.034979426055991206
0.020088011359203087	0.036436000076916671
0.019698006539943056	0.035062891522876942
0.019546899341141177	0.03492247103176746
0.019262802208969296	0.034398200517734664
0.018915321020842271	0.032020241121303694
0.018774183327329927	0.032483441541624261
0.018474947984457455	0.03263332835454881
0.018267188873642076	0.030906892413902026
0.018135049313461757	0.031083814903930911
0.017881526789282298	0.030411950932890217
0.01776020318002898	0.029632317241409894
0.017405436984818924	0.028325626835208405
0.01720611064030534	0.028361382515648344
0.017137877527037115	0.02919952424591828
0.01683572030197596	0.028588292261351369
0.016692196611248562	0.028308413875197891
0.01654615649852182	0.02866967785386924
0.01637432759866032	0.027070795073367297
0.016126351532271689	0.026968428968899911
0.016149125375181022	0.027800307524913897
0.015866846128414699	0.02579924125615651
0.015844454788969099	0.025472881503696445
0.015507422464836478	0.025048168479051114
0.015416602682949428	0.025746772071203808
0.015252483902875789	0.025785643781486307
0.015150260066939938	0.024730083688525136
0.015067572050190681	0.024531347308477145
0.014888440506678332	0.02385630143871997
0.014667257600184443	0.022824362792578063
0.014591669187838078	0.023199528860552023
0.014575863215228612	0.023944906777128561
0.01430311401852964	0.022683615097333371
0.014225806262203381	0.022804168961650242
0.014000013335004169	0.022133789714530387
0.013972369441357543	0.022560793476208402
0.013939763377907383	0.022038182282775445
0.013871047188617459	0.0215896128177097
0.013713217808712879	0.020883498224871212
0.013523700638829027	0.021448748195342236
0.013489415831617325	0.021691346920230423
0.013396417284187974	0.020707999531637669
0.013204295184980981	0.019446451869948748
0.013238302777401505	0.020503164059293519
0.01307197888046365	0.020588741531572013
0.012945732083782129	0.019231683735058576
0.012877746693606329	0.019703665556934223
0.01268726487456728	0.018820265134248927
0.012612444855263484	0.019118159672338007
0.012677226674413056	0.018309632364203205
0.012592768841282036	0.018702450298285139
0.012388113839318775	0.017612388562405962
0.012246564851881612	0.017649642173322433
0.012249994972880205	0.018700214224460159
0.01219752116576975	0.018537758427788993
0.012069562343415658	0.018232021703378377
0.012077012826128322	0.017632520493858578
0.011834332729295792	0.017140490244352498
0.011897432002902582	0.017734981973026101
0.011859264978638621	0.017631511524161807
0.011753610464062042	0.017620133596024393
0.011755379875644066	0.017566022825249116
0.011559718848330213	0.017348842343556777
0.011584872231116341	0.016926073043868322
0.011374393406720073	0.016097119720945831
0.011545713057386846	0.017395047649737715
0.011434984189803538	0.017106879000969282
0.011257890652855672	0.016092459416342662
0.011178715315520581	0.01637567257909776
0.011033174958493814	0.016107905792560492
0.011277769093780823	0.01744273428976291
0.011034624339546705	0.016802264770608574
0.010957159529876708	0.01606111191432609
0.01094872757219827	0.015438344237131665
0.01081486151828053	0.016354371869010537
0.010793190937676798	0.015747133422376478
0.010761145261319245	0.01501049552227369
0.010582290925057922	0.01486015120676883
0.010541754923657436	0.015123747423620689
0.010645765812466968	0.015317249451007446
0.010627005037075712	0.016382912074338323
0.010536949253169848	0.015164630222792153
0.010418950466547039	0.015424113454142794
0.010250889175483582	0.014229779304738552
0.010359308434927843	0.017009380391945359
0.010233286043274056	0.014921998169918998
0.01012843535432576	0.013893493328611827
0.010288465312035939	0.014692445025438549
0.010101349686202295	0.014481533883173138
0.010183135363172354	0.014459210529856286
0.010132267065535609	0.014778217402049869
0.009889292862567697	0.01380925805359442
0.009819902065023936	0.012830138968452084
0.0099289174554187693	0.013860306382287283
0.0098225623504429073	0.013624698338988144
0.0098194884034625181	0.014145121000845999
0.0097400988900761317	0.014119078190149462
0.009662431516513444	0.013441009832233997
0.009612315161766383	0.013813140871034808
0.0095295388050976315	0.013937188353584875
0.0095387807096460973	0.013242819902926988
0.0094850313548041389	0.013132032867311336
0.0093798094643172472	0.012594679914769648
0.0094695215602396288	0.013548858460249761
0.0093690346222091055	0.01304281913358073
0.0093541903051047263	0.013015550900030532
0.0092508024415289963	0.01258645517519617
0.0092722169185066889	0.012625214057795358
0.0093358511069623097	0.013110777304947396
0.0092796359999010921	0.012972979432348451
0.0090395587720234153	0.012694837158800426
0.009140827846118027	0.013099310971458328
0.0090146409960138417	0.012055302435778386
0.0090482476741049027	0.012817281558729351
0.0089997621984489878	0.012000771004147873
0.0090152089877543664	0.012665004310915013
0.0088956557391591182	0.012186406465878711
0.0088779847254431346	0.012005976975427376
0.0089025902298949695	0.013000263997830299
0.0088343246155658094	0.011796365151931649
0.0089311121655788021	0.013376574111212946
0.0087747434016290805	0.012454727073099055
0.0087811295337649441	0.012304010493143332
0.0087154290974981695	0.012655121371043703
0.0086411829041938247	0.011293690078352949
0.0086198099883494552	0.011692064354336087
0.0086198986151460617	0.011149245533410807
0.008513444012213961	0.010724172378175429
0.0084596446783951999	0.011361150395134653
0.0084872068405677341	0.01060883755890514
0.0085264575560245748	0.011849051292680554
0.0084068595410641024	0.011506149556585037
0.008577851413115024	0.011955935969612525
0.0084217305689326238	0.011522771649776499
0.0083280437245839885	0.011311745445425318
0.0084053570301815417	0.011090970243216855
0.0083645568988940187	0.011765464775313598
0.0082264803891642941	0.010731753145839972
0.0082124434282622311	0.01053093267317772
0.008270108565707009	0.010493663742204444
0.008213216404177227	0.010662115803702944
0.0080940277110256673	0.011388520686048698
0.0081174735868798555	0.01082016452358338
0.0081264789013193381	0.0107999307759312
0.0080566994384738688	0.011282906352667597
0.0079325262369499428	0.010468514167500914
0.99709067768142523	0.095749746491507359
0.46840334901926578	0.10146240356188459
0.30608399062526975	0.10523385374705818
0.22749876033020747	0.10604033232531278
0.1813124479735479	0.10482263121342654
0.15098309541561483	0.10265572114384917
0.12956748243467717	0.10009801085411824
0.11364833735348299	0.097499457505518528
0.10134407770574927	0.095083705883319422
0.091559283088825674	0.092829001971884692
0.083590160988285506	0.090712983564852329
0.076983418919202198	0.088612560498994256
0.071415893935959457	0.08660838246684642
0.06664545767811611	0.084716990259040351
0.062525760289521587	0.082918567844984692
0.058932850548247998	0.081211198855650382
0.055767734679661347	0.07963045069676615
0.052957515665342944	0.078306477346996001
0.050440797569699755	0.077169747151083504
0.048179696068200301	0.076072898546546697
0.046132232031699923	0.075067690819856814
0.044276796123848029	0.074110476435452807
0.042587083199434418	0.073378844649231723
0.041050754314260911	0.072753082614376324
0.039634608392457686	0.072241529833608098
0.03830648353947351	0.07165963680464392
0.037067141718665216	0.07107527946418761
0.035915501515529698	0.070316316061693931
0.034833379822170017	0.06911701200452354
0.033840439280638797	0.067895700026279746
0.032923555358996728	0.065879935014690458
0.032043736743267701	0.064598825968237308
0.031191860786107986	0.065287707727688549
0.030426133562522585	0.062875504928463347
0.029776376961724131	0.060450223895839143
0.029045082760105454	0.057949987474249696
0.02847901948988232	0.06420217048739045
0.027676925566786637	0.052636905722400443
0.027110769963173943	0.053039201786207857
0.02658778205648173	0.05164207619999097
0.026019119805421837	0.049710318337403962
0.025536508408736235	0.049263170776396643
0.025083530225055762	0.049440991061358755
0.024647813463026431	0.04900704708627205
0.024058062570519682	0.046029801373816563
0.023711543368300468	0.04440050109500903
0.023239192079871459	0.044936924522642224
0.022871076192259924	0.041773947794749439
0.022577617858560963	0.042127737260503638
0.022297446903456853	0.041022284748314507
0.021711449498310931	0.041524201503169274
0.021451237731287938	0.038515565455355269
0.021208709924382192	0.037700845367463716
0.020902622403455581	0.039298150979508943
0.020566425933406806	0.037696267958404875
0.020458128540903672	0.039311632402497985
0.019954997012992665	0.037401515233125751
0.019766079298962937	0.035785725294313356
0.019458839487829678	0.033138506605222676
0.019061732217718185	0.030811920102058594
0.018898440982642862	0.032918314670536263
0.018856850103510601	0.034382904102265473
0.018532249444460042	0.032325385039431269
0.018375060365361139	0.032357387919625454
0.017925048115993669	0.030520945349437483
0.017859918442578001	0.030795538064988699
0.017676748293394617	0.031964861193334325
0.017411131082781771	0.028733341657046461
0.017282201801716083	0.029558532477436551
0.016944491324647457	0.029229330625323225
0.016846834915232364	0.02740561456375195
0.016835539142021783	0.029298825931928459
0.016568831965139124	0.030758683487429349
0.016220670357432548	0.025911399757800775
0.016131158190040597	0.028064511017656772
0.015923536348571025	0.025978896175733769
0.015845054885330476	0.025903189488333079
0.015644345109038602	0.026228663899993541
0.015566914594623438	0.026861281083214023
0.015515146983587276	0.023945971585691554
0.015048573558503569	0.022998902435433333
0.015040747647704645	0.024155055386436051
0.014994937159236993	0.023385063738820384
0.014883924539657596	0.02394401966579783
0.014609948360214947	0.022480892016107253
0.014653691580802708	0.023650194580398499
0.014492351790710765	0.025230648707448729
0.01436751912906362	0.021026448894125027
0.014193084810056949	0.022284647234224984
0.01403016840779892	0.021884327146420413
0.013847189926055608	0.021108048880992349
0.013822948944633744	0.021629200195576057
0.013770090273627104	0.022773386208087859
0.013570559172485666	0.021566151007669815
0.013536869578003074	0.022200136081005913
0.013434510039840322	0.020334786711643998
0.013408715392915476	0.02263378138266723
0.013219680607064032	0.02029290870793685
0.013094792612671671	0.019373047531770441
0.012944643524010452	0.019330373536776961
0.012953614156606168	0.021086346811180212
0.01286711183384889	0.019337641403644058
0.012799357409069661	0.018663455227279545
0.012610475539255466	0.018102374109099931
0.012810068873097049	0.022507748189947496
0.012435208904472937	0.017608741840054839
0.012329792114441882	0.018087740706043694
0.012259543491747177	0.018302618752194459
0.012016163866260757	0.017590522463373639
0.012120155974190368	0.017138862675490266
0.011980598764852676	0.016520188002805445
0.012026477921475041	0.017596925168071528
0.012025643043496761	0.017871623157630166
0.011779405200178139	0.017087613715413466
0.011778047418169197	0.017204996879383528
0.011598020281868307	0.018411308896539469
0.011597963664407608	0.016757785469394462
0.011551899532225398	0.01696169962751138
0.011331748267189015	0.01551869872966815
0.011373606310087546	0.016109405986816937
0.011340670514415124	0.016761109212501492
0.011160854000671726	0.015557181226543593
0.011138363234632557	0.016207096980299401
0.011170797297042455	0.015786422121512496
0.011050407943102088	0.015740099519588106
0.010853831239913571	0.015456787077905661
0.01107305063067443	0.01629331181652462
0.010813538830821003	0.015253959704376078
0.010909159190223214	0.016352696440350947
0.01074106924541113	0.015527426837205916
0.010713461515495159	0.014963653367357001
0.010774644279287805	0.016328896576658303
0.010645275154402976	0.014803970483849058
0.010439221645578685	0.013737800843165898
0.010427438644649489	0.014412125295317581
0.01034609152174356	0.013711084011569983
0.01039649531338308	0.014666657523384486
0.010382446047889397	0.01431155460759668
0.010266113396380856	0.014807186922107942
0.010129253339935603	0.013833031275854226
0.010117771109097966	0.013224213609520164
0.01016391401295413	0.014866293862483773
0.010041253928529897	0.013740103000063652
0.010129864759106474	0.013944418663895307
0.0099340876958991381	0.013197417867127746
0.0097826357882374558	0.013773672237168435
0.0099511592887713014	0.013272648066033862
0.0096567239318294581	0.012669366958796134
0.0098286614096963418	0.013729874100435559
0.0097081529981447017	0.012776092812820428
0.0096684630693556137	0.013260223280681813
0.0096256982838634902	0.013122879582090559
0.0097101542581223659	0.014231080793770719
0.0095513359111949418	0.013479639668538294
0.0095762795080527423	0.01309540394767611
0.0095092682256238386	0.012043426982197515
0.0095010745594538842	0.012307044415440452
0.0093249492141081695	0.012504358604600975
0.0095166075872797889	0.012398260587598364
0.0093253283731447815	0.012506228344576391
0.0092973907894787471	0.013527430645308149
0.0092321246785456931	0.012096903721684106
0.00917812746481215	0.012497865034461889
0.0091354906933481961	0.012535586054492235
0.0091078395455557876	0.012222627565861928
0.0091098265109591115	0.012979894886757048
0.0090781623282463458	0.011978587953210777
0.0090168695654464885	0.011987118345717016
0.0089347003290468126	0.012514015039714039
0.0089749186464879779	0.011808913261627986
0.0089023631039302914	0.012417833542410741
0.0088131734929802648	0.011659601294961517
0.0089151564617492764	0.012107343943369984
0.0086849269446109215	0.011696394939310614
0.0087763466237498686	0.011960439695178397
0.008766824328483757	0.012272232937020646
0.0086872577158587736	0.01217791907405971
0.008742541046441208	0.012197423551950458
0.0085623840402468347	0.011627262460378414
0.008520570428520351	0.011071907443022003
0.0086296533929918155	0.01197828298596733
0.0085937439628318534	0.011712042792032867
0.0085517123064655955	0.011523607827353687
0.0084943202913223582	0.010873692326194166
0.0083849776305285756	0.010717452079385684
0.008459342969766798	0.011610945880754318
0.008324909067631189	0.011121242502430143
0.0083281008616717441	0.010380437321829403
0.0082631385788604853	0.010721477014411156
0.0085370240083800439	0.012601509125877056
0.0083297195457451099	0.011558149526118746
0.0081985782823489669	0.010837424859042532
0.0083181886077062905	0.011117148924360143
0.0082385540508328851	0.011892339606484887
0.0081545065428696786	0.010474633509962224
0.0081900143937157135	0.011594691678578016
0.0081394856340881987	0.010954838473742188
0.0081106363873446226	0.01060010769931175
0.0081970008861973719	0.010904365815547205
0.0081451302906141061	0.010868744471869175
0.0080658164981114843	0.010606446095061577
1.0026660318185718	0.1052173702625981
0.47214806651433117	0.10988626997323254
0.30889048301459104	0.11377207129564793
0.22986231759526468	0.11437731436211926
0.18347055106641319	0.11262294705639649
0.15301339019571958	0.10998086546202077
0.13150699636298097	0.10697113907141223
0.115508560623376	0.10388702771204703
0.10314238055754131	0.10092449734569034
0.093299698981441678	0.098148067321780788
0.085278955362596318	0.09558720767099603
0.078608784328118103	0.093400421591920219
0.072990727751692214	0.091443035577063167
0.068188664458361956	0.089610644681404991
0.064032421582017843	0.087804345290730085
0.060394790041070436	0.086042613779644769
0.057174818206785549	0.084361351002437662
0.054306026603159731	0.082769520182693096
0.051741620001129765	0.081192960590430366
0.049426338126099104	0.079688499715670352
0.047322952531280479	0.078237544262363956
0.0454073745863404	0.076813175955492599
0.043660293859715961	0.075511358065173645
0.042059851119233056	0.074254841508928804
0.040565003108669818	0.073086535391556864
0.039187352730818845	0.071918835850416848
0.037924356589951552	0.070914094433097805
0.036803102276574372	0.070532167124134251
0.035740757035925518	0.069754232647513154
0.034764243262877186	0.068788752257350302
0.033868781911227643	0.067363356224249465
0.032959338060465845	0.066351707158449874
0.032117791771627137	0.065930004360975333
0.031315316868563613	0.064645446997026845
0.030544159098488743	0.063554916965828198
0.029834019714958391	0.062054562337783878
0.02914668162513721	0.061105743114519093
0.028491870684758523	0.060035247485322886
0.027932012590982543	0.059271101579340811
0.027360590099336109	0.058436412116004505
0.026802397981470428	0.056552376787226293
0.026300324851694933	0.054767624608006084
0.025792626558009096	0.053897940330911179
0.02520676122529604	0.052644621535900604
0.024858307659574891	0.054860311698705928
0.024335965692063751	0.049127916270337905
0.024001415644589002	0.046249885467434533
0.023510968324353294	0.048890157499042443
0.023207497133529834	0.049053178022738474
0.022754372251685407	0.043569960209413859
0.022370472616054564	0.04328041910433901
0.022063514878036712	0.042122685240388417
0.021770419186827074	0.042321180557559061
0.021470458393026783	0.043403872277247402
0.021101922038211561	0.038649316738130268
0.020795136966218073	0.040025510845133193
0.020447805404703968	0.038166514557501752
0.020294199085459083	0.038352573523936458
0.019869652223665577	0.038458066280445687
0.019700752017397769	0.035045683108359475
0.019379168504329008	0.035470154492655587
0.019195626064764621	0.036061870494211147
0.018875828722099593	0.033655720417969631
0.018913601243590095	0.034412981017143122
0.018400584652054307	0.032472034368989315
0.018313523624669599	0.03360648667512179
0.01806873701106369	0.033513429104264865
0.017768138561341768	0.032597607273676811
0.017685072876352834	0.032705626984077196
0.017385588862160857	0.031343300152083003
0.017199584943768546	0.028875959191478676
0.017090686094370009	0.03081442798576085
0.016973966636018172	0.029394715193485143
0.016735718002803397	0.029671481121483028
0.016592680140534759	0.030109133254328124
0.016471778899616155	0.029097215225660986
0.016189224154606188	0.028889139592130325
0.016129829961048003	0.028009287451769917
0.016023426549276579	0.02855682015378172
0.015680822712870496	0.026544581474856326
0.015616091044962402	0.027856060165096355
0.015496210672265391	0.026576085634414819
0.015236005044704456	0.024794789908450705
0.015507119954480912	0.029752060042159599
0.015153413602865921	0.027154935612632575
0.014992438429001179	0.025659296523336306
0.014785776036404234	0.025975315550342788
0.014662792879433187	0.024295049102853086
0.014640043225625149	0.025743524134683782
0.014482155790235591	0.022790837323893764
0.014248835179544747	0.023002539423534748
0.014234151995180437	0.023690645994282035
0.014110102963284934	0.022894702978042306
0.013876208206123775	0.022713675948349017
0.013967577517085819	0.024853377738037384
0.013798538391482726	0.023361153111072536
0.013643146276218958	0.022500613504450893
0.013634951802848292	0.023598520055601497
0.013377364134889082	0.021236837194365893
0.013284671020500646	0.020541239339381095
0.013301662133441297	0.023422043698756029
0.013244379128787731	0.023025252726131512
0.013236943511956874	0.022009129714034337
0.013018204343297771	0.021664469603868381
0.012938291579904084	0.02154558131445735
0.013067304395061975	0.023187408335763118
0.012669555724402292	0.01944614827956466
0.012582192842909026	0.020242112427045687
0.012509975886293571	0.019237596771817793
0.012454088359914621	0.021151949159933271
0.012565609932925057	0.021787594310267715
0.012260652760882972	0.020468505577412876
0.012278852588572448	0.018649153113668205
0.012079311086942251	0.018927596568478623
0.012064945412015029	0.019354545731650272
0.012044851693216802	0.018992350789854121
0.011883174335522436	0.018602593261583943
0.011785628290454859	0.017792960649566012
0.011867490185235601	0.020265406079126927
0.011816050188193292	0.018726919921128928
0.011557010816213563	0.018765082819525863
0.011641530328712308	0.018544470081809743
0.011548571157133839	0.017823985469825322
0.011384320431021219	0.018353327820462281
0.011309387660981539	0.018432107597571759
0.011223905860451574	0.016673117851022008
0.011259882579282834	0.016939397887557092
0.011237627007276317	0.016642430544902026
0.011092731286871738	0.017837127137704568
0.0111943708339695	0.018028076271242758
0.011011179057054628	0.017511402385974706
0.010806649314522859	0.016552971626183344
0.010807397844386472	0.016306207611090206
0.010829513383231187	0.016964112512653368
0.010694007301790482	0.015599756680394702
0.010756879231489888	0.017346062497431928
0.010753691083782357	0.016258593615706498
0.010625600063872446	0.016995351791773684
0.010501911207230425	0.014929130119502311
0.010329300418902459	0.015068233473158835
0.010491502760258618	0.015658866474909515
0.010519299785622395	0.016241294086538807
0.010527443216447737	0.015944306021355017
0.010318739779538375	0.01545329391109816
0.010194029439083693	0.015913696486034752
0.010205039016685628	0.015590625383559539
0.010204598332534452	0.016188529687216506
0.010102744816973626	0.013989510122113854
0.0099892877663226784	0.015255059775639688
0.0099867745359184905	0.014136848023184323
0.0099744363726529048	0.014706325719983506
0.0097687053198347862	0.013898285530508616
0.010055065866842704	0.015208635471183802
0.0099127151049508908	0.015773238666259258
0.0097721974033718063	0.014346686851197686
0.0097540554780714012	0.015772299475518087
0.0097485109110776701	0.014098386041966162
0.0096917197444672497	0.014172878933714238
0.0095871660678979956	0.0140808509970545
0.0096488688390807802	0.015727064017810346
0.0095507840620245657	0.013388238129138868
0.0096812040066606309	0.015234613070623376
0.009468061124183684	0.014364039501021596
0.0096700417510142689	0.015188089690604501
0.0094036021206442555	0.014341610477736131
0.0093433333682080393	0.014938176452251088
0.0092978274167420938	0.013345581852287456
0.0092583000332880586	0.014496665405850515
0.0091291664479845099	0.013316956522405729
0.0091766844377880897	0.013255151617545997
0.0092759353416813923	0.015091023452075787
0.0091068454491551442	0.012852349340100558
0.0092469765935069854	0.013839459694470736
0.0091564341600530105	0.013472903329317781
0.009081058433788973	0.013023742041168558
0.0089605596846323472	0.012507366803585336
0.0088770884029528898	0.012874506797187806
0.009004340155537827	0.013133100394198566
0.0087651036593541874	0.012430091082138059
0.0087498486438875641	0.012707688980761751
0.0088855478434130292	0.014089879650110068
0.0088429797326571857	0.012495681792682478
0.0089289152747783831	0.013470162733440367
0.0086418233155008441	0.011999903642425147
0.0087664284431537582	0.012739380626494956
0.0085159116053290049	0.012532339631403841
0.0086704999070852089	0.012729385134444327
0.0086390671426820088	0.013322281702343213
0.0084930833336660776	0.012486463792969383
0.0085910397044603459	0.012471279001318418
0.0085309345008745974	0.011811517300365467
0.0085429511392307745	0.012888382872192312
0.0083640173855026798	0.011651551026859632
0.0083552111790238266	0.011423201638573612
0.0083548736832543009	0.011243616002376743
0.0084323127779931482	0.011732571136312072
0.0083202963263369137	0.011762402663115699
0.0083757932990771375	0.011818054972760466
0.0084527288990052345	0.01158656465816058
0.008329227675860227	0.012518236259900808
0.0083973642932658465	0.012457690796404937
1.0016003011735268	0.099752161143714033
0.46944684331163866	0.10632200172775255
0.30655255725971792	0.11094406877118827
0.22775894512245534	0.11266744423836922
0.1815945510577599	0.11125056867699235
0.15135365601818423	0.10842293338198435
0.13000805243262772	0.10534496523381354
0.11413086780459272	0.10226948241550249
0.1018654573145619	0.099214141613128567
0.092095357682025702	0.096368829359200353
0.084120997315385568	0.093816327585723835
0.077483881266283555	0.091434321173873845
0.071869678892741401	0.089287774038465134
0.067061906191807477	0.087258280438967523
0.062900931743841926	0.085302674717263216
0.059260217420212244	0.083434615887415395
0.056047426251276525	0.081726930154293803
0.053191794138362204	0.080098998238241306
0.050635081158149971	0.078534636371876673
0.048334323422010383	0.077032123548595927
0.046251624541259695	0.07572996391418077
0.044370023656418456	0.074672058355993789
0.042662217312562804	0.073760358468284465
0.04108490689709815	0.072937491091807166
0.03963937844658872	0.0722596106942546
0.038335933988764552	0.072043157448701239
0.03709519175558576	0.071618769986947453
0.035941422255040635	0.070941708695332631
0.034873678033095337	0.070353196699884019
0.033973190094104197	0.068141078271442695
0.033061183230030537	0.066864385761387299
0.032267149537129371	0.065562794490347506
0.031393655076031847	0.064243864857680924
0.030698789142559656	0.062455266933232986
0.029976674919423844	0.062696930059464806
0.029361472249533383	0.060763046095580267
0.028623973414675923	0.059596683968468955
0.028088163334197898	0.058999145605988894
0.027459049728656478	0.05505127351589275
0.026841200790442891	0.053712688360880535
0.026456397123053779	0.053564200577422859
0.025841681934493304	0.049927211638407971
0.02533736419266016	0.050730529279669576
0.024904193943210345	0.049364768609525794
0.024515918969211022	0.048104705621734398
0.023945633176608468	0.046475541227356226
0.02376554223248465	0.048385900120863405
0.023315802517286707	0.046191610635364928
0.022839262591233259	0.044808290548643673
0.022553685342606961	0.045272867100813727
0.022154094608161513	0.043921799655373454
0.021944560600629805	0.044585557700979245
0.021382985991609232	0.040892062193594036
0.021089891960197199	0.039204335772990741
0.020880365416633496	0.040198937812197084
0.020573860830903856	0.039325936449847977
0.020303257435874564	0.040552095629834084
0.02004257658254022	0.039456666330379725
0.019653570206770936	0.035776772963067006
0.019356702698590012	0.034053580128154883
0.019060226823157122	0.03367000671389192
0.018979596615605963	0.034303932846008335
0.01863440975688355	0.033889183814238881
0.018377322214769353	0.032980629362759924
0.018255269185805115	0.032602240691922413
0.018115581244676233	0.032767784672750329
0.017806173723653777	0.032062568615460453
0.017639485563939964	0.031940771818428609
0.017253338895566232	0.029356611002796445
0.017280900613994548	0.032033142776396746
0.016988569914858472	0.029805872003272772
0.016789996924465925	0.028281248594794573
0.01665274967251382	0.029266186345822086
0.016619662166756428	0.03138490760460607
0.016205078274303817	0.025282860296460773
0.016180165170359372	0.028081980727127382
0.016115006758195612	0.026772451503188032
0.015732898727010256	0.02599569271485189
0.015602656652173284	0.026793890301073604
0.01542652528482283	0.025390836824028741
0.015219532643502676	0.025424342580597243
0.015254356550787869	0.025226407014514819
0.014919316394158345	0.022385968068437258
0.014952484082736681	0.023697495373542616
0.014710205177294601	0.02269627237920914
0.014637393573288478	0.024259370719184974
0.014382343511106749	0.021298902850533277
0.014317148734095536	0.021885617567860786
0.01424741327727338	0.023187637545572952
0.014219296236289987	0.023635561513856637
0.014072565111162082	0.022329394042831092
0.013887055598834361	0.02163468035277627
0.013936104092184962	0.025382022367657797
0.013774553556842624	0.022171633249698258
0.013704319276765665	0.023120407251410877
0.013689762894842208	0.022466511716214967
0.013455146964419025	0.021574727794444578
0.013265668901369813	0.020250188952824766
0.013244501648916355	0.021426579547176947
0.01304327461619194	0.019784404200610662
0.012976618474844716	0.020588149680151307
0.012923766382353062	0.020654367438627166
0.012885143197906004	0.021319312265482886
0.012788733972624602	0.020522106641699019
0.012454418741465424	0.017272541941310195
0.012576903168037929	0.018689188766587452
0.012327382761997241	0.018346386465971577
0.012456900368003246	0.020194237983537387
0.012344902402919342	0.019391104113584832
0.012238794489576011	0.019238240598630853
0.012181922441783299	0.017628778936501031
0.011957137025638548	0.017424105194953552
0.011934531293260744	0.017854190225337914
0.011729787418649064	0.017245915696804451
0.011850891235925797	0.017850752934726478
0.011767358422333668	0.017735899236209773
0.011734647506844114	0.018647902340585006
0.011551254983293393	0.017260506139542324
0.011546076222705729	0.016908078714693294
0.011463272383130286	0.016547779504497574
0.011397038648482337	0.01583624687664981
0.011295955057337078	0.016984495853094559
0.011256874300020451	0.015953048506839637
0.011166332220530747	0.015563578543699505
0.011024974402238059	0.015136143842179662
0.011017547766179582	0.01680130437733017
0.011075825341546768	0.016484595782066958
0.010897640637292944	0.01556073835109484
0.010771089392058848	0.015877885023008697
0.010851556655294069	0.016317150256366483
0.010749325279071248	0.016286260332756944
0.010567898265395659	0.014509058715103646
0.010780003675260897	0.014933075200895707
0.010565991701799053	0.01530697599530376
0.010561072920847707	0.013861747121506269
0.010508727643864848	0.015029208743631254
0.010291764629465761	0.013514063390586249
0.010412929398964963	0.014289720204627151
0.010286487953173787	0.014085182489368171
0.010367539678651306	0.015299372632679225
0.010167069436844874	0.0142827208143109
0.010198045116699903	0.014887796408437948
0.0099927834768801741	0.013450363665810004
0.010106002775847511	0.01352906108367097
0.0099640971456087073	0.01414091831725697
0.01002559527097149	0.014338450299870241
0.0099020228451251417	0.014385848956836278
0.0099213612746313906	0.013907770569602813
0.010058726747972551	0.015296767470631821
0.0097248910693764692	0.013160653834867059
0.0096768858725949196	0.013937933563193105
0.0097733525544623449	0.01452230749505184
0.0096552139994797951	0.013018067426341403
0.0095033030073651791	0.012502439712072478
0.0096339566853255558	0.014405516997060079
0.0095330218928937772	0.012345898188452293
0.009498266555319726	0.012787455184273327
0.0095299389303918607	0.013782103078461786
0.0094463057414765177	0.012815955317261473
0.0093984450973772452	0.013613964026430581
0.0093314998008213728	0.012889602048067914
0.0092485231436852458	0.012348079542832088
0.0093326302500732518	0.01369220421189358
0.009223035256345765	0.012492355477778862
0.0092136537349853023	0.012808249944359753
0.0091537312951912742	0.013194744331387511
0.0090405054297767237	0.011756741601007132
0.0091048595077967021	0.013487372973690211
0.0090428810726531812	0.012087624547568607
0.0089606137634570659	0.012039616784042067
0.0090857180589874516	0.014114681556135367
0.0088164468684440341	0.011946503533965529
0.0088202768161792285	0.011132176377520188
0.0089435029404692189	0.012663994137163929
0.0090030008033932553	0.012135492143282021
0.0087427107353106916	0.01137028530219558
0.008838566493336206	0.01294800358828945
0.0086955002406713701	0.011993366043906028
0.0087588034544323241	0.012046043389500839
0.0085994326968704838	0.01174141707101368
0.0086519378595254805	0.012496504608696415
0.0086092170186785107	0.011336562303836227
0.0085891140142640814	0.012578290310409869
0.0085598071457738747	0.011926773750091787
0.0084620513716402706	0.012101205421569691
0.0085841925155223341	0.011767665942785034
0.0084857530823444303	0.011832360468242813
0.0085304125413703021	0.011515972699003412
0.0083646559391802565	0.011442468184758556
0.0082924049485427632	0.011596233438808431
0.0083626667108930557	0.011069832751567614
0.0083750264946467895	0.011829212907246801
0.0082991093938457206	0.011082348645493654
0.0081826141099982062	0.010728855579645433
0.0082377929387417222	0.012194289897603646
0.0082276719929571755	0.010725437483380451
0.0080773360511009942	0.0099606922831749767
0.0080788248173896647	0.011409071925341963
0.0080332148614393403	0.01050363940476739
0.008036142395929655	0.010375423586459816
0.0081340579511300758	0.011073912949075298
