weight	lyapunov	err1	err2	err3	m1	m2	m3	std1	std2	std3	null1	null2	null3	f	stdf
0.0	nan	0.74078896041982434	0.12391124338170252	0.020914198899142457	34.572692267720399	54.41081716930487	40.565103346767941	27.653122064577378	39.623001358648835	41.657513037761873	99.710000000000008	99.719999999999999	99.690000000000012	1.0000076206513455	0.0010809449673176972
0.02	0.0	0.9055473581650425	0.93960033455385994	0.45152143163276159	12.31290128571006	52.320693348328561	130.44609903403565	11.628584982894763	46.805810825412763	102.01029791015394	87.530000000000001	52.320000000000007	25.48	0.61007854157090369	0.0010810501111958367
0.040000000000000001	nan	0.93487696346730798	0.95606494434886391	0.48349166328503329	8.6153249359104862	42.190092346752813	115.1912396512117	8.4569497433310428	37.635522282760384	98.816730021644418	77.459999999999994	60.279999999999994	25.719999999999999	0.43892791846577017	0.0010820668042228973
0.059999999999999998	nan	0.96085848987284961	0.96951945848687893	0.56351916040767625	9.656914110652183	41.452551232111801	162.48250096834857	9.5503135680018083	36.879838085070276	135.05694131832402	77.039999999999992	61.950000000000003	18.020000000000003	0.34276770607231954	0.0010840045402364833
0.080000000000000002	0.0	0.97355867217220116	0.98492545082952854	0.61461045768985767	10.080595072934633	42.285533370055262	162.38736783909107	10.082459966147697	37.265573212630123	134.86669048766854	79.109999999999999	61.229999999999997	19.18	0.28116892338749239	0.0010868802123763749
0.10000000000000001	0.0	0.97823675504189889	0.99074827667810561	0.62476085956634775	9.6382250342868403	38.114532309425002	120.88441768419145	10.010394040408602	33.417980469513168	105.90108098614105	80.840000000000018	66.609999999999999	21.949999999999996	0.23833714298388392	0.0010906039329808368
0.12	1.1102230246251564e-16	0.97656982433709305	0.99142704846143526	0.61907645595435867	9.1533181466642439	32.853409202128034	110.20771917008285	9.6081309190490867	29.527074666791226	96.341208189382684	82.52000000000001	72.030000000000001	22.84	0.20683007520557081	0.0010934888956675248
0.14000000000000001	0.0	0.97146578071870715	0.99022044370124485	0.64898141758395489	8.7781841457413883	29.224715087164263	128.39192622976148	9.3209101986068692	26.429111268289272	109.19048016908332	84.13000000000001	76.210000000000008	21.370000000000001	0.18268101016443353	0.0010974845983033903
0.16	0.0	0.96698959222791958	0.99057261866866231	0.71379246576076227	9.7602694406180976	26.539390356964578	151.30977354718866	9.9028105698870394	24.064428432459696	126.50094087247723	87.570000000000007	78.590000000000003	20.199999999999999	0.16358210251295327	0.0011013779796763871
0.17999999999999999	0.0	0.95965542230053624	0.9922633668751597	0.71765923632063588	11.659667719039497	25.166818130180769	144.26280646753881	10.852836111892143	23.416519738310321	124.14874829399837	91.310000000000016	79.709999999999994	19.710000000000001	0.14809978399575446	0.0011026957191396579
0.20000000000000001	0.0055664792197858432	0.96191619746249357	0.9899873489033254	0.73440279908547956	13.588020695426767	24.525219791532805	124.13128529981823	12.897665166865156	23.971682077515418	111.61854876409066	93.769999999999996	80.859999999999999	19.919999999999998	0.13529622463905105	0.0011034221439811163
0.22	0.0	0.96243049035748407	0.98507235725340936	0.74255780708991836	13.549726615708831	24.334083171889226	120.33361008912598	13.871420097373999	24.414515455711001	107.24490136015547	93.859999999999985	82.390000000000001	20.77	0.12453257396004554	0.0011068061376977665
0.23999999999999999	0.0	0.95892263148170775	0.98003949915340804	0.75500628635120848	13.920573776057916	24.488680866028872	127.51823467299432	14.428337637710541	25.276825932886837	111.52631831807653	93.959999999999994	83.620000000000005	20.500000000000004	0.11535838673353346	0.0011106044711946888
0.26000000000000001	0.0	0.95573644772481947	0.97442975228897966	0.76444889884774825	13.942130173318333	24.049590352281651	138.50594928808715	14.740192268254876	27.168753622894457	119.62459939182695	94.049999999999997	84.019999999999996	20.439999999999998	0.10744661034516576	0.0011130955203851594
0.28000000000000003	-5.5511151231257827e-17	0.95231373052649659	0.96867635576097189	0.7678541606086281	13.605712815053915	24.758996273530762	141.87310674980816	14.800478347786745	28.784456030742756	122.9558407300533	94.189999999999998	84.370000000000005	20.41	0.10055416744546142	0.0011178528711724247
0.29999999999999999	0.0	0.94873941482466506	0.96299613720388577	0.77148141469288933	13.494528280137647	24.963382241250471	136.7277088276411	14.198055955405414	28.730896852115912	120.44884238597933	94.319999999999993	83.569999999999993	20.73	0.094496492674357752	0.0011283845837854385
0.32000000000000001	0.0	0.94529420894865024	0.95764462896379698	0.77299884157544152	12.833175650722145	25.375371026299508	131.75412190160006	13.629136216118487	28.891600795223759	117.92473520056566	94.010000000000005	81.650000000000006	21.34	0.089130974819593964	0.0011458272569494121
0.34000000000000002	0.0	0.94275263592226499	0.95299674873641604	0.77513917348790284	13.027430967776695	26.718404319911201	130.50827472359285	13.981538957843361	29.602397365422043	116.6025826715744	93.859999999999985	79.169999999999987	22.770000000000003	0.08434558443600168	0.0011688217128630538
0.35999999999999999	0.0	0.94101594344014861	0.94933483443350963	0.77769353347078063	13.624166717608622	30.281108893426506	129.85166461666967	14.524259696250216	31.052958913792185	114.99136345857794	93.579999999999984	77.659999999999997	23.57	0.080051076593498388	0.0011959875722155483
0.38	0.0	0.94006568005611135	0.94549449072585434	0.77932878006418083	14.222000626018769	32.476908241219334	127.85117409693146	14.799301339961062	33.215679750682007	114.09163623749552	93.22999999999999	75.420000000000002	24.469999999999999	0.076175614977240597	0.0012269228387375973
0.40000000000000002	0.0	0.93965852282255946	0.94198260133809453	0.7782549396647116	14.432005052878472	35.664311647886592	126.62822634826856	14.80287363809428	35.288533028160799	113.77001683308647	92.799999999999997	74.109999999999999	25.969999999999999	0.072660669865570654	0.0012612935365311818
0.41999999999999998	1.1102230246251564e-16	0.93929740479656743	0.93864556608586724	0.77639599415914584	14.926649831224967	37.191739768060224	124.84281111969088	14.917612452048868	36.87941720884109	112.70052543011006	92.52000000000001	72.219999999999999	27.18	0.069458116074739673	0.0012988834704158998
0.44	0.0	0.93843074541370031	0.93588346763696728	0.77555125534897129	14.974260655021997	38.717463837732886	124.33025864722477	15.202441472512252	38.145581319334205	112.72795364434641	92.22999999999999	70.77000000000001	27.969999999999999	0.066528022866960398	0.0013398418507599059
0.46000000000000002	0.0	0.93737128296784322	0.93358543410372297	0.77435389642344021	15.106366583698119	41.130744592883346	125.92526121333192	15.201026819699573	39.054639255454546	114.1245195714026	92.049999999999997	70.040000000000006	28.849999999999994	0.063837014926201446	0.0013844850648945452
0.47999999999999998	0.0	0.9362709720387512	0.93131910097366766	0.77010281177531836	14.910037206594087	42.345379966272368	126.75507389209426	15.069812514402809	40.19338939183141	115.90193405137077	91.740000000000009	68.969999999999985	29.119999999999997	0.061356940729571111	0.0014332472571727275
0.5	0.0	0.93477338594832859	0.92885098127310484	0.76232156476720803	15.179290039365815	42.986588778648766	130.0140366551046	14.877230835841109	41.243098855866258	118.2713777810969	91.740000000000009	67.900000000000006	29.610000000000003	0.059063882837970774	0.0014864347267222976
0.52000000000000002	-5.5511151231257827e-17	0.93307576030700479	0.92597424274065931	0.7529206018297806	14.907581161141943	44.289633117183222	132.53006107633649	14.624782248300949	42.373874700284844	119.75697175705106	91.540000000000006	67.989999999999995	29.900000000000006	0.056937391935438522	0.0015442955135319774
0.54000000000000004	0.0	0.93131208125671061	0.92261880908175298	0.74193633928233527	14.611214410924912	45.178404307380632	134.0388547136485	14.455401385703272	42.909051437167548	119.79400378218399	91.340000000000018	68.300000000000011	29.369999999999994	0.054959928486688604	0.0016070026476542071
0.56000000000000005	-0.00075384375574416562	0.92958343412203148	0.91902720337855526	0.72879108388530434	14.835639009542319	45.13052517458658	134.93564548273625	14.424697436714808	43.002518214516741	119.47040143053353	91.420000000000002	68.11999999999999	29.009999999999998	0.053116319712252502	0.0016754089721896267
0.57999999999999996	0.00044587053479585746	0.92770155485335537	0.91557928313415116	0.71594579443713691	14.383888897813842	45.660059131747381	136.35959028495796	14.416149100672561	43.119482115271282	120.33723537209787	91.13000000000001	68.25	29.419999999999998	0.051393397083678662	0.0017509840735868653
0.59999999999999998	-8.9325661858155067e-06	0.92580572452630672	0.91186291034572398	0.70329108224571346	14.130527477938202	45.249358897715382	135.52546012708959	14.316011360644779	43.06937525496221	120.93938067914765	90.960000000000008	67.709999999999994	29.600000000000001	0.049779703412711471	0.0018378577619781484
0.62	-2.3229449696737968e-05	0.92399103588156373	0.90757054569500861	0.68742516371744322	14.323222729599376	44.840372477358905	135.20379371493814	14.131539919046176	43.198896460555666	120.33723759261004	91.049999999999997	67.269999999999996	30.800000000000001	0.048265211606475622	0.0019573450622849425
0.64000000000000001	0.0	0.92203605287461188	0.90195251355874306	0.65774643010649869	14.1621889472286	44.982288809449599	131.28399905210932	14.063770758383962	43.192149507218147	118.880298307424	90.919999999999987	67.230000000000004	30.649999999999999	0.046841256156375841	0.0023919215148286025
0.66000000000000003	-0.00050136380144882918	0.91990210124408445	0.89654962141787475	0.63712608499290968	13.884017809910844	45.360262128971613	128.77335637588072	13.74441613399072	43.411531726202867	116.81579015214405	90.679999999999978	67.420000000000002	31.440000000000005	0.04550349098868265	0.0034641345410433427
0.68000000000000005	-0.00056717032609250161	0.91425606222380973	0.88096509775338894	0.61146267400021581	13.501699476387941	44.82536795096231	127.07537076473355	13.193107112415344	43.01840777510359	115.53511181190854	90.359999999999999	66.909999999999997	31.549999999999994	0.044243082538744802	0.0044142121412044221
0.70000000000000007	0.0	0.91197135442182842	0.87458109308787846	0.59178641576016577	12.753536909872313	43.667272945886118	125.45265839989784	12.696645969592234	42.112921518942848	115.13774893409546	89.789999999999992	66.27000000000001	31.23	0.043054647720270553	0.005411156965110249
0.71999999999999997	0.0	0.91246737940744072	0.86922625574623713	0.56314376141551903	12.382047960948071	42.476526925239725	119.81375367175838	11.943233320892606	40.684048114095546	111.02851819030859	89.450000000000003	65.550000000000011	31.100000000000001	0.041931810241659748	0.0066460231122331976
0.73999999999999999	-0.025210454339123306	0.90694645660777196	0.86710651496532665	0.55644762189630836	11.500598919465581	41.126222569023945	115.1907153942861	11.386862209546695	39.100721126714973	105.78390236511594	88.530000000000001	64.670000000000002	31.710000000000001	0.040864188439445948	0.0075460119189182436
0.76000000000000001	0.0018018948255582707	0.89988557904748423	0.83529096011089421	0.50363021931861707	11.188709599220651	40.398793954927676	109.27307052751651	11.16716131185966	38.09369992299893	100.11810212223833	88.079999999999998	64.159999999999997	32.220000000000006	0.039840964539669607	0.0074229109312337182
0.78000000000000003	0.0011473721356555103	0.89121932566039086	0.81806641525272705	0.48931941327299916	10.630437944194716	38.860573055909228	106.2407665597993	10.86044510370939	36.452908582746275	97.254089288237395	87.379999999999995	62.769999999999996	30.539999999999999	0.038873121039375659	0.0080132874360012065
0.80000000000000004	0.00010510777194223616	0.88381565330774925	0.80269927497968108	0.42620290154489676	10.230405027764766	37.659771492115183	103.64485149081938	10.181481919331679	35.699582968754996	96.159897253616208	86.780000000000001	61.530000000000008	29.530000000000001	0.037960525115406554	0.0089007980833961751
0.82000000000000006	-0.00051109970215195723	0.88186051774497842	0.76103273778360836	0.39379782503536548	9.7852131390786958	36.502892257474755	95.644014063601276	9.7490968278989172	33.911466057118268	88.46572674214508	86.080000000000013	60.950000000000003	31.350000000000001	0.037099204320775098	0.0098634553998492615
0.83999999999999997	0.00030708319742687469	0.87385134509562956	0.7212798504480874	0.36654331495692044	9.121984373529596	34.687643611380921	90.224044749524168	9.3424175847275031	33.00845749342708	84.052263351670035	85.059999999999988	59.430000000000007	30.82	0.036261861292588897	0.010474274759655917
0.85999999999999999	0.0027121262176944359	0.84770902958745131	0.63396735259616244	0.34567467225926407	8.5587771853607784	32.869930707380647	86.483918374253719	8.7677157724998978	31.75370821777252	80.083933448655841	84.090000000000003	57.729999999999997	31.880000000000003	0.035483387279755488	0.011026771290994813
0.88	0.00010900658399236763	0.85483676829094191	0.64495662194874837	0.37034155903683413	8.3414483101008194	32.221617492466066	81.927637945703566	8.5250615624649235	30.970728187488596	75.309087476999906	83.469999999999999	57.180000000000007	32.140000000000001	0.034736962739133702	0.011973333772674816
0.90000000000000002	0.00041341982833323365	0.86114402023622072	0.68520868325781814	0.45112231917766338	8.2795385976615652	31.283526324482114	76.471706519072228	8.1370540231775088	30.199838811731887	71.199832203672202	83.11999999999999	56.299999999999997	32.399999999999999	0.034025633441389633	0.012806936064630403
0.92000000000000004	-0.00033047510366403438	0.83291056807289487	0.6266371386801628	0.44770059531349748	7.8849511875137397	30.166906465405976	73.645516635332029	7.8198133696543861	29.341437868164984	67.840623111872773	82.440000000000012	55.620000000000005	32.32	0.033333542345784603	0.013513678268030729
0.94000000000000006	0.00028124730353987508	0.82058084465881209	0.63374027236636299	0.42617032531409055	7.657732922584394	29.513238848188177	70.963705727646328	7.5254396835527873	28.091183237192126	64.974211590702069	81.689999999999998	55.220000000000006	32.340000000000003	0.032673900034658407	0.013021259614921918
0.95999999999999996	0.00043865166754601811	0.82156299575482117	0.66749936252199604	0.43539130617318833	7.3253328455479716	28.765421776212207	68.537830903847791	7.1275914116761614	26.922507576680953	62.71389902536761	80.890000000000001	54.790000000000006	32.630000000000003	0.032049586129388255	0.012914586452017245
0.97999999999999998	0.0089069936411217653	0.81477902953096515	0.62456661288697746	0.40639775839610853	7.1707029176455439	27.40608906469965	65.575427097048987	6.9329648571897708	26.425983845334081	61.496830132301895	80.659999999999997	55.010000000000005	32.829999999999998	0.031458073228398345	0.013566977410548456
1.0	-9.6612422430624473e-05	0.83163076965773952	0.67243479280707208	0.4053815732960061	6.8366791488400604	26.340375395490646	61.466800698083077	6.6412054120654913	25.383976928270009	57.042731992841276	79.800000000000011	55.090000000000011	33.440000000000005	0.030878112569736542	0.014444586873341336
1.02	0.00873953050278891	0.82580211386520441	0.62959947217078693	0.38994341122592913	6.6911750706029576	25.177132231153898	57.79695086294754	6.4508943551987628	24.020866686718591	54.698053282144954	79.140000000000001	54.429999999999993	34.090000000000003	0.030333182205530662	0.014214660820710606
1.04	0.0047032900454723218	0.83168956785382431	0.63833498350048812	0.35232514457769437	6.4226593604566631	24.235712950592227	56.117859279487526	6.319265082376754	23.305320542806555	52.207609653147145	78.22999999999999	54.319999999999993	33.460000000000001	0.029778480893744897	0.014233655061599912
1.0600000000000001	0.0003615555480756317	0.8080643169561903	0.66630370526451865	0.38925635392846941	6.4907032702132934	23.306659765570963	52.843302667205514	6.3254198402095039	22.434577813472607	49.567756656727845	78.340000000000003	54.200000000000003	34.410000000000004	0.029267408424174041	0.015094269235999902
1.0800000000000001	0.01190535255803876	0.75301186866813963	0.63173423704030462	0.37678115297938131	6.2704531679777116	22.679603160849709	51.808647770715638	6.3141263938127317	21.687533210291484	49.084131334241889	77.810000000000002	54.450000000000003	34.450000000000003	0.028772071003786627	0.015230210332367277
1.1000000000000001	-0.0017595917820127701	0.76093031607297812	0.63463657957925945	0.35493439018908884	6.0711340856933198	22.191385242274119	50.884328993393474	6.0411918115424745	21.023578665666342	47.911200417070802	77.109999999999999	54.829999999999998	34.140000000000001	0.028288332802066329	0.014896890405133404
1.1200000000000001	0.0069961436715578629	0.73006475382362646	0.59500163028116659	0.34620500820922928	6.1126263553672926	21.141859384606015	49.27160550424918	5.8751688497629884	20.246835087024451	45.963845224511957	77.239999999999995	53.960000000000001	34.390000000000001	0.027819008090564569	0.014812275255700275
1.1400000000000001	0.019672129757109	0.78280223700566764	0.65860650297305712	0.36814339946981101	5.8899861607757291	20.673165011801462	48.474193891383983	5.6983133229085468	19.769759328556351	45.284782933225401	76.140000000000015	53.75	34.100000000000001	0.027377287753048363	0.015673810883077254
1.1599999999999999	11.021662875083404	0.73237495810088471	0.56446496312458394	0.29147728878828338	5.6867855180084756	20.035658449572555	46.713639029701554	5.5984650454687852	19.51439430486743	43.189150987595085	75.239999999999981	53.61999999999999	33.340000000000003	0.026905062021210485	0.014178552405435479
1.1799999999999999	11.035980919656472	0.73204485800518815	0.5967727125370913	0.27732764843839258	5.6589063035653302	18.960963226445827	45.22669775478839	5.6730390143394427	18.075085058392879	43.382537883145439	74.88000000000001	52.939999999999998	34.740000000000002	0.026512140524926904	0.015923763418480279
1.2	0.0064549016742627965	0.74585595001999494	0.59631554940752762	0.3099419308516842	5.7130090797861062	18.79346201863115	43.218484113660054	5.5866971105726071	18.298939178853921	41.571273589132758	75.370000000000005	54.510000000000005	35.640000000000001	0.026130863111211072	0.015021033841954936
1.22	14.183426248532086	0.7280919938839826	0.61927453716690462	0.30312599177876831	5.5728935187208037	18.077539133424064	41.591855123196986	5.3758278716163916	17.484906033478392	39.042851676704586	74.430000000000007	53.600000000000009	35.739999999999995	0.025717712242270076	0.014171723787308427
1.24	14.737913202062064	0.73342027282773015	0.60094101128094846	0.33540697025277255	5.4389542521530334	17.458658048434305	40.278067991963013	5.2329440678825536	17.067922122696739	38.296814252079926	73.840000000000003	53.399999999999991	35.579999999999998	0.025344520952822098	0.013794106114504101
1.26	14.913235193113323	0.72775895216654651	0.59280649361973403	0.29484500855545315	5.3276599305397356	17.065093875996745	39.014891796511805	5.1475136914633506	16.366699490428566	36.293207351702868	73.63000000000001	53.829999999999998	36.130000000000003	0.024983778543146297	0.013918612693904871
1.28	15.25805319132736	0.70772525317619017	0.5686687969422638	0.24885741608788009	5.2922089417781661	16.52525348466801	36.854275848167084	5.0440908789309598	15.914549440549148	34.663029075622504	73.340000000000003	54.049999999999997	37.279999999999994	0.024603469720101568	0.014793795919688709
1.3	15.256086469139687	0.71444094792750579	0.58148333575261391	0.2658428284679159	5.1481811062039053	16.186149071342975	35.587277845687026	4.8746672137504143	15.296491841049257	33.569902574520526	72.47999999999999	53.560000000000002	37.119999999999997	0.024261462170573123	0.013797020008961981
1.3200000000000001	15.37302235050422	0.74949284236645897	0.56360949542626071	0.29836104831940491	4.9942650849915484	15.740935015919169	34.279000176688697	4.6825583876467052	14.915759934946848	32.750146323518109	71.709999999999994	52.5	36.479999999999997	0.023937714092553665	0.014962802888190676
1.3400000000000001	15.298267926228306	0.7156260329168499	0.59170680625618677	0.2897882857654509	4.9527410877487696	15.468776332179155	33.064504832659225	4.7235516754409597	14.624082806872863	30.725679577181278	71.159999999999997	52.529999999999994	37.680000000000007	0.02359806349295776	0.014400778557890116
1.3600000000000001	15.439027116498027	0.67054581148331649	0.50833725626505299	0.22800297360285468	4.9559802659475505	15.384675901878609	32.347292710540991	4.6852378599729914	14.555710923695198	29.978662029096618	70.309999999999988	51.980000000000004	37.5	0.023259144513597507	0.013702499020000789
1.3800000000000001	-0.11958757014528314	0.67329396821037357	0.54388774684890273	0.25229766580524393	5.0572373124675263	15.328434100093602	31.129426905462555	4.5935991751366076	14.542419958909729	29.329529838830553	70.329999999999998	52.410000000000004	36.379999999999995	0.023001993953255355	0.013460224394174025
1.4000000000000001	15.333881883432396	0.70316258774069396	0.55490306498109843	0.2732547390375234	5.0316891131029191	14.743977616166481	28.609513396768897	4.5420668051670852	13.750220646143536	26.652040784373821	69.400000000000006	51.510000000000005	36.959999999999994	0.022697556483208172	0.013346649444294459
1.4199999999999999	15.339263386292844	0.61614285643631972	0.52962688463080743	0.26310093677021529	4.9515947248808372	14.558731801756206	29.682567130894643	4.4662394161623391	13.35598475452225	27.856606443642249	69.400000000000006	51.359999999999999	36.410000000000004	0.022401306828938428	0.012957210174472928
1.4399999999999999	15.363025825019392	0.62070374807622097	0.45079781124106394	0.2208667542704493	4.9500251932371082	14.473166201359742	28.461500462351211	4.40225925347778	13.387441028423686	26.038095173055012	69.25	51.210000000000001	37.480000000000004	0.022122340297726327	0.013324854215235795
1.46	15.359988460676192	0.62722983292408008	0.4677622184727836	0.14747734156061187	4.8284815714260336	14.516830698165071	28.390779053869114	4.4875692173110364	13.76841804624468	26.623820401619742	69.210000000000008	51.579999999999998	37.799999999999997	0.021830405927254923	0.012432339571061829
1.48	15.349795290876033	0.62618508484472657	0.48297031430766146	0.24347594610960055	4.8893348583471248	13.937356767073982	26.400685311273225	4.4536922191724759	12.957700731398319	24.762110820655245	69.590000000000003	52.229999999999997	38.909999999999997	0.021598033998476422	0.012519006449978479
1.5	15.289323253379429	0.55894743279605252	0.46651636724720624	0.18339321112765231	4.8554683895226027	13.794472475480088	26.597086915173257	4.5176975808530049	12.940466465995883	24.719236026900198	69.710000000000008	52.539999999999999	39.640000000000001	0.021291696186264763	0.012398164650649921
1.52	15.477915426105746	0.62042101280949424	0.48869511296328766	0.25075109771554849	4.8048326527005045	13.80907302776599	27.251021116236007	4.3530647763667281	13.028102022972396	25.453166404493381	69.359999999999999	52.13000000000001	38.809999999999995	0.021061833460201122	0.012872778166915667
1.54	15.553090064393571	0.56409971168810258	0.43037182043300282	0.16995895486235973	4.6454689214351585	13.474547613300327	27.581040331948834	4.1886348504026047	12.574642676603627	25.360260140779523	68.459999999999994	52.529999999999994	38.369999999999997	0.02082410352474905	0.012206796348205332
1.5600000000000001	15.704347730020411	0.54308291445948209	0.50221831512181814	0.25872614452937082	4.7798012640147149	13.284531914293016	27.501294598836711	4.3564049979208503	12.536996659295214	25.80738179679927	69.530000000000001	52.399999999999999	39.850000000000001	0.020573140836747127	0.012861691146068763
1.5800000000000001	15.495180624920957	0.63221797405546531	0.52438431718953427	0.22751505151288681	4.7419127934272058	13.18462035601587	28.934130851662864	4.382013927701065	12.246040279085008	26.940466518123635	69.690000000000012	52.459999999999994	37.960000000000001	0.020411069494106305	0.014610538654457744
1.6000000000000001	15.621542012100463	0.60697143447056634	0.43920741050986922	0.18325229872003373	4.6728956668721562	13.303767087006387	26.693769920585332	4.3384885434459459	12.42736964473227	25.173121217458394	68.539999999999992	52.79999999999999	39.129999999999995	0.020127345704836652	0.012183055275974077
1.6200000000000001	15.697843210679428	0.52405693751342797	0.48759828972263575	0.17468686086815741	4.6617038921731693	13.114897384460331	26.623816510689814	4.240999190596078	12.084270993909097	24.33699257812561	68.090000000000003	51.980000000000004	38.060000000000002	0.019923977959740248	0.013240240543633607
1.6400000000000001	15.758601105039586	0.56090995843539448	0.46587602100116482	0.19524123124210729	4.7032736886991025	12.809362848769279	25.042256343784224	4.2575584959251209	11.735428284831714	23.815962516801115	68.560000000000002	52.530000000000008	39.829999999999998	0.019651414373316124	0.010716771447396375
1.6600000000000001	nan	0.5118971746832377	0.49106691955685899	0.19464793074861525	4.5751808609927362	12.599236154927251	25.433205926392183	4.1315235594273592	11.689057234936463	23.425844487788819	68.100000000000009	52.890000000000001	39.160000000000004	0.019518494426109177	0.012648766617749333
1.6799999999999999	15.53448729463706	0.55470766564311125	0.4513798569044713	0.18550671180884842	4.6430773711655764	12.774486623268871	25.652274286400274	4.2750657963411216	12.093078850698955	23.650362651069653	68.350000000000009	52.279999999999994	39.500000000000007	0.019302518272938628	0.012660919696453887
1.7	15.512121493380929	0.54111602497183109	0.42519555741563941	0.17800945326821258	4.6692510674710208	12.932902822937075	25.661562662962847	4.1535191133602076	12.201103221545944	24.025505049786595	67.719999999999999	52.609999999999999	39.199999999999996	0.019084126079282608	0.012613754335649586
1.72	nan	0.53135533639160182	0.41986248122751724	0.12368425363479074	4.6688953150818699	12.541956969216438	24.655839593223551	4.2336000611177438	11.683502812644971	22.364234384272173	67.27000000000001	51.190000000000012	38.260000000000005	0.01886581254118885	0.011381904906934999
1.74	15.742864781556536	0.54834387076244961	0.41065829496922135	0.15961664386314178	4.5039489136943045	12.886138758126773	24.457847682368822	4.2441826596462437	11.726176637401903	22.482428283298013	67.180000000000007	51.850000000000001	38.190000000000005	0.018698185761823631	0.011705729402829998
1.76	15.585427209236876	0.51117112548628263	0.44409091606011719	0.16216039469675209	4.5872819581195916	12.306653621073519	23.604121047768686	4.0746306447642837	11.462563920515448	22.031821890092917	67.289999999999992	51.520000000000003	39.870000000000005	0.018463020892938598	0.010880213575819499
1.78	15.506670352448923	0.48874743631258732	0.41798276342922919	0.13473413943635099	4.5767612657810606	12.405208961836681	23.779932961107811	4.2061437809632416	11.533258772978021	22.46380992999492	67.129999999999995	51.810000000000002	38.690000000000012	0.018266326041165341	0.010148055206942275
1.8	15.451097362852172	0.45232893919367356	0.43964100298364467	0.17047903157910815	4.4923111449192534	12.165779560540654	24.526284835055939	4.1448569208219679	11.457023071673543	22.742039686521991	66.810000000000002	51.410000000000011	38.900000000000006	0.018087143062628399	0.010404261045533953
1.8200000000000001	nan	0.50882540525978759	0.43041571636863507	0.16183495031947054	4.5746475053554958	12.330672539434236	26.481701016302264	4.2100826320248474	11.548565673245374	24.576717183522629	67.329999999999998	53.299999999999997	38.810000000000002	0.017966152345383186	0.01213268545582393
1.8400000000000001	15.485985064430878	0.43634910888090372	0.42550474865550181	0.18497512113234466	4.6992507665135355	12.428940331518138	24.033151696786188	4.1861445067888585	11.718784317644211	22.811871083102897	66.980000000000018	52.189999999999998	38.980000000000004	0.017791356467536112	0.010426884618506261
1.8600000000000001	nan	0.45941225359676308	0.42615594640610138	0.18292436793373515	4.5440250813800054	11.953927923502031	22.557455207174311	4.0827445294321656	11.008578343717545	21.127385469006065	66.5	51.519999999999996	39.239999999999995	0.017649421373014205	0.012440676538393276
1.8800000000000001	15.678080026195317	0.49900043839067065	0.39938175185582653	0.10553053370176051	4.4554727702975843	11.907059106002716	22.124328670859292	3.9758966696576108	10.99525323964968	20.337993198238447	65.659999999999997	51.810000000000002	39.540000000000006	0.017404643476440586	0.010461675415777711
1.9000000000000001	nan	0.46555768523721586	0.3636408888516528	0.12170677219476134	4.5376907652278575	12.130644938302645	22.808254771793315	4.0490739548170005	11.029126332031899	21.101462321888867	66.259999999999991	51.469999999999992	39.450000000000003	0.017304779173051218	0.01150758462178751
1.9199999999999999	15.505616089592243	0.46341421816869205	0.39384645631864673	0.17196628812411366	4.4898753780887155	11.883002278546586	22.059123043543607	4.0172806751012313	11.081820726245132	20.561495206287397	66.289999999999992	51.659999999999989	39.899999999999999	0.017126667561984676	0.010320216976411315
1.9399999999999999	15.510926339345744	0.51379508784655825	0.39911317677475699	0.08966750078384049	4.4894453096060332	11.675077537734285	20.992887364987403	3.9527612948731927	10.757864014701989	19.441150742980863	66.159999999999997	51.310000000000002	40.019999999999996	0.016965609937101028	0.012479428579205063
1.96	15.457740288915938	0.52700443537810249	0.47564711185547875	0.20439193348068149	4.364562790967609	11.935762093761962	21.806011138266179	3.957970934105687	11.033976812278256	20.236267822912659	65.550000000000011	51.890000000000001	40.540000000000006	0.016857331763686156	0.012130834154729686
1.98	nan	0.39737100443486978	0.37531204754686093	0.12175131182255092	4.4306320953380647	11.907413878325555	21.921787631783694	4.0318904698467453	10.860456534467422	20.418037083912449	65.890000000000001	51.470000000000006	39.000000000000007	0.0166489709378147	0.0095890783523993675
2.0	15.482192950716028	0.44797270640563464	0.37472362200991061	0.14362619482189518	4.4609443975418142	11.776983195343274	21.101464972930255	4.005276217727733	10.778008646507079	19.417861300398748	65.039999999999992	51.230000000000004	38.839999999999996	0.016496866527923114	0.010340724528148966
2.02	nan	0.39905847822775103	0.33732369895141467	0.14278765484290151	4.5025753440607037	11.458548909683074	20.440520695195282	4.0571949845372242	10.425785077548392	18.933160958135311	65.010000000000005	50.640000000000001	38.869999999999997	0.016453517692458872	0.01171654217758554
2.04	15.353677746163198	0.41513482897171211	0.32790020147271026	0.11502242623467174	4.4814709306702394	11.793034061046715	22.246436470525389	3.9537501164770932	10.854904701668101	20.64712152467461	65.899999999999991	51.840000000000011	39.859999999999999	0.016221735100756425	0.0095020633428089495
2.0600000000000001	15.476714817928436	0.43515984673115637	0.36095861174611882	0.13627631122678166	4.4258064448221486	11.542677085683898	20.874069041713831	4.0272867008739128	10.555627754981312	19.480499416623243	65.38000000000001	51.189999999999998	40.059999999999995	0.016096275937852584	0.010179645025271421
2.0800000000000001	15.292940738519679	0.45202283766373608	0.38029293228067412	0.14252989163397931	4.5475623374601017	11.735387526219913	21.139404715146647	3.9530435116166642	10.848228668937873	19.894537031589355	66.030000000000015	52.300000000000011	40.859999999999999	0.01607648385053518	0.01286025720226593
2.1000000000000001	nan	0.37936243322983881	0.28171271429982547	0.12693189036399616	4.4771234976007968	11.726321321476936	20.546542448992419	3.9633154884075319	10.686844280052867	18.920358593585149	64.569999999999993	51.530000000000008	40.450000000000003	0.015773630702944939	0.008766477254204744
2.1200000000000001	nan	0.43037271412810696	0.32269252414242111	0.093249724136941839	4.4948368842688957	11.613591856609023	21.377758929594467	3.9576398697394026	10.525123983003514	19.651353595649017	65.320000000000007	51.719999999999992	40.770000000000003	0.015739764918069558	0.011139864919381116
2.1400000000000001	nan	0.43223103159449805	0.38078399507524974	0.11853136044733836	4.4637993529719093	11.645503941367839	21.112533511768021	3.9690566780866527	10.679597258165213	19.929121088891097	64.47999999999999	52.100000000000001	40.769999999999996	0.015566750529639049	0.0093461878585168155
2.1600000000000001	nan	0.40501352095179682	0.29312299352792354	0.059802977960658296	4.3430494375138666	11.479715584871824	21.729756514162343	3.9252558166239027	10.103236890849576	19.350681625032127	65.340000000000003	51.010000000000005	40.180000000000007	0.015442044796108991	0.0099424023473096215
2.1800000000000002	nan	0.32094420184357847	0.26639844994144513	0.082669878820275891	4.4126784598846793	11.785177152754944	22.606505515786822	3.9048296110768712	10.736611965920531	20.843736949913929	66.030000000000001	51.959999999999994	40.540000000000006	0.01529404591380849	0.0082666462493738956
2.2000000000000002	nan	0.39305091620573107	0.29746198269628132	0.15889553595785474	4.367853641777014	11.747004828001275	22.524758809919685	3.9822674966531926	10.88477126553224	21.31968268524831	65.549999999999983	52.510000000000005	40.719999999999999	0.015187843323514272	0.0097578997446820977
2.2200000000000002	nan	0.44412481792792874	0.33088071622433518	0.11146854748851531	4.3567991722823942	11.571363013184705	21.934090087794882	3.8657539664603333	10.405040485570165	20.003793646881	65.450000000000003	51.420000000000002	40.039999999999999	0.015171217292423964	0.011881673968482487
2.2400000000000002	nan	0.39161794761952579	0.28776509809754902	0.095493377966826318	4.2507319724035	11.234710488049144	21.219407676231359	3.8577763424137936	10.109339002746726	19.258701439488846	65.340000000000003	52.330000000000005	41.400000000000006	0.014998509332639501	0.0097386066727493861
2.2600000000000002	nan	0.42450192107770207	0.31289294485804631	0.10191705380092546	4.2691105013538069	11.523036272940653	22.973271552600494	3.7896897638573912	10.380589941366296	20.81164771257891	65.27000000000001	51.910000000000004	39.829999999999998	0.014830463153642375	0.0091015744252779598
2.2800000000000002	nan	0.36051002816403954	0.29621580393931729	0.11576798871880782	4.2553378450645862	11.378002493355556	20.560971909408085	3.7793515159480697	10.443605461622328	18.631350233835278	64.769999999999996	51.810000000000002	41.180000000000007	0.014790295436262407	0.0096431260866429065
2.3000000000000003	nan	0.37280536634962086	0.31006053607880929	0.096777083281990098	4.4049062489143607	11.438238620112916	22.040166715836332	3.9724300177532457	10.592945978860278	20.035274423714817	64.949999999999989	51.38000000000001	40.369999999999997	0.014618570181918002	0.0089391315049466846
2.3199999999999998	-0.8748063368263107	0.35523272453234067	0.21532830971525926	0.086247136948594483	4.3638822139007392	11.823544263080498	21.498387825814	3.8994722183319217	10.779840150512008	19.699890809699312	64.789999999999992	51.640000000000008	39.070000000000007	0.014565384131547879	0.0097216228035606599
2.3399999999999999	12.81397347807075	0.37220437379943833	0.23598037802880376	0.066884218338091245	4.4330635832598402	12.036422771434832	22.120162725304574	3.9421856503646735	10.941568338894267	20.368926062259284	64.900000000000006	51.230000000000004	41.009999999999998	0.014421523145839055	0.0096789704081390211
2.3599999999999999	13.244121257780856	0.35337400692496601	0.27666571940194762	0.10709894151125854	4.4041345963228542	11.549076041241118	19.645965368471447	3.9273829418439647	10.589914716561903	18.428909256295107	64.640000000000015	51.439999999999998	41.079999999999998	0.014262094956065771	0.0079320943060880202
2.3799999999999999	14.244315089278944	0.34099167972452404	0.25508151383747224	0.11909473052959496	4.3250776387426537	11.477747343853116	20.132331591541231	3.848342613496782	10.422391242347715	18.439337493157936	63.779999999999994	50.799999999999997	40.010000000000005	0.014214599011422562	0.0098514543252927189
2.3999999999999999	14.041670161499974	0.33286444478862903	0.2761425280193045	0.10068762318341043	4.4406307174777711	11.611042932550832	19.683051778027874	3.854965069778578	10.720336419414576	18.18778913253713	64.169999999999987	51.170000000000002	40.630000000000003	0.014145684861778959	0.0091690496742419161
2.4199999999999999	14.363681331749662	0.38128427460481062	0.25750566678867309	0.10462278452545584	4.4125594234981502	11.434741469986225	19.221082467256387	3.9981087319546389	10.557931890805074	17.636953746905238	63.879999999999995	50.870000000000005	40.469999999999999	0.014080862315257381	0.010936300953076239
2.4399999999999999	14.760760983611583	0.39771617694330608	0.25871665217723855	0.075670517726766473	4.4320926212576381	11.422489662911392	19.027346543170776	3.9465720295776672	10.472501236368704	17.87171585352624	64.150000000000006	51.350000000000001	41.010000000000005	0.013908271078256634	0.0090100203109400555
2.46	15.006162688978019	0.37143130494561116	0.26729815691835007	0.085693101699586952	4.3951957839729117	11.431244358535565	20.159242329798424	3.8278622505173985	10.439116332320948	18.782144275400881	63.950000000000003	50.939999999999998	40.620000000000005	0.013822699415847345	0.0087045129375931118
2.48	15.139606326180054	0.40213203231938915	0.26742131188754792	0.11655581375685198	4.4140777779004248	11.317285573549924	19.367278157448148	3.914852566750529	10.303076977586947	17.755617509143441	63.720000000000006	50.869999999999997	41.019999999999996	0.013746479734705441	0.010561059425179282
2.5	15.137405553693958	0.37994085420567203	0.22516407535544808	0.07192146903667615	4.2547265589672376	11.285700045217935	20.120900651282231	3.7425713477381506	10.177118111538462	18.273595979939081	64.159999999999997	51.660000000000004	41.140000000000001	0.01362310676844147	0.0085698885815218943
2.52	15.404643246522676	0.34535866986427849	0.21362806643471863	0.091704091624758927	4.4079758091223606	11.344649266553983	19.563284750659641	3.8940835428591649	10.15776305711584	18.043559481289869	63.450000000000003	50.750000000000007	40.079999999999998	0.013523083721623069	0.0084861380343750174
2.54	15.474301613700957	0.31208644844808509	0.27410820405153025	0.10604760182114951	4.4106506995657142	11.156170061092739	20.385559970967002	3.9487281424941201	9.8823143911107731	18.245150228718835	64.319999999999993	50.759999999999998	41.060000000000002	0.013509389378643566	0.011145076725285885
2.5600000000000001	15.471142578338043	0.29396330331834175	0.20009740406867915	0.058275896325181722	4.3153336375368152	11.270685056868718	19.915833389731848	3.8060619299186991	10.404705846176977	17.896693113631336	63.319999999999993	50.979999999999997	39.850000000000001	0.013365437802520414	0.0086152542511314031
2.5800000000000001	15.070053270446611	0.26763404817259201	0.2245585425391412	0.073471650213378412	4.4130069773769787	11.293413375434781	18.962382582190731	3.9613050774033214	10.156906094151207	17.592294841482584	63.629999999999995	51.25	41.530000000000001	0.013263869515860102	0.0085430745439092903
2.6000000000000001	nan	0.33426963235661289	0.22828430935820929	0.065643436149876361	4.4824162429572745	11.473355965309484	20.083927729977376	4.0207129956831142	10.488691033207875	18.052982399019079	63.200000000000003	50.589999999999996	40.530000000000001	0.013175561499322874	0.0079681387058668837
2.6200000000000001	15.614055556561169	0.33156677265876611	0.26735772958315762	0.076108946866195973	4.4504233484777327	11.350726045265988	19.26866942022615	3.9677243292001676	10.259858313074137	17.848492252403855	62.689999999999998	50.68	40.670000000000002	0.013094495117013763	0.0080882888224053876
2.6400000000000001	15.533263537272211	0.31313142626131585	0.22858858463414719	0.049232823742239661	4.3769780456265943	11.399183636596183	19.883770064273779	3.852743702192936	10.420150514705702	18.449330939577536	63.219999999999992	50.560000000000009	40.75	0.013013059698252871	0.0092327818920084105
2.6600000000000001	nan	0.2945777842832048	0.21909971787108859	0.063545902959153383	4.4703963580273918	11.242716354044052	18.997458078983716	3.9234426919815144	10.228277019419847	17.36266583482692	63.189999999999998	50.919999999999995	41.049999999999997	0.012954556650091747	0.0081407218304645097
2.6800000000000002	15.580358039105162	0.29513159224985808	0.23047765980496576	0.060570746796580387	4.4386364427655893	11.311851000116787	19.689539685168665	3.8783510200671807	10.14159669238445	18.227843930065816	62.799999999999997	49.920000000000002	40.589999999999996	0.012881513080327495	0.0086035618588717715
2.7000000000000002	15.663391844197589	0.35307372892841887	0.26964631974970338	0.073693494654928235	4.3552658189188964	11.393324079380925	19.644557161565626	3.8056508326672125	10.028912472083212	18.041232387729558	62.390000000000008	50.320000000000007	39.740000000000009	0.012830585161878062	0.0096695441914885147
2.7200000000000002	nan	0.31634288657086118	0.21749172383201437	0.097351115172659569	4.4729653530105544	11.105851397610442	18.54798041509514	4.0680706016733215	10.042992622361927	17.000589744319299	62.549999999999997	50.420000000000002	40.600000000000001	0.012682013061215769	0.0076752257251922985
2.7400000000000002	nan	0.34286390738100048	0.22525836835244828	0.074655053023328782	4.4509244400962649	11.234053843611266	19.160111297495796	3.997791166832029	10.25800593364812	17.401338165506761	63.549999999999997	51.210000000000001	42.680000000000007	0.012670413116732851	0.0110366675729138
2.7600000000000002	15.512796781676087	0.32179089097281011	0.19852633317341961	0.031540864540455245	4.48163027460701	11.710960123779319	19.136148263413485	3.8739097448583735	10.388033387156375	17.815002243095485	62.5	50.07	40.589999999999996	0.012553455968631768	0.0090619494192016384
2.7800000000000002	15.486965197429708	0.31957549445933847	0.23223487613067806	0.063018841758744143	4.3500690621405038	11.512525404508356	19.76653680673531	3.8600895449335804	10.504142776298233	18.27158098772292	62.609999999999992	50.010000000000005	40.57	0.012401771425756771	0.0079036620877573991
2.8000000000000003	15.450934103020804	0.33528393718351218	0.2264890195118178	0.06406375623525043	4.4713700759875552	11.377284771508688	19.088331306460525	3.9631044881905582	10.260975460493489	17.632795516509873	62.879999999999995	50.039999999999999	40.769999999999996	0.012496760231825894	0.011405762107187493
2.8199999999999998	nan	0.28825844048380445	0.18368112284200305	0.057551147671575431	4.2987843269490709	11.221268788323229	19.729022411262989	3.7653049905191742	9.8755751980645226	17.815337937900335	62.920000000000002	50.729999999999997	41.040000000000006	0.01233379968167746	0.0083806314631730255
2.8399999999999999	15.505678681308279	0.30729657139855798	0.20899400398855578	0.047616955776970976	4.5823287854126491	11.275458404858131	19.24891356970565	3.936833803351528	10.190542366788998	18.000067695200247	62.439999999999998	49.539999999999999	40.349999999999994	0.012257747655668682	0.0081332253671319906
2.8599999999999999	nan	0.31168893562323802	0.23927814341984838	0.040105999226259084	4.5134653245813832	11.275989226775653	19.263142918028588	3.9310463351217697	10.21947286427274	17.776055737871911	63.099999999999987	50.810000000000002	40.079999999999991	0.012174356983737535	0.0084299589962748504
2.8799999999999999	15.398602657234362	0.30000429444814858	0.21056647048030763	0.051274553954428093	4.4916569217135702	11.287337983517634	19.266386204772871	3.9528897582163034	10.206792006615963	17.420091630578639	62.969999999999992	49.549999999999997	40.480000000000004	0.012048098278720097	0.0079335356313792009
2.8999999999999999	nan	0.33209384117015722	0.20620304034364842	0.041463754608925721	4.4484464639297006	11.536874282765574	20.282141815932981	3.8043155380285389	10.230704738637282	18.377705770922837	62.970000000000006	50.780000000000001	40.68	0.012052190590111266	0.0091949661953635194
2.9199999999999999	nan	0.30286093251102042	0.20802620051356394	0.060268376838947021	4.4346556197482894	11.161054804819242	18.447252361790614	3.9318495574671646	10.177211276318269	17.236956089901078	62.899999999999999	50.750000000000007	40.350000000000001	0.011958298512618442	0.0080795266867455633
2.9399999999999999	nan	0.31604915178392073	0.20798130011520372	0.043198545647971875	4.3803754785641917	11.235751280472764	19.169752234794313	3.8867566707949037	10.138736589870105	17.43557802758108	62.470000000000006	50.289999999999999	40.420000000000002	0.011897820773588752	0.0079066010114873641
2.96	15.332089539445965	0.28307958277124556	0.19925057234661797	0.078301329023724414	4.4711595077783981	11.209039046214141	19.473447447188995	3.8847680920451424	10.31119105187663	17.644176498969653	62.960000000000001	50.850000000000001	40.920000000000002	0.011812845517199553	0.007900454708983002
2.98	15.464697556472496	0.32559828836311916	0.21682231170334507	0.083265578002957988	4.3696808741588882	11.267237401053473	18.826399990472908	3.9169800147886407	10.026818914439019	17.351500153890171	61.520000000000003	49.469999999999999	40.239999999999995	0.011744005880945471	0.0075849522508665114
3.0	nan	0.28383919838674998	0.15608690471569225	0.046246606234400307	4.6078660167518226	10.995543857084211	18.962340283054605	4.0625166812712266	10.07259502369072	17.367384734260042	63.269999999999996	51.009999999999991	41.839999999999996	0.011629458685089512	0.0068323501371235235
3.02	14.865406071974643	0.27278584770406333	0.15707645081028626	0.049832811827662617	4.4554915641875041	11.369444611800818	19.036794305353286	3.9863929701246348	10.211675279249738	17.314076210263863	62.059999999999988	49.980000000000004	40.509999999999998	0.011633631389077394	0.0083411459159388607
3.04	nan	0.28345767234158348	0.17183689755260892	0.059310423840294932	4.4424441518287647	11.133186952940031	19.211237496733968	3.9531598887560748	10.27653315840335	17.489688900533508	62.359999999999999	50.049999999999997	41.070000000000007	0.011543464043813817	0.0076489621000340917
3.0600000000000001	nan	0.24479535948467354	0.17671228579821827	0.067987137621980998	4.5410748313151323	11.22293641492521	19.377335452637588	3.9701834224272536	10.214800156405982	17.85805774125782	63.460000000000001	50.829999999999998	41.299999999999997	0.011420642496375435	0.0067056205426650247
3.0800000000000001	14.84679016579704	0.26438835389615944	0.15040445030781158	0.052572770400812249	4.4663645544888393	11.323798823276856	18.854800398045676	3.9559515960351228	10.125218899239416	17.071028897936095	62.200000000000003	50.469999999999999	41.549999999999997	0.011450723076297326	0.0077882455916921927
3.1000000000000001	10.99890609274054	0.27565167052881145	0.21530470871510357	0.068946717268565771	4.5058326643558386	11.080736522129481	18.619988808783184	3.962259356632388	10.073347801799185	17.28898707311879	62.420000000000002	49.480000000000004	40.340000000000003	0.011380904653278007	0.007138936310775351
3.1200000000000001	12.071225035581737	0.27730825253616626	0.14445146239432122	0.053441320234878076	4.4753815335129445	11.533393025675693	18.917922690299513	3.8244942608820471	10.210787365546478	17.168148226332974	61.310000000000002	49.200000000000003	40.740000000000002	0.011266413320601827	0.0071796565129172568
3.1400000000000001	12.122746931845406	0.29128675930699405	0.21049512563418679	0.071317543032755865	4.4693177881856352	11.502610727483058	19.68125775084108	3.9313844246657319	10.325969139805583	18.15200611436422	62.409999999999989	49.739999999999995	40.510000000000005	0.011250789842665686	0.0077234511538418092
3.1600000000000001	12.790938209774792	0.25183925156085313	0.16136844648490559	0.061434776246781356	4.5487882018114094	11.43161623418964	19.144974788086664	3.9292102262492774	10.317970413400989	17.342562840888622	61.870000000000005	48.990000000000002	40.359999999999992	0.011146366459995794	0.0066216669132663306
3.1800000000000002	12.211884463443056	0.27261850313473618	0.16643479882941137	0.055035277285197734	4.5392073618778612	11.474076104978874	19.521755461780124	3.9384860950284071	10.106702692724001	17.531981126711919	61.719999999999992	49.68	40.919999999999995	0.011179713440825753	0.0079866030751196415
3.2000000000000002	nan	0.27301384908495108	0.15459149713838896	0.050914613107210308	4.4942850235726457	11.312948006067268	18.885124023213386	4.0362960262065881	10.133021869837703	17.154325738087849	61.980000000000004	49.590000000000003	41.369999999999997	0.011065818006157671	0.0070804427098403785
3.2200000000000002	12.355786821185742	0.22289320840221211	0.15230697997770076	0.051079202330876261	4.5477626600415642	11.607103828604675	19.509651811637323	3.9629033408377268	10.239047415915701	17.853611147202244	61.539999999999999	49.61999999999999	40.530000000000001	0.011036703070235011	0.0079980043325698011
3.2400000000000002	nan	0.25996731215683594	0.14561446557262009	0.040277239032517079	4.6050353671748052	11.419701950804413	19.88276606393709	4.0563299521680474	10.379571795485834	18.426598031160744	62.660000000000004	50.68	41.579999999999998	0.010968932771048228	0.0074187180985652856
3.2600000000000002	nan	0.26975043179339858	0.16596693883601316	0.074560082256639987	4.6673129522429715	11.287558115987897	18.78434898220274	4.0132380113451358	10.244554131191306	16.915067571363945	61.439999999999998	49.719999999999992	40.400000000000006	0.010922990698313068	0.0069281408002495881
3.2800000000000002	nan	0.26512996084531504	0.1471859117501805	0.040244009728627288	4.6246229192052075	11.694897356918412	19.344635057129388	4.0963531622622327	10.578449878045351	17.894640551512801	62.060000000000002	49.919999999999995	40.700000000000003	0.010777367767543141	0.0063816015086971458
3.3000000000000003	nan	0.23278714010125209	0.10504538490509814	0.034751147392126439	4.4857315698826596	11.373018637308643	18.41802204509958	3.9517852871393728	10.28561829091247	16.870377434774561	61.270000000000003	49.649999999999999	40.609999999999999	0.010735143304311847	0.0063603322222581041
3.3200000000000003	nan	0.24981711215157892	0.15694387534320858	0.048532912472011767	4.547227103544361	11.608426573925572	18.740179645858802	3.9866333084233312	10.366233062183706	16.872497038617396	62.109999999999999	49.079999999999998	40.189999999999998	0.010708959553957053	0.0069580593002583953
3.3399999999999999	nan	0.28606602386333907	0.19156827213126676	0.080557566459458177	4.5570344568149448	11.476573355440955	18.622888109717103	3.9235918491196218	10.42938884963799	17.243514428339257	60.849999999999987	49.11999999999999	40.929999999999993	0.01070469926766116	0.0082035460949380183
3.3599999999999999	nan	0.26146092921088288	0.16509311352447503	0.061541534708309739	4.6296671692418006	11.651287943068922	18.65750639122318	4.1054985334045444	10.479797162082772	16.922011742897531	61.5	48.820000000000007	40.910000000000004	0.010637917727679783	0.0066720909533267789
3.3799999999999999	nan	0.24783129292603973	0.17404515756603497	0.043483613980449344	4.61494236081559	11.646103082252976	19.059449255573405	4.0153470325694984	10.322760672809487	17.67854672198543	61.970000000000006	49.530000000000001	41.350000000000001	0.010574698292622871	0.0065999009750886961
3.3999999999999999	12.577471081337681	0.22598291459107039	0.17401705647764454	0.070999675197594259	4.6458701604690349	11.409750196352491	18.261412935774352	3.9842438701326706	10.010451957261552	16.456778238949376	62.229999999999997	50.119999999999997	41.359999999999999	0.01051762691705635	0.0067576381790680441
3.4199999999999999	nan	0.21281598734405921	0.10129681966098629	0.028722945161586903	4.5121322339525012	11.338625989667111	18.665131572105103	3.9353748780725004	10.037188845809082	16.917277621576805	60.760000000000005	49.399999999999999	40.609999999999999	0.010497294437378863	0.0069440848082330019
3.4399999999999999	12.926690465100506	0.2402153332446697	0.12075526751154742	0.0432539767734786	4.5584889518613405	11.509955817815893	18.938548199008263	4.0139181547399856	10.296879051510217	17.078116942454731	61.179999999999993	49.25	41.329999999999998	0.010414280048665361	0.0069651238701942909
3.46	12.441034915916543	0.21414651087512798	0.11091665609686821	0.026419040446008395	4.6326359667774231	11.906095694394297	19.144039641382925	4.0114937417368166	10.421165560055581	17.206877573538922	61.75	49.890000000000001	40.410000000000011	0.010344748884425731	0.0062824271606742102
3.48	12.564589247851941	0.27921784175700043	0.15135096211933202	0.041772912551343133	4.5678593529172264	11.271459039533976	18.295189173665982	4.0524217034754546	9.9767486936723326	16.700757516821589	61.739999999999995	48.839999999999996	41.289999999999999	0.01028573707807141	0.0066120327381264067
3.5	nan	0.22428875191835695	0.1235415845271544	0.038326450063382742	4.5414894389027811	11.380392857962397	18.702730378712257	3.9786897818017608	10.195049167783806	17.325200928649576	61.210000000000001	49.560000000000002	41.150000000000006	0.010301245462244368	0.0070404756491279615
3.52	nan	0.25437441777572534	0.14931106790191923	0.081755360814188077	4.5869359731693935	11.842648943402768	18.891622878581863	3.9800078819607201	10.513762488231309	17.457291709164942	60.670000000000002	49.209999999999994	40.579999999999998	0.010260813629627068	0.0069153584023781741
3.54	12.72727181958785	0.2557643615471118	0.12502163529022964	0.045214927572882466	4.7376551219316783	11.366812237415758	18.183411478796156	4.0896809914808774	10.429632461466205	17.019783491453627	61.209999999999994	49.320000000000007	41.68	0.010188372360016042	0.0064593775929739613
3.5600000000000001	12.299459454317656	0.22017599753816769	0.13498729316661198	0.037567701271681311	4.5176972662665049	11.46610928512435	18.567754370209062	3.9633930032354785	10.016703079816688	17.126912370455752	61.100000000000001	49.269999999999996	41.210000000000008	0.01012245432330185	0.0064846765850805023
3.5800000000000001	11.888845978313002	0.25703439369742398	0.15204425009701045	0.04849470384756506	4.6692513853451603	12.163771350694971	20.211786646743946	4.1000776564830144	10.854525751820827	18.598929511442265	61.739999999999995	49.540000000000006	40.990000000000002	0.01009782467485984	0.006524048439827396
3.6000000000000001	nan	0.24875629882591274	0.14555209873856523	0.035019244195836775	4.6542019612563612	11.667137287733514	19.090541832488746	4.0668973229381375	10.504399870578673	17.335183106803491	60.719999999999992	48.670000000000002	40.359999999999999	0.010018381641593325	0.0065656833045899202
3.6200000000000001	nan	0.24185849788505981	0.12655150406269955	0.032780444605573368	4.7797563888222871	11.672420491143114	19.014747749598129	4.0925897965526943	10.268307489179101	17.269982197771967	61.020000000000003	49.240000000000002	40.590000000000003	0.009944306209438045	0.0063629508283962813
3.6400000000000001	nan	0.23859646701374798	0.14468999834435675	0.039522877672647838	4.584253455471389	11.618601140484859	18.800943487239046	4.0497515365453314	10.225711674440392	17.313651590103717	60.160000000000004	49.690000000000005	40.370000000000005	0.0099368982295898762	0.0066729497794051533
3.6600000000000001	nan	0.25155048490192333	0.13241425928401662	0.034989825326951197	4.6933403740137223	11.56778278039261	18.405244426260232	4.1057832098606228	10.204519436402673	17.100390491871174	61.160000000000004	49.220000000000006	40.82	0.0099197191476729438	0.0067906614849792876
3.6800000000000002	nan	0.24619904680278068	0.11048932017840089	0.078244011384476522	4.5602457638196334	11.925668857507969	18.71651505944623	3.9605861716314044	10.537438189479614	17.074674919049453	59.75	48.339999999999996	40.129999999999995	0.0098715327014249864	0.0065909372677764822
3.7000000000000002	12.558485345294017	0.21868567672236477	0.086486847621524574	0.015212225181467962	4.5398464799038294	11.801407749763582	18.004686138301778	3.9370972229319845	10.617441523321146	16.41275762381273	60.629999999999995	48.759999999999998	41.420000000000002	0.0098126950062091128	0.0063930126088659524
3.7200000000000002	nan	0.23069180213072316	0.10953445263330755	0.042287649674032382	4.5763042418975735	11.578783104459173	18.46036703785116	4.0650106172530638	10.288575170569736	16.783065334946812	61.149999999999999	50.090000000000003	40.940000000000005	0.0098006078740022224	0.0061966724784189046
3.7400000000000002	nan	0.23723183593278732	0.085726204892127317	0.028056831117820646	4.6536284010046263	11.594454215922637	18.469896020351491	3.9973986267373718	10.489568633077962	16.759003612228089	60.45000000000001	49.109999999999999	41.130000000000003	0.0097428792298853584	0.0062462908249423989
3.7600000000000002	nan	0.17888367094592203	0.09251468594264492	0.0267687419212858	4.5456443341807553	11.701367220794726	19.252065745812278	4.049912515898459	10.674728181244749	17.831781974874978	60.870000000000005	49.359999999999999	40.949999999999996	0.009675700734910862	0.006262385582269582
3.7800000000000002	nan	0.23186144799725955	0.14008527988958525	0.083676384780551533	4.6455041447233203	11.864309406592419	18.951169059832665	4.0568169219865249	10.600510188335255	17.322608390403559	61.109999999999999	48.979999999999997	41.149999999999999	0.009624566167911297	0.0060119094260550022
3.8000000000000003	nan	0.25932068021151328	0.11764117791714164	0.029236295177569517	4.6358639663816019	11.697558730103546	18.566969673520894	4.1210696818076347	10.491731588405184	16.772024402696847	60.230000000000004	49.170000000000002	40.599999999999994	0.0095957203842368596	0.006925236596799958
3.8200000000000003	nan	0.2244218223028509	0.10637438761483012	0.042264280972223504	4.6477913202010166	11.757784866503989	19.069594451596728	4.0892167616525867	10.473665074356788	17.572646470068165	60.810000000000002	48.859999999999992	40.859999999999999	0.0095827900578319032	0.0062956708969080814
3.8399999999999999	nan	0.21597386346246733	0.09501800878269448	0.039399666180576484	4.6466016963386183	11.648987292169512	18.891698487496409	4.0895210419581662	10.331216895652169	17.181356828680741	60.210000000000001	48.799999999999997	39.990000000000002	0.0095389127389857668	0.0061412912481366554
3.8599999999999999	11.498782184052274	0.17109408710260771	0.074254219666291782	0.032710926709456654	4.7397320861792922	11.678636268526905	18.897551571668298	4.1481202871014959	10.353040405930049	17.135247738129955	60.450000000000003	48.729999999999997	41.390000000000001	0.0094887270200507152	0.0061103555297080643
3.8799999999999999	11.592228452497169	0.23523583081268445	0.10857053384435836	0.033374922300502888	4.7287369584600336	11.62243334374503	18.249524685705943	4.1657670109843439	10.423429372344486	16.905742872407057	60.629999999999995	48.740000000000002	40.840000000000003	0.0094333432283844783	0.0063966210447728798
3.8999999999999999	nan	0.23699662688959103	0.1313448151929176	0.069030494744698717	4.704975165855565	11.752875843982521	19.204657459555637	4.1265791829716338	10.46704669431174	17.686858099961313	60.13000000000001	48.570000000000007	40.070000000000007	0.0094159367336980344	0.0062340593550715782
3.9199999999999999	nan	0.23560591504225359	0.11100896085331639	0.036694912411899094	4.6432259565332901	11.795856142888926	19.217972150375619	4.0755610699852003	10.43950859049289	17.543498553697784	60.13000000000001	47.990000000000002	40.190000000000005	0.0093485315701127471	0.0059831437488078454
3.9399999999999999	nan	0.20655486930117578	0.12737870834540027	0.033804398693127242	4.6378694383066215	11.784236749720964	18.038219040344995	4.0653473952027372	10.421571231863735	16.753469836453682	60.109999999999999	49.099999999999994	41.269999999999996	0.0092804051116374218	0.006185106665559853
3.96	11.690717420849573	0.20610229855305778	0.088810603003351876	0.030885759320627725	4.7666446258086106	11.964957110151934	19.074269102839764	4.1890542030942637	10.773581843108806	17.274710849766617	60.890000000000001	48.990000000000002	41.019999999999996	0.0093079951032268796	0.0059433326462488018
3.98	12.781969506990245	0.18838705308990766	0.098858732468469102	0.038806702232564251	4.7241346404539728	11.889163198662681	18.919884005565024	4.1278103937243502	10.665918144815269	17.069375960909326	60.589999999999996	48.459999999999994	40.920000000000002	0.0092457122118934816	0.0059704790216903968
4.0	nan	0.22214315428662235	0.14126354957744849	0.053658027907720673	4.8241515638308652	12.124120298456887	19.127793760633381	4.2545790411980899	10.859101433579092	17.282847568186572	59.789999999999985	48.319999999999993	39.899999999999999	0.0092377151256755885	0.0063297244384878121
