f	stdf
1.005911887598478	0.10002578239102246
0.77560938458761808	0.14885048151040689
0.6308293293905981	0.20856432614846571
0.53236858183488855	0.24990818017272345
0.46240431299570239	0.2745964065133934
0.41103872059609786	0.28808811052719174
0.37205866747947713	0.29387768953006277
0.34104555643494505	0.29642183659486265
0.31554315524562904	0.29777610705939467
0.29410448398765343	0.29839355637436404
0.275924389154377	0.2981635632289652
0.26035861029459079	0.29723500313393403
0.24688799488270069	0.29594617959033265
0.2352997000778676	0.2940492653061228
0.22517819909989345	0.29186525200823582
0.21626730088660764	0.28938653110100965
0.20837686404311673	0.28669987948785491
0.20126377738801493	0.28397335251308792
0.19475897176853807	0.28132790885537573
0.18877836451822361	0.27877235237843495
0.18322745161636309	0.27634010367193723
0.17804555270807113	0.27408365720657191
0.17316602902743825	0.27205375511709012
0.16856359639365312	0.27023572930915957
0.16421724058508727	0.26859419238359405
0.16011540314689987	0.26711888849941545
0.15624496284322334	0.26577485702053538
0.15258287810007862	0.26456162651282861
0.14910902702163112	0.26347235392935991
0.14581734754650089	0.26247700052039991
0.14269444731176886	0.2615584114677374
0.13972793775440334	0.26070568185930759
0.13689564998931264	0.25992985594395346
0.13420428373887217	0.25922005018813399
0.13164778574930663	0.25856075593360944
0.12920560907156789	0.25795405333495736
0.12688664976569747	0.25737445591893454
0.12467727860040462	0.25681662443620745
0.12257198238442207	0.256281045763813
0.12056621276987141	0.25576700396766755
0.11865004195532902	0.25527433956045947
0.11681972318502659	0.25481010227329604
0.11508714793323671	0.25435926186415775
0.11344582425812973	0.25390187706728212
0.11188227216714906	0.25344337852995819
0.11039096883176924	0.25299461178113436
0.10896542326324987	0.25255594637807055
0.10759422898904054	0.25213084187684592
0.10627513702311035	0.25171780579759401
0.10500803050646307	0.25130736815760429
0.10379514291179191	0.25089334417506709
0.10263276063640352	0.25048893223225521
0.10151975294682171	0.25008259954855849
0.10045135799571717	0.24968042914945876
0.09942713798297563	0.24928526372657869
0.098441706482729638	0.24890855681193647
0.097494202471297933	0.24853880636822867
0.096579057971604959	0.24816816507710721
0.095698340162506237	0.24780034521794966
0.09484895099245598	0.24742904737978086
0.09402745067446093	0.24705615713113283
0.093230979719100743	0.24669099067648914
0.092455792130940434	0.24633561018137665
0.091704933804041253	0.24598312807588321
0.090977018286115041	0.24564427592181487
0.090271651299991901	0.24531422173352496
0.089586140837073114	0.24498215176262317
0.088923202902933235	0.24465966479612028
0.088282838925706222	0.24434560167144656
0.087662306637333404	0.24402988153239052
0.087061009728465324	0.24371302289829533
0.086481090022386548	0.24339552197355779
0.085929942633382245	0.24306755422248336
0.085402552482960664	0.24274064097590134
0.084897723273804959	0.24241329151492763
0.084414293120688044	0.24208119390830871
0.083941941439437437	0.24173213844363919
0.083487947550838812	0.24135859862808037
0.083052691345109189	0.24097844259676346
0.082629586482811337	0.2405934217984935
0.082217944565844081	0.24019114142552062
0.081814513338690914	0.23977980098828325
0.081418859289701023	0.2393598752101064
0.081038594868592495	0.23893280315853571
0.080673794883348582	0.23849884015659428
0.080318307205742429	0.23806440544647747
0.079971399202317647	0.23762504867360959
0.079635578188239034	0.23717962306332802
0.079306653843370184	0.23673318279593494
0.078988728677096304	0.23628413343078911
0.078679501759727766	0.23582959888669228
0.078376807712720167	0.23537224356325404
0.078078779163955295	0.23491580710208967
0.077785908977018606	0.23445640190928518
0.077502079461846424	0.23399151300470677
0.077229886521376648	0.23352616047878477
0.076962211311233722	0.23305648186720021
0.076699300765358233	0.23258493349590012
0.076442588958359148	0.23211440705014452
0.076189941385501878	0.23164710363040794
0.075940479121104548	0.23118343766343727
0.075695220139800082	0.23072338228368622
0.075453379732272674	0.23026720297210604
0.075214077085544381	0.22981485882418295
0.074977754403104974	0.2293650116776193
0.07474425497766643	0.22891789025137005
0.074513042259325604	0.22847474968388515
0.074282963453479497	0.22803274627756906
0.074054429347197651	0.22759310396079177
0.073827666836162292	0.2271567226019639
0.073602278168429333	0.22672248076512563
0.073378930230693362	0.22629127567185464
0.073158836433390731	0.22586251321178505
0.072940398826299366	0.22543716194744096
0.072723612245885499	0.22501505429419646
0.072509324572913536	0.22459304866904917
0.072297990231554934	0.22417400127361253
0.072088998885944111	0.22375817427651859
0.071881970795689323	0.22334512945312796
0.071678403266282428	0.22293328530471282
0.071476188101465332	0.22252415748867405
0.071275257485520035	0.22211783182807657
0.071075598504791629	0.22171433226375198
0.070877189209756844	0.22131360483919535
0.070680009151199374	0.22091570877130629
0.0704840476191224	0.22052071241829954
0.070289332987357941	0.22012862465149036
0.070095960475312191	0.21973954542886071
0.069903952946018311	0.219353370223385
0.069715008725416139	0.21896815531233682
0.069527633490716334	0.21858569369651723
0.069341657172981269	0.2182061738728315
0.069157123578603402	0.21782956219626334
0.068974006235799662	0.2174558002441665
0.068792288892646186	0.21708482365539561
0.068611834583020198	0.21671634150125643
0.068432637738885929	0.21635012174678653
0.068257184544450025	0.21598295581873683
0.068084004588847419	0.21561456313916319
0.067912077910400825	0.21524799212445481
0.06774153542473936	0.2148789622852246
0.067572141678253275	0.21450937899979963
0.067403969899191049	0.21414125900637759
0.067240071584820829	0.21377536764701716
0.067077254148595958	0.21341084963058601
0.066915419016694358	0.21304773718643466
0.0667545153238088	0.21268610888443351
0.066594532511798546	0.21232605549559888
0.066435411682531378	0.21196763381642422
0.066277139503751747	0.21161087133846901
0.066119736135270668	0.2112558620571873
0.065963161355438643	0.21090264106259596
0.065807410489289425	0.21055116956691414
0.065652463976885456	0.21020147376023338
0.06549828862803167	0.20985348755319649
0.065344851197330342	0.20950719433408052
0.065193210342724933	0.20916221744297084
0.065043041474363461	0.20881865732909236
0.064894195958319398	0.20847482578436125
0.064746335594928012	0.20813180241703902
0.064599170107444981	0.20779041359609152
0.064452660437944898	0.20745062085005597
0.064306782823618139	0.20711244475039423
0.064161541833414368	0.20677591440878332
0.064016933357682493	0.20644103197707378
0.063872951944949755	0.20610785592552772
0.063729611921340384	0.20577641994431781
0.063586899381686185	0.20544668213738332
0.063444809609316449	0.20511859309191749
0.063303344471980591	0.20479214401596993
0.063162500531593849	0.20446732746273671
0.063022277983552727	0.20414408390922717
0.062882665950683356	0.2038224028048693
0.062743703862430222	0.20350235747566758
0.062605413452646613	0.20318402676972622
0.062467787265878962	0.2028673615154995
0.06233080519038104	0.20255230596428694
0.062194461731635349	0.20223883897036243
0.062058756466081735	0.20192696010317937
0.061923715446709028	0.20161669873309784
0.061789333148880417	0.20130803794779001
0.06165559374910598	0.2010009246202043
0.061522514421993267	0.2006954259754028
0.061390117380262607	0.20039155513389079
0.061258403266222602	0.2000893084164754
0.061127379426399411	0.1997886525000096
0.060997028250646727	0.19948952559033153
0.060867370284896048	0.19919190454214375
0.060739167447068282	0.19889591195572112
0.060612477029673498	0.19860145364639906
0.060486446579276244	0.19830838087819855
0.060361058124366665	0.1980166765011043
0.060236295556920443	0.19772624808042213
0.060112305134136887	0.19743594457340369
0.059989206300385442	0.19714477982508458
0.059866708305468488	0.19685487203699714
0.059744807224480057	0.19656618413272967
0.059623491309576691	0.19627860791707141
0.059502762088259088	0.19599216147099896
0.059382618382096922	0.19570686192255557
0.059263319830360144	0.19542207824738703
1.0009129791941327	0.10401934608215309
0.76901521749460611	0.16002255595771103
0.62473648237041424	0.22149419769817238
0.52730804171221513	0.26320842459914867
0.45881493923988653	0.28687177317559798
0.40861961424978144	0.29933946247104831
0.37053414110535166	0.30472889667570502
0.34010926957024118	0.30753705676795651
0.31524300820893331	0.30892319738656465
0.29448982908122889	0.30954539652281449
0.27698550278656081	0.30951652416374642
0.26213056322372763	0.30873664223392638
0.24928010951839619	0.30759946977268154
0.23805321427533993	0.30615383462605605
0.22816205604172141	0.30442251976382895
0.21946721833291485	0.30240500302813988
0.21183497701950271	0.30000517012466366
0.20502501052609381	0.29743307235848165
0.198846890783407	0.29478259977547966
0.19321041831721361	0.29213441509795002
0.18796617916615924	0.28962453529046217
0.18305770472478747	0.2872775398944471
0.17843884940276203	0.28512340312532536
0.17408096027037021	0.28314826924421077
0.16996564989406079	0.28132670534276671
0.16607471972558727	0.27964799401616802
0.16238145298085835	0.27810855866934148
0.15887156245756182	0.27669168308419295
0.1555469486040405	0.27538641082797255
0.1523904359683341	0.27418794710640537
0.14939096141777899	0.273086561777385
0.14653359761879545	0.2720859778664983
0.14381459748566744	0.27116987547980137
0.1412277378953414	0.27031988044940758
0.1387738100231877	0.26951997980927828
0.13645272629245012	0.26874728240617357
0.13425250819914392	0.26799338196686218
0.1321574171001188	0.2672737697558441
0.13015228495989772	0.26658454905899198
0.12823670003009066	0.26587888195408826
0.12640743998773382	0.26516936525914464
0.12465963074471309	0.26447739501597711
0.12298571814957709	0.26379556420014227
0.12138769762535813	0.26312085328156809
0.11984869687854453	0.26244467888307133
0.11835930337924883	0.26177765922434715
0.11692991091409047	0.26111160835182862
0.11555004785438232	0.26045057840708385
0.11421525982428134	0.25979435595022254
0.11293034386075124	0.25913864112517643
0.11169200905961341	0.2584940390658948
0.11049459667950504	0.25785509927509581
0.10933920180294099	0.25720981201958493
0.10821730470367907	0.25656710039850023
0.10712994906478598	0.25593655144362554
0.10607343511778795	0.25531201236112283
0.1050526711458827	0.25468162781855852
0.10406246326516298	0.25403397582843118
0.10309936832324613	0.25339858841069479
0.10216380439243622	0.25276624064963193
0.10125812959885382	0.25213539489787995
0.10038006879947109	0.25150515372314525
0.099536011284449333	0.2508784128879914
0.098722092155653071	0.25025962721404954
0.097942013205384745	0.24963107832350392
0.097192876451512797	0.24899582686685287
0.096463844106941282	0.24836575886469925
0.095754067608130725	0.24773929815954032
0.095060195432183803	0.24711945628667692
0.094383977841395392	0.24650291028649737
0.093726950306167484	0.24588379887096615
0.09308857193017199	0.24527024835995659
0.092464156853437368	0.24465889407980912
0.091858250545184775	0.24404832890988723
0.091274133886180497	0.24343741535733063
0.090714212347473108	0.24282305173025137
0.090167044897156337	0.24221570003636261
0.089630555298955653	0.24161453490416207
0.089104300637159753	0.24101889303660687
0.088591894753705505	0.24042667204567741
0.088093282356259808	0.23983330343521059
0.087603379541414936	0.23924527916583915
0.08712204316052502	0.23866406591239084
0.086648258849482351	0.23808927396631907
0.086180813582846919	0.2375198947429375
0.085720224501002459	0.23695570654491394
0.085266530241483396	0.23639783340283843
0.084819757929683784	0.23584618478485739
0.08438520083664322	0.23529765673629377
0.083957724209450441	0.23475433984459373
0.083539115043000239	0.23420991468654001
0.083133220857221996	0.23366394103304733
0.08273548544172539	0.23311943439861227
0.082346764040562598	0.23257844911180495
0.081963867514567204	0.23204210365244549
0.081586003797227455	0.23151061705612364
0.081213070901538995	0.23098408389951799
0.080845336776857998	0.23046166614097721
0.080483232859281661	0.22994235771595001
0.080126081953145981	0.22942759401102175
0.079773293383315291	0.22891878655434167
0.079425120301584537	0.2284140381676793
0.079081399410254188	0.22791425489189637
0.07874301385258127	0.22741907565372874
0.078409031302553819	0.22692908735178621
0.07808123037026439	0.22644206402099754
0.077757783328662011	0.22595901984680108
0.07743762887945628	0.22548004658199416
0.077121965109019183	0.22500645729890537
0.076810671472272718	0.22453821791905035
0.076505505434457152	0.22407356197627937
0.076205352633389803	0.22361332211474935
0.075908839897760746	0.22315788820681257
0.07561842506940053	0.2227053828701179
0.075331546113448417	0.22225705926777148
0.075048183673604718	0.22181190423566291
0.074768723740578913	0.22136866978338615
0.074493017045042922	0.22092927056382386
0.074219769385786505	0.22048939685461852
0.073951965343875159	0.22004975470614282
0.073687591171157751	0.21961120785344412
0.073426425981331589	0.21917307971903646
0.073167871203417487	0.21873727586103706
0.072911881081374308	0.21830380936874064
0.072658663511035657	0.21787202351150226
0.07240824593584369	0.21744043021619183
0.072159130084827133	0.21700959764923544
0.071913318244455973	0.21658029397015108
0.071670784249482242	0.21615099156669271
0.071432654851946512	0.21572085907401051
0.071198916405072116	0.21528901707693979
0.070973127470791819	0.21485775782578712
0.070751109991008546	0.21442805099055529
0.070533389528596585	0.21400007315977551
0.070320248584939182	0.21357552341835798
0.070110851782543823	0.21315223481089601
0.069904709204991061	0.21273004400858864
0.069701370631965145	0.21230898783260416
0.069500366714202649	0.21188971670327642
0.06930134112826028	0.21147288702793454
0.069105397587793285	0.2110588859084051
0.068911824182126449	0.21064747600168965
0.068720024389376647	0.2102384571448187
0.068529915904209246	0.20983174699017759
0.068341368788476187	0.20942720789915512
0.068154169666656605	0.2090246182617834
0.067968473186050482	0.20862421818402491
0.067784247401113704	0.20822590854408266
0.067601470083102383	0.2078294990778852
0.067420020952936408	0.20743444307312722
0.067240275596949312	0.20704052631835684
0.067063279964324859	0.20664526258066487
0.066889585273991636	0.20624995293549039
0.066718238698638146	0.20585611871714471
0.066548461927372488	0.20546375267716221
0.066380641446014993	0.20507246728034872
0.066215278539691932	0.2046808724956776
0.06605108295099997	0.20429071596204909
0.065888319538455434	0.20390161181710389
0.065727558098399169	0.20351283848581658
0.065567860217528209	0.20312542328616667
0.065410454970572934	0.20273782289254874
0.065254101255866753	0.20235154795201937
0.065099467722193632	0.20196652774031426
0.064947024445001278	0.20158272411985609
0.064795542925574268	0.20120033384968447
0.064644981253854886	0.20081939659552375
0.06449531428398747	0.20043991818445425
0.064346520146377539	0.20006188510876985
0.064198588979345411	0.19968534346369166
0.06405147066320066	0.1993102260228152
0.063905135108082281	0.19893649360136559
0.063759567502380654	0.19856407078926297
0.063614758547317601	0.19819303845444028
0.063470670489921763	0.19782337043545584
0.063327308484177586	0.19745503493062519
0.063184655863495448	0.19708799392898443
0.063042713197911132	0.19672231828272815
0.062901443043843708	0.19635794957702563
0.062760829848200944	0.19599491940394614
0.062620848991540495	0.19563322194013238
0.062481497167068092	0.19527275581938858
0.062342775855130685	0.19491344882688044
0.062205134449752862	0.19455141176052856
0.062068145411529697	0.19419018981498687
0.061931760714321431	0.19383010983988197
0.061795957151130405	0.19347118181460185
0.06166071437309785	0.1931134145348479
0.061526034828386256	0.19275680219167446
0.061391911559369988	0.19240131090778922
0.061258775646040715	0.19204651327375954
0.061127017777153583	0.19169196698030108
0.060995818295726249	0.19133848201347978
0.060865157166426584	0.19098610245907785
0.060735015007630282	0.19063481688628411
0.060605401989819056	0.19028467837418267
0.060476285815529919	0.18993564940243723
0.060347660888794508	0.18958773497588841
0.060219520934056796	0.18924086690288003
0.060091865637177264	0.18889509530525656
0.059964696318402504	0.18855042198438549
0.99480686961077802	0.10068406410854383
0.78941185462744645	0.15080115341970132
0.65405522749050304	0.21320601541212689
0.55896769010732195	0.2585810226384716
0.49050645272917726	0.28527949673921427
0.44022784513041413	0.29832078304760312
0.40098281636429306	0.30640003839484614
0.36911327988860276	0.31248262862311177
0.3427454258445512	0.31693822357059048
0.32090435543065288	0.31962608510685658
0.30280119452180193	0.32046892968895746
0.28776739300688597	0.31958130979360783
0.27494211216609166	0.31773506583444877
0.26373382375749932	0.31538070384895167
0.25377793691648148	0.31284067486844402
0.24481863870539197	0.31036736623779615
0.23663894376158442	0.30806215445852603
0.22906169651319244	0.30602940590202826
0.22200489924849873	0.30430252053539331
0.21539966330191343	0.30287414848658828
0.20923249821297032	0.30163647452457948
0.20344503786381574	0.30059908536942115
0.19801914004409349	0.29969989219978099
0.19292932143232366	0.29891595417843725
0.18813525739530257	0.29824751475587041
0.18362288608326721	0.29765123185857489
0.17936719850413516	0.29712567340011115
0.17534534979854144	0.29666573511618721
0.17155665605291676	0.29627197786758908
0.16797333708555848	0.29592978042589502
0.16459128290351813	0.29560178399228865
0.16139506557011934	0.29529561606258969
0.15839052581505483	0.29494942492126131
0.15555474570597419	0.29457173893412419
0.15287434294551469	0.29416799056728188
0.1503420013502382	0.29374270137301611
0.14797640976105211	0.29328879559728671
0.14574021797315059	0.2928165692634776
0.14362822297902392	0.2923327502411403
0.1416260380957354	0.29183078620542802
0.13971778485452438	0.29130744818430171
0.13790981709934058	0.29075317403685197
0.13619402084620943	0.2901821415558381
0.13457981167246066	0.28959218434145806
0.13304902088739023	0.28898775610257887
0.13159286488686647	0.28837424132877759
0.13021097165378795	0.28775041232093806
0.12889067300199061	0.28712258875664043
0.12763460719155947	0.28647731765308532
0.12643784133729602	0.28581965794362102
0.12529963380793818	0.28515458079778799
0.12420332277853563	0.28447928210775558
0.12315106051008186	0.28379924730195716
0.1221332097491873	0.28312538304402785
0.12114998519832719	0.28245118074434489
0.12021094997118813	0.2817749471154895
0.11930174338574621	0.2811015865428062
0.11842793464131031	0.28042792865034455
0.11759280268664406	0.2797532894759619
0.11678606788059889	0.2790801749630395
0.11601681878031395	0.27839863142680321
0.11527491744649757	0.27771202653256005
0.11455385780228727	0.27702914029307646
0.11385576441648244	0.27635105994364023
0.11317937525443179	0.27568052866501913
0.11253058151815111	0.27501742962723619
0.1119090927702682	0.27435647660957152
0.11130360767966761	0.27369684517204557
0.11071232038506446	0.27304463786640193
0.11013890295224107	0.27239527003217484
0.10959630232185756	0.27172190794694701
0.10907093330869561	0.27104909808710798
0.10855874484773924	0.27037822746240792
0.10805936768294601	0.26970569463776783
0.10757456555546392	0.26902823520002389
0.10710373276213897	0.2683489705606118
0.10664647198206435	0.26767121104623348
0.10620126984533942	0.26699526559587944
0.10576808598789506	0.266318153551587
0.10534685848963517	0.26564007784154176
0.10493214619257156	0.26496588456104175
0.10452408033999634	0.26429345705427648
0.10412280821178567	0.26362222349528125
0.10372796162254315	0.26295522854945547
0.10334634106892307	0.26229216516249537
0.10297540953125463	0.26162989972125694
0.10261395211982539	0.26096688047340205
0.1022638054312125	0.26029714060252934
0.10191995183957582	0.25962750567976867
0.10158069634883177	0.25896101901044044
0.10124559794131464	0.25829762457682165
0.10091716441367543	0.2576337338959665
0.10059377411017399	0.25697242800975456
0.10027758786269377	0.25631377941402689
0.0999660480924673	0.25565472579986426
0.099658896548833198	0.25499580631927543
0.099354537344362337	0.25433982856830417
0.099052862662304425	0.25368716096638488
0.098753685045272308	0.25303803541888564
0.098456915149389521	0.25239250321799495
0.098162412621180514	0.25175069110181997
0.097870026477579641	0.25111271823940562
0.097580424567027285	0.25047816903734205
0.097295588144955814	0.24984612781656379
0.097012743005719021	0.2492179097472863
0.096731734182405438	0.24859346954271819
0.096452525984361992	0.24797284609363271
0.096175032483543393	0.24735596961945272
0.095899157389590955	0.24674271549123744
0.095624868505608002	0.24613306151046108
0.095352127097140402	0.2455269817443807
0.0950809042196019	0.24492438873841454
0.094811172699477281	0.24432525590022869
0.094542903886541713	0.24372962099946777
0.09427606105532553	0.24313744693738903
0.094010624580508628	0.24254874881345731
0.093746630251580795	0.24196348664224623
0.093484048440456977	0.24138163128278109
0.093223647685034314	0.24080245206188436
0.092965949783563359	0.24022538610189079
0.092709563939235809	0.23965164397632005
0.092454470328226235	0.23908119862077429
0.092200677281947571	0.23851404270660079
0.091948154964261827	0.23795013288261757
0.091696891640407244	0.23738942876716373
0.091446871041733407	0.23683186979957266
0.091198071930746777	0.23627744776433901
0.090950477931646845	0.23572612045010383
0.090704076060758462	0.23517787391066897
0.090458838333977803	0.23463264299425865
0.090214764529228803	0.23409040669986347
0.089971836505467959	0.23355114462107396
0.089730044121888175	0.23301482003872565
0.089489382605024537	0.23248141643348982
0.089249841348310155	0.23195091831758199
0.089011404429219329	0.23142327914787364
0.088774056321957201	0.23089844915456045
0.088537783272769593	0.23037639020695169
0.088302577264538398	0.22985709974741397
0.088068431578105094	0.22934055112700866
0.087835325312790785	0.22882671420114711
0.087603249341737244	0.22831557419279944
0.087372197174489519	0.2278071120943686
0.087142161810371072	0.2273012770886709
0.086913139331474265	0.22679803055162337
0.086685106212994814	0.22629736041433693
0.086458038441541499	0.22579920995807382
0.086231929389174816	0.22530356312751648
0.086006773916375887	0.22481039804999686
0.08578256653555158	0.22431965979005825
0.08555928789004906	0.22383130596575232
0.085336932869923762	0.22334532185035219
0.085115485024250773	0.22286166851507019
0.084894938833360592	0.22238033135433652
0.084675277607840702	0.22190128423509528
0.08445648283495405	0.22142451001777083
0.084238554553886902	0.22094997880021136
0.084021476082640253	0.22047765900328228
0.083805238918753119	0.22000752569589049
0.083589901295435351	0.21953946211809514
0.083376231133786574	0.21907128345969959
0.083163426445167707	0.21860504910003717
0.082951449091367396	0.21814086906054192
0.082740253891322071	0.21767873483704653
0.082529812157415824	0.21721859041212185
0.082320091440720639	0.21676036341268895
0.082111080116927929	0.21630402618078082
0.0819027703603291	0.21584955860539218
0.08169516927255524	0.21539694726851888
0.081488262858594229	0.21494615563140235
0.081282058635711987	0.21449718404940521
0.08107653619099256	0.21405000973344096
0.080871600946654756	0.21360435862694344
0.080667211758980631	0.21316006374492963
0.080463346609623759	0.21271705664724086
0.080259872356233788	0.21227483810760903
0.080056843694977911	0.21183363073939218
0.079854202840912589	0.21139323929424833
0.079651875951469719	0.2109534053930599
0.07944967582225447	0.21051357251167971
0.079247469173869892	0.21007328584209434
0.079045060955009239	0.20963184193429932
0.078842236632227322	0.20918843535358445
0.078638769028834335	0.20874230532336832
0.078434301574526272	0.20829214511327124
0.078228156804861004	0.2078356296578712
0.078019990681928192	0.20737166414689739
0.077809171620434645	0.20689842530088748
0.077595938749523266	0.20641652869753727
0.077381799417257841	0.20593062689987293
0.077165729236356437	0.20543719045771688
0.076947246522773127	0.20493469449966981
0.076727269967814829	0.20442660576346361
0.076503679878949238	0.20390547778737814
0.076274750597931804	0.20336559060500931
0.076040427878344585	0.20280649062582873
0.075799552348910962	0.2022229350418781
0.075546452730421848	0.20159413304491949
0.075273869482253841	0.2008932176679295
0.07495557526134132	0.2000289424334494
0.07442887209523022	0.19853955741063409
1.0011416648449674	0.10122374876541372
0.77222784029668012	0.15487933791542713
0.62887254649531177	0.21637717192396513
0.53165158378924315	0.25858040851358122
0.463207331896896	0.28284136595048798
0.41326092783868218	0.29548373425186031
0.37536083718540636	0.30120447782116122
0.3451724912162179	0.30370489911821169
0.32023063629402743	0.30507714332519748
0.29924105304931525	0.30588578141582951
0.28135821492373947	0.30623107483294021
0.26609177899305592	0.30592962824519787
0.25301487852940818	0.30486791277605169
0.24173096601987296	0.30312951956838052
0.23185141862130462	0.30095087263254272
0.22305976618322496	0.29856530331822301
0.21521309326917662	0.2959857086642339
0.20814708620505246	0.29329610157665642
0.20167869930726426	0.2906559816203601
0.19571856983149996	0.28811110378571869
0.19019502735206756	0.2857077289759295
0.18504161340845698	0.28346028612148666
0.1802247743069961	0.28134755478540485
0.17569984655193838	0.27938204552289098
0.17142955891861694	0.27756345263457016
0.16739453315339056	0.27586348697390928
0.16356550198307371	0.2742957074698878
0.15993624701799045	0.27285153534429119
0.15648623469020845	0.27153453297933211
0.15320012889725124	0.2703327154459203
0.15006986872522851	0.26923302098068841
0.14709234244808284	0.2682146911036471
0.14425813806710461	0.26726564032090161
0.14154969760939656	0.26636841901151848
0.13896008670615231	0.2655241076815037
0.13647837439645299	0.26474227528301525
0.13410419394076614	0.26400410931631502
0.13182919728206616	0.26329566035658342
0.12964900407109048	0.26262396714084402
0.12755667644634019	0.26199391776720254
0.12554474279267677	0.261408029482736
0.12361075123036171	0.26085948530464631
0.12175097681396685	0.26034082766155592
0.1199653732013941	0.25983884538693414
0.11825467630434656	0.25935031816688359
0.11662125914447236	0.25886975879441226
0.11506096417846023	0.25838294671701179
0.1135650541315049	0.25791018412462502
0.11213130687112025	0.25744446603371013
0.11075188037280145	0.25699485473242867
0.10943065396792845	0.25654765948114072
0.10816968659893496	0.25608186187163778
0.10696025178038042	0.25561748547388535
0.10579532616048096	0.25516012257896753
0.10466931114185317	0.25471190415576539
0.10358988694666507	0.25426441837429509
0.10255336685181654	0.25380382099872806
0.10156583396925283	0.2533337775914829
0.10061775781600026	0.25285820425346112
0.099703725259664117	0.2523791190748344
0.098818554906476869	0.25190537815059438
0.097967805382204745	0.25143151592684904
0.097163964840682807	0.25095665384881616
0.096394409799697794	0.25047919596736523
0.095654520921599095	0.24999932428046207
0.094942279781515371	0.24951642037326999
0.094251107356318142	0.24902358463135155
0.09358277248911176	0.24853495814339821
0.092937081060451732	0.24805001862495979
0.092317419272526652	0.24756209361698867
0.091718276688165332	0.2470701697266495
0.091138669424870367	0.24658025626528224
0.090576933000263801	0.24608618898257115
0.090034067409785951	0.24558991210580966
0.089505733737195323	0.245095138996024
0.08899136522333681	0.24460605775821914
0.08849352103688099	0.24411747810869389
0.088012758522179324	0.24362455969645441
0.087546113524085881	0.24312850930040331
0.087089565291168763	0.24263766642984175
0.086644129343933785	0.24215000195627392
0.086211740465898232	0.24166389426756996
0.085786940998440087	0.24118450433170299
0.08536882831460986	0.24070669206217402
0.084957476457117195	0.24023467590092906
0.08455510410838038	0.23976818134410857
0.084161086740581537	0.23930482560941641
0.083776360431912972	0.23884211719804813
0.083398545791444997	0.23838220792444609
0.083027543042903718	0.23792809714482444
0.082662447537612191	0.23747946796964384
0.08230610831444167	0.23703293841835857
0.081957927247549467	0.23658774273681529
0.081619825920058814	0.23614210648196804
0.081287963556967574	0.23569988354394394
0.080966339443679231	0.23525652278193779
0.08065200141770057	0.23481114660384658
0.080341632740647193	0.23436808066458642
0.080038148693281505	0.23392552321885221
0.079739204573307854	0.23348617647405642
0.079446123119093617	0.23304644120260629
0.079161622027788772	0.23260348587458107
0.078882198085724026	0.2321621564593829
0.07860558165096708	0.23172307369025924
0.078332586874404669	0.231285534829936
0.078064028857740331	0.23084901623847409
0.077798660582150694	0.23041515153470724
0.077537015170455054	0.22998342762745141
0.077280018805020625	0.22955321913446081
0.077026051641284468	0.22912544238638566
0.076775344538748944	0.22869866881927403
0.076527959538377127	0.22827099356297767
0.076283326197221474	0.22784559540485863
0.07604233514082484	0.22742221695259079
0.07580833095230062	0.22699668238961776
0.075578469941385687	0.22656876131491127
0.075352145688559427	0.22614085675234752
0.075131946874999342	0.22571487456844305
0.07491818482734397	0.22528328464677927
0.074707937431843924	0.22485153001772959
0.074500012885383479	0.22442198886553358
0.074295072807854953	0.22399208083086611
0.074093146548311187	0.22356131060636336
0.073894050409454473	0.22313180510528594
0.073697859050746717	0.22270340441709396
0.073503588022693203	0.22227725359420125
0.073311961545584031	0.22185293439613579
0.073123573133996561	0.22143016712779057
0.072936878881335904	0.22100960233142264
0.072751791084611994	0.22059124130645422
0.072568491748205816	0.22017500049811015
0.072388779838421846	0.21976067569777138
0.072210453563464935	0.21934848003663343
0.072033484593583677	0.21893843826379114
0.07185784199618718	0.21853056569056462
0.071683492591282039	0.21812492619163301
0.07151038701595766	0.21772149096719254
0.071338492625764471	0.21732023208581108
0.071167755326981705	0.21692109721876235
0.070998187651572522	0.21652403069245849
0.07082978840557376	0.21612904567518634
0.070662543508064196	0.21573614336476007
0.070496426511021559	0.21534531292331205
0.07033136644289939	0.21495652431971984
0.070167343594832829	0.21456970525539684
0.070004346012998278	0.2141847850847699
0.069842797915251081	0.21380156496418518
0.069684144739471376	0.21341933443614533
0.06952694974992929	0.21303862580709654
0.069371177787516322	0.21265849887350047
0.069216951730348322	0.21227861643536983
0.06906360781893503	0.21190047820688554
0.068911148100975789	0.21152406514867439
0.06875955121367934	0.21114933519990794
0.068608795875210057	0.21077625788517618
0.068458894752654237	0.21040484510317795
0.068309815060370038	0.21003501261581434
0.068161559083975615	0.20966670742273924
0.068015844069984441	0.20929936204836125
0.067871040805219704	0.20893347479816449
0.067726991113707155	0.20856900771329731
0.06758366613580663	0.20820600674098033
0.067441051763505386	0.20784441897670144
0.067299641791637207	0.20748376305764457
0.067160548911108259	0.20712287895290446
0.067023157431258876	0.20676227705676226
0.066887288859843977	0.2064020020524939
0.066752126387477337	0.20604298245057864
0.066617625551457449	0.20568524597634325
0.06648374018771297	0.20532871018291951
0.066350489409020122	0.20497336029518065
0.066217856944189663	0.20461920262037642
0.066085810400394851	0.20426622074212142
0.065954337293949672	0.20391445151759646
0.065823415598221441	0.20356390340319497
0.065693020906077107	0.2032145680278544
0.065563156008102683	0.20286642968479485
0.065433817152773577	0.20251946332445017
0.065304983013741782	0.20217366094996631
0.065176648228977271	0.20182906571585799
0.065048791829117394	0.20148563857437723
0.06492140254515967	0.2011433823772926
0.06479448943677496	0.2008023199241033
0.0646680244614279	0.20046241794556524
0.064541998224081853	0.20012368019419816
0.064416398119780213	0.19978609427074295
0.064291212126161693	0.1994496720313019
0.064166432954076896	0.19911439447697435
0.064042062096962088	0.19878027134075074
0.063918093987875915	0.19844730220393128
0.063794510838781182	0.19811545040934908
0.063671330091263731	0.19778476273184306
0.063548533486932651	0.19745519867756695
0.063426111055899612	0.19712674243713046
0.06330405775339025	0.19679938747027967
0.063182366872935464	0.19647310888139405
0.063061040330637558	0.19614790726821071
0.062940062952547671	0.19582376099611851
0.062819436867703624	0.19550067986045158
0.062699150558806788	0.19517863921698753
0.062579203494981139	0.19485763518116994
1.0005664800876528	0.10175230917396441
0.74338478505601102	0.1463700415283101
0.59099865192574386	0.19758135909271904
0.4906286757737201	0.23339619671459499
0.42127609499805441	0.25262588414184423
0.37083544334257795	0.26240186387921405
0.33260957295749993	0.26666618016696014
0.30277096827137795	0.26733756331473124
0.27870656773105473	0.26631287725710823
0.25870702095312709	0.26470547873824468
0.24178630551236313	0.26269589105624275
0.22716656416162612	0.26077567522112755
0.2144583526100185	0.2588630995271905
0.20330549373937701	0.25690115437560435
0.19347193673641408	0.25487836565280875
0.18473114318784353	0.25284171194507432
0.17691231655532352	0.25079569104754329
0.16989035175393824	0.24867931641964214
0.16356698477102322	0.24654449335200332
0.15783210825004768	0.24441019989225518
0.15258622521788776	0.24229403678216876
0.14779811263041456	0.24011960211697003
0.14339113858057684	0.23795321385638132
0.13931612087127887	0.23581488342479351
0.13553236774837205	0.23371686213046311
0.13201286285751493	0.23164094408568051
0.12872399165778461	0.22962563562279023
0.12564364276632889	0.22766895493145034
0.12273779918630522	0.22578624548452667
0.11999370449313734	0.22398539379630278
0.11739228265887171	0.22226820769020375
0.1149218394521495	0.2206297825877824
0.11257492849930742	0.21904461356464033
0.11034335481312588	0.21750811309878476
0.10821928308064033	0.21602566181226707
0.10618996583157229	0.21460491166915602
0.10425336552279395	0.21323109905664828
0.10240167442603905	0.21190679498552617
0.10062807372348578	0.21062691634442274
0.098923857620811809	0.20939771829088288
0.097286262157211367	0.20820416760897703
0.095708674958419282	0.20705874044743519
0.094191976210406272	0.20594643353471337
0.092728880583236001	0.20487696933799557
0.09132365037946838	0.20382465526045726
0.089973846156924622	0.20279179865963243
0.088670124786277657	0.20179124276706836
0.087415490724983072	0.20081158236697205
0.086208951176845738	0.19985924331779778
0.085043009913651685	0.19894071225561116
0.083916422496690998	0.1980523739937918
0.082826740118340306	0.19718539427836537
0.081769275408995534	0.19634653561448401
0.080741865696256576	0.19553807215076704
0.079746959398974443	0.1947580011418984
0.078779595804785274	0.19400996663177567
0.077840907881498167	0.19328700361073889
0.076929324236123531	0.19257331107981088
0.076041665415537835	0.19188376551876174
0.075180133186799766	0.19121931507044179
0.074349442766387164	0.19057739420725228
0.073543476775568759	0.1899588890751952
0.072760595928518926	0.18936096815915757
0.07199804666204819	0.18878570081530091
0.071256465729861648	0.18823382823787657
0.070535390537657852	0.18769935164011736
0.069832326151467242	0.18718948529526239
0.069147289595453049	0.18669888090323664
0.068479328077091089	0.18622916778765392
0.067828328176857536	0.18576814864237381
0.067192671845104926	0.18531605405088622
0.066576009212346188	0.18487257066814286
0.065975140318581704	0.18443742120797521
0.065390511397525303	0.18400396608625827
0.064821655294523162	0.18357212236681095
0.064267921335473627	0.18314238681649989
0.063729775791375315	0.18272020829532501
0.063207614287816835	0.18229527957555877
0.062701348433754647	0.1818790669035916
0.062206081284816882	0.18147486478438518
0.061724272221094473	0.18106915546167796
0.06125412529650745	0.18067003884641861
0.060793493684179141	0.18028270753031328
0.060343525923757156	0.17990554792963198
0.059904407248735483	0.17953969785860899
0.059473973989658202	0.17918689855096223
0.059051713920695088	0.17884282937196802
0.058637416839742468	0.17850745483972094
0.05823234901110709	0.17818070707125686
0.057835344714233086	0.17786502737319582
0.057449027223952356	0.17755162409284792
0.057071714691527602	0.17723735141505736
0.056701807564668888	0.17692946349441332
0.056339919232572755	0.17661594543264039
0.055985464622686325	0.17630405910891311
0.055637669812311073	0.17599369069174309
0.055295507727222387	0.175689780397597
0.054960407525138151	0.175388789305644
0.05463098148998205	0.17507843705253731
0.054307635714057848	0.17476592467456381
0.053990044642754927	0.17445592717662675
0.053677840330280682	0.17414547485438356
0.053370144590863776	0.17383417908800058
0.053066911471481203	0.17352790964171616
0.0527680055041422	0.17322680896849277
0.052473819706729458	0.17293165324217669
0.052184442582044979	0.17264298903805181
0.051899121221994138	0.17235996800418116
0.051617783708126898	0.17208249833295733
0.051340226139686418	0.17180934572399922
0.051066804631114252	0.17153973919454316
0.050798610348411551	0.17126864449873885
0.050534345493181303	0.17099782899490082
0.050274240293176911	0.17073040284121888
0.050018494587101114	0.17046610493498096
0.049765612703414848	0.17020071900342856
0.049515805086454603	0.16993934677236605
0.049270005184585956	0.16967995082565868
0.049027679795278556	0.16942436855550702
0.048788361037237382	0.16917304335832034
0.048552113298607764	0.16892510608517119
0.048318786358465565	0.16868033880108652
0.048087816840113165	0.1684365130433598
0.047859740975319129	0.1681918356983054
0.047636085147128041	0.16794763282107972
0.047414448609322465	0.16770629984908489
0.047194342381929572	0.1674677266601633
0.046976495849284677	0.16723226328432142
0.046761104838163418	0.16699912847604029
0.046549169298645512	0.16676588413830723
0.046339376637566418	0.16653509639230382
0.046131680603670643	0.16630485728072947
0.045927163547270264	0.16607318476785468
0.04572480734325815	0.1658436329718159
0.04552554967698097	0.16561515293602028
0.045328741702001539	0.16538449987465062
0.045134079736987187	0.1651555779185728
0.04494150336120678	0.16492950370978804
0.044750650530740739	0.16470556402717215
0.044561407754867492	0.16448370078508856
0.044374113996803945	0.16426473693023208
0.044188942991755624	0.16404916111717141
0.04400573308577356	0.16383673183258504
0.043824622242729615	0.16362721212553505
0.043645903771125018	0.16342021935440237
0.043469093224325316	0.16321653538053105
0.043294184201489727	0.16301607752209493
0.043122089156365048	0.16281732711016145
0.04295367537461512	0.16261852171526525
0.042787222177206062	0.16242300317497801
0.042622675770516982	0.16223079439348065
0.042460016443365063	0.16204188034943756
0.042299968208671143	0.16185509310128901
0.042142750819478707	0.16167152752388689
0.041989193479894223	0.16148812018723005
0.041837814091168143	0.16130695217620278
0.041689012610282787	0.16112852961105614
0.04154251631679489	0.16095324043949072
0.041397442414034431	0.16077976332290028
0.04125305901085994	0.16060478291064137
0.041110220106872944	0.16043211085052214
0.040969560367947161	0.16026133681568738
0.040830357157593575	0.16009273468185431
0.040692822221655323	0.15992576383321025
0.040557643559984126	0.15975901655359351
0.040423837883182059	0.15959381760359148
0.040291289585398231	0.15943020276481662
0.040160307429919981	0.15926815046150022
0.040029753532894619	0.15910597477258323
0.039900782273918023	0.15894536320474628
0.039773352440542128	0.158785980098612
0.039649161199516066	0.15862437708828833
0.039526708677415971	0.1584640526723145
0.039405208638937657	0.15830406433208261
0.039284725682374594	0.15814526068689225
0.039165234491935409	0.15798759748555974
0.039047570959574375	0.15783314085575192
0.038931472843342814	0.15768125831364574
0.038816373979449759	0.15753064300049918
0.038702255973229439	0.15738083146473156
0.038589071573949002	0.157229922421076
0.038477021116039171	0.1570784370714455
0.038366125629074641	0.15692656909394859
0.038256035154034994	0.15677577573259988
0.038145982204025895	0.15662513191270075
0.038036135090198001	0.15647459126871777
0.037927138624446459	0.1563251114395906
0.037818986630587678	0.15617667566872495
0.037711813013328002	0.15602910395775624
0.037607139938522757	0.15587847286235673
0.037503827863430615	0.1557259592272375
0.037401371904299568	0.15557374702101057
0.037299742000854341	0.15542234446291797
0.037198988442968942	0.15527173477579795
0.037099065584254722	0.1551219828600775
0.036999998977650279	0.15497315243213605
0.036901772484822057	0.15482517280900029
0.036804470970334777	0.15467790017442815
0.036708254426759866	0.15453120149484481
0.03661313343318906	0.15438512455989334
0.036520221931697919	0.15423896604751969
0.99671073123375675	0.099085543170605653
0.74588561716939172	0.14748696670110573
0.59558701042955453	0.20218913064767505
0.4963929116878727	0.23881317702319277
0.42788062650659958	0.25816354570110789
0.37792629056104182	0.26863483167956737
0.33994798080044553	0.27356484896863936
0.31019724357416478	0.2750558941610014
0.28616302574862196	0.27484705038834895
0.26637454992226228	0.27376558617633556
0.24975554628238489	0.27242315042382975
0.23545189698515889	0.27113090381824889
0.22300741443782068	0.26981504011561569
0.21209558204536996	0.26837347129601485
0.20247162295934834	0.2668425426447808
0.19387923524669046	0.26523330100043829
0.18619585639623751	0.26350698495871322
0.17932856172763614	0.26163082445175073
0.17314678907360229	0.25962033928472061
0.16753423475205989	0.25751182330236144
0.16239432055861799	0.25540596679040795
0.15764695643647986	0.2533466446521363
0.15322381264030752	0.2513551731585425
0.14910938997289497	0.24939410031188677
0.14529104594468523	0.24748764004462551
0.14172361262159619	0.24565866981614082
0.13838635593681967	0.24384502150998433
0.13524053845900455	0.2421073610119463
0.13227053233655214	0.24043989953640812
0.129458213254904	0.23884608754349057
0.12678450478155584	0.23732491967534922
0.12424036619378535	0.23588178683952901
0.12181597574719175	0.23450895491298224
0.11951013937488589	0.23318886243720535
0.11732961398763266	0.23190116869735619
0.1152492794780496	0.23067200110958871
0.11326156659365659	0.22947621443417679
0.11135819984401914	0.22833698533575908
0.10953900842209283	0.22725089356308811
0.10779518414008976	0.22621072960821445
0.10611805890705026	0.22521904280004498
0.10450906160518578	0.22425619517329443
0.10296299225760981	0.22331477081941076
0.10147213970736581	0.22241714251554973
0.10003486729184385	0.221564284555677
0.098652186306209588	0.22074679965743726
0.097315814741484707	0.21997426271334189
0.096025631779908069	0.21924480978136116
0.094779826646433835	0.21854691450235494
0.093577099721115761	0.21787707291943822
0.092415897217865112	0.2172310624136366
0.091292217114653976	0.21661152898983754
0.090205130354825205	0.21600689904405437
0.08915087484472041	0.21542749100214389
0.088129101785623526	0.21487611095733658
0.087138210529926444	0.21434336070171056
0.086175140378678072	0.21383598131744905
0.085243939348877126	0.21334722169607415
0.084336516682494186	0.21287459136046771
0.083451496422089266	0.21241854505610491
0.082593020909106252	0.2119647998810629
0.081762095094936454	0.21150182502917
0.080954250285371135	0.21102980639922223
0.080169907336542626	0.21055691430746556
0.079408622101768966	0.21009301569537997
0.078668910802238035	0.20963944285249994
0.077952478603899811	0.2091911691952073
0.077253954864471383	0.2087533923106302
0.076573940884604216	0.20833081630407166
0.075912742036706934	0.20791856813835963
0.075270875342395654	0.20751283437042359
0.074647230325866051	0.20711519569476444
0.074044953948040754	0.20672338075131633
0.073458423564757597	0.20633775142476513
0.07288783348853807	0.20596153505135095
0.072334521136717914	0.20558845209229298
0.071793999105512124	0.20522519446313625
0.071264953969799011	0.20486943633408566
0.070746849149359248	0.2045225533767237
0.070240710674574949	0.20418862553564657
0.069745607212454305	0.20385239927900384
0.0692601292324493	0.2035209102253073
0.068787901208541821	0.20319240132789171
0.068329063951557287	0.20286425839766048
0.067882131436671267	0.20254259561209062
0.067444799648535142	0.20221227348500623
0.067018225707171225	0.20188764812650137
0.066605309164474921	0.20156895595542751
0.066202545385351586	0.20125509100526712
0.065811456113350278	0.20094935108253811
0.065428736577086893	0.20065041579911144
0.065051034983988953	0.20034983386827721
0.064680914336301451	0.20005752209728092
0.064321045652838596	0.1997739400175802
0.063967758950756418	0.1994976803297297
0.063621863213507518	0.19922667726673501
0.063280525641403115	0.19895722020492432
0.062944168585325172	0.19869220763512374
0.062618606868753368	0.19843264740243188
0.062299910201008432	0.1981774533536492
0.061987318704827515	0.19792658442285646
0.06168324852442672	0.19768114198129477
0.061385687931590778	0.197437502184863
0.061094642397563265	0.197192117580199
0.060807610150031638	0.19694751485903081
0.06052475384909195	0.19670564521079761
0.060248558320995592	0.19646748412105131
0.059976320211005268	0.19622396661053593
0.059709081555768435	0.19598118409310247
0.059448883003716362	0.19574189458503477
0.059192574833570273	0.19550684049383871
0.058939945121896868	0.19527570279450984
0.058690859969631547	0.19504810929104052
0.058445271702954812	0.19482148275316796
0.058203127438489863	0.1945933342427606
0.057965221228762694	0.19434577436289968
0.057731112615612104	0.19409523278058755
0.057502069959092322	0.19384154688175767
0.057276027479907822	0.19358735231856891
0.057052612812189298	0.19333535797510631
0.05683163421898553	0.19308517883536555
0.056612754244322626	0.19283465994485099
0.056396136911418752	0.19258000808624201
0.056183236980446936	0.19232691638089724
0.055974878924088617	0.19207447216476126
0.055768877473238505	0.19182356033185405
0.055565235063861775	0.19157485868642718
0.055363901255187448	0.19132842968680708
0.055165801000649523	0.19108439876520478
0.054972390362192071	0.19084240256256427
0.054781836592827107	0.19060130723012023
0.054592611634165233	0.19035847818586682
0.054406025762714888	0.19011416175043405
0.054221232757974011	0.18986716709725701
0.054041689683068356	0.1896209748824865
0.05386478440145006	0.18937225705179866
0.05369128546395778	0.18912400399209545
0.053521382912348189	0.1888771993255132
0.053353326897458059	0.18862791089016573
0.053187260707982194	0.18837920974890596
0.053023641579271211	0.18812837289301687
0.052862035985747749	0.18787312273841969
0.052702140521213511	0.18761885937914272
0.052543930832897587	0.18736571352039691
0.05238956955306389	0.18711063992369786
0.052236754015637016	0.186849284123631
0.05208650815139327	0.1865881655249795
0.051938047299351697	0.18632904014464644
0.051791231238244591	0.186072079219227
0.051646574859753762	0.18581752531598589
0.051505293717870472	0.18556550450951054
0.051366003603051005	0.18531536076311089
0.051229680262446814	0.18506704041611971
0.051094860953477712	0.18482129309757292
0.050961431570874252	0.18457801162802154
0.050829357369492414	0.18433713103117055
0.050698601880388147	0.18409844406501438
0.050569754764680591	0.18386134534595727
0.050442375553541842	0.18362614757885509
0.050316212417098154	0.18339304973327597
0.050191270549672255	0.1831620517220218
0.050067539219607118	0.1829331628180117
0.049943492977071874	0.18270423752458459
0.049820243881140029	0.18247675983587133
0.049697414782449101	0.18224621672089461
0.049575294488960094	0.18201528781473311
0.049453939918720935	0.18178547296248809
0.049333784515514109	0.18155677349335717
0.049215990986810509	0.18132580756355984
0.049099313887119765	0.18109580235825631
0.048983615509480397	0.18086684285666313
0.04886885418473956	0.18063884048103321
0.048755049130092945	0.18041164120826991
0.048643945463824979	0.18018540798959395
0.048535872887447352	0.17995725274360086
0.04842974742117722	0.17972998285537983
0.048325436113071572	0.17950354282454628
0.048221879775298022	0.17927433309009497
0.048120767196345164	0.17904238418438681
0.048021621410046442	0.17881000822867282
0.047923273624799451	0.17857796358246353
0.047825964132439593	0.17834550625823242
0.047730206042060817	0.17811145511441281
0.047635146763048232	0.17787774018728206
0.047540756023964265	0.17764435136554721
0.047447024042900826	0.17741128583217833
0.047353895116221137	0.17717855545724689
0.047261650028916108	0.17694234911806259
0.047170254004837368	0.17670244616020639
0.047079458425634955	0.17646196022449206
0.046989173766029908	0.17622178172700978
0.046899363385487891	0.17598202373397093
0.046810006838926145	0.17574267543797928
0.046721093246301366	0.17550375562263326
0.046632632854727296	0.17526536442378632
0.046544623414904097	0.17502765987246424
0.046457065203892367	0.17479069246712967
0.046369952866912187	0.17455448215736774
0.04628327518888966	0.17431905605796399
0.046196995823095846	0.1740844102748843
0.046111115830711896	0.17385059308105011
0.99526187877162198	0.10211782414243313
0.72222659393900135	0.14184409105173676
0.56682909985525631	0.18846347110031436
0.46684868588029144	0.22018424884839377
0.39784830391804193	0.2395363309766366
0.34805959764064731	0.24980613882475958
0.31077965657600159	0.25438113810732965
0.28186163757307814	0.25554947580830373
0.25875474793974934	0.25462081505858408
0.23978391982124872	0.25247827652429022
0.22388285728416651	0.24971111357867679
0.21022415463049629	0.24691051016097537
0.19833850252542765	0.24427462559761617
0.18789808229296831	0.24177641744112535
0.17866554460487419	0.23939573915334719
0.17045594053125171	0.23710977136152805
0.16307917437496541	0.23497423776389054
0.15642315918406982	0.23296048062128066
0.1503951983548934	0.23101087359647671
0.14490665943208939	0.22913550588498099
0.13990891919570747	0.22732171228463305
0.13533494891941686	0.22558735646472652
0.13113633428894569	0.22393328665627357
0.12727118138413077	0.22232076968309492
0.12369101432408362	0.22073656714348222
0.12036431643257181	0.21917680330637865
0.11726785152854671	0.21766061659164326
0.11438087700041558	0.21615493702497976
0.11168212370838938	0.21464936165811471
0.10915801362618038	0.21316788861033931
0.10679343006196519	0.21170390528376817
0.10457635367065481	0.21027693952373883
0.1024858200871837	0.20888139377554577
0.10051106019148486	0.2075034892390609
0.098632851306094449	0.20616507353509947
0.096847645017432274	0.20486393041169834
0.095147902091320277	0.20356801187923021
0.093531766698898192	0.20227741088160972
0.091992572807477621	0.20100818773363377
0.090522903566465182	0.19975895505637617
0.089118803209103134	0.19853725655548035
0.087774816442520887	0.1973344740579257
0.08648613889597459	0.19614757012382933
0.085247250863096161	0.19499324507336635
0.084056563771310266	0.19387162781050146
0.082910086647874442	0.19276631308385028
0.08180674286024936	0.19167545713671919
0.080744392267911164	0.19060391116173717
0.079716366546891321	0.189562853778178
0.078720645432380956	0.18854010327135351
0.077757611592780621	0.1875412265814779
0.076823812527913773	0.18657740312411006
0.075918132271203087	0.18564719069564078
0.07503862912345087	0.18475164185340959
0.074188352531402102	0.18388902878001848
0.073364717883569158	0.18305282790135755
0.072564988886393456	0.18224105221360237
0.071786693234098212	0.18145924266210081
0.071031049291887985	0.18069726103621081
0.070292667357102254	0.17995577535180141
0.069572163119368188	0.17924194536915819
0.068867911795138251	0.17854985232246678
0.068180840195753267	0.17787828369506853
0.067511104157941371	0.17722845415405791
0.066856045116034893	0.1765951782824812
0.066214960850432783	0.17597907980760286
0.065588174598452814	0.17538309144942099
0.064975544276102318	0.1748067771952678
0.064376095916704026	0.17424809187379359
0.063786862958952431	0.17370442055711671
0.063211290631090239	0.17317355400096479
0.06264700025518033	0.17264890627664162
0.062093200802773363	0.17212605543214599
0.061550115362557924	0.17161809323865937
0.061016683809756105	0.17112082666569525
0.060492983127193915	0.1706306910255497
0.059981050008162569	0.17014345632042091
0.059477641507471798	0.16965650853617123
0.058983259546751793	0.16917944104196703
0.058500015352608729	0.16870920525434518
0.058026727775825827	0.16824381524948287
0.057562885823446909	0.16777506144677645
0.057107385699222801	0.16731453477442543
0.056660502359562596	0.16685703628614584
0.056223290610090175	0.16640382956979485
0.055793708490796262	0.16595774887511666
0.055370943307964909	0.16551129826063204
0.054958578592128299	0.16507173629632885
0.05455520572846001	0.1646417364647631
0.054159408508826459	0.16421979604243134
0.053770822519912484	0.16380696086810617
0.053388772965574316	0.16340428620527528
0.053014137703490546	0.16300984714658542
0.052646543471078049	0.16262323099927387
0.052287936142914819	0.16224533909373784
0.051935799718009337	0.16187779651609349
0.051589389153054582	0.16151949761949053
0.051248203452476715	0.16116851768949475
0.050912757520774232	0.16082449624148351
0.050582758234728957	0.1604901633770032
0.050258501513361038	0.16016502760566703
0.04994129487839271	0.15984695890240502
0.049629922253435807	0.15953382395403803
0.049324022411554549	0.15922666888567166
0.049023676216087643	0.15892790783185834
0.048729177597926068	0.15863752504548598
0.048440941541930335	0.15835253841939712
0.048158404576494902	0.15807348738810309
0.047880234790911504	0.15780271304149251
0.047606334707079881	0.15754009643194547
0.047336623224933108	0.15728556556429019
0.04707099379452994	0.15703894400579443
0.046809495664385262	0.15679988876841841
0.046552672687359478	0.15656098013379238
0.046299398559771478	0.15632696929097442
0.046049985989737953	0.15610007019445887
0.04580525722527224	0.1558780679448788
0.045564427476565326	0.15566229511486671
0.045327221179522509	0.15545293889852216
0.045095459719352166	0.1552447717323697
0.044867680590330181	0.15504000980275962
0.044643698906861151	0.15483948925544505
0.044424370137972076	0.15463982924883671
0.044209579072231033	0.15444158381139445
0.043999823844087176	0.15424332770246016
0.043792972280659509	0.15404703099583245
0.04358716383570331	0.15384346197943258
0.043384682294068139	0.15364153482642931
0.043186728870709713	0.15344058858211285
0.042992433421960588	0.15324111506848115
0.042801038425786725	0.15304392096559857
0.042612093529383922	0.1528494165963119
0.04242552938885228	0.1526577285502474
0.042241750251989174	0.15246897251403294
0.042061578676898109	0.15227617458678583
0.041883312977724955	0.15208341603449013
0.041707244574747095	0.15189266385030745
0.04153330395063104	0.15170427753955384
0.041361386671761632	0.15151832702595816
0.041192086164165559	0.15133015343794859
0.041024765100268125	0.15114404478526106
0.040859323545064753	0.15096032718800753
0.040696072284537491	0.1507788989578891
0.040535549114284745	0.15060000124647918
0.040376700337491085	0.15042306331346331
0.04021957110957055	0.15024863424802906
0.040064435948180516	0.15007589752931569
0.039911445976734225	0.1499038858445004
0.039759784998614905	0.1497297924772695
0.039608836519359814	0.14955143339391794
0.039459549158409268	0.14937336570211746
0.039311829965308714	0.14919764954504219
0.039165685319189847	0.14902452362892221
0.039021038849572857	0.14885389497421334
0.038878482056933179	0.1486851736312752
0.03873825739896844	0.14851805049154729
0.038599427660011461	0.14835322128628498
0.038461965864454481	0.14819065560970859
0.038325358885504909	0.14802749861460743
0.038189747777611145	0.14786303246975194
0.038056004040973576	0.14769505159768248
0.037923575268420849	0.14752768559860202
0.037792433496594148	0.14736233765166976
0.037662516941263761	0.14719913630834608
0.037533826691382902	0.14703810431931041
0.037406413109488106	0.14687906492484781
0.037281031838882386	0.14672156698804212
0.03715706576675562	0.14656630982232324
0.037034259592231798	0.14641315545359984
0.036912982695713498	0.14626118270335869
0.036792912965174993	0.14611104015876125
0.036673944312352928	0.14596300167975962
0.03655606630501735	0.14581706920568413
0.036439280409699258	0.14567332617108689
0.036323835429828692	0.14553150947433877
0.036210206314853298	0.14539127761594134
0.03609768941310499	0.14525321276217504
0.03598628033863948	0.1451172520188341
0.035876175934788077	0.14498324930007706
0.035768101941049721	0.14485097608688516
0.035661052161167876	0.14472066168507569
0.035555016053946585	0.14459221647628437
0.035449736780973726	0.14446450915001
0.035345527084705126	0.1443387911112535
0.035243776684899225	0.14421421941664844
0.035143069920946769	0.14409124956225497
0.035043273827615448	0.14396999204965455
0.034944358789818213	0.14385025335255391
0.034846317816029808	0.14373196103597966
0.034749262974041246	0.14361404169252295
0.034653681754494993	0.14349552077426561
0.034559019081896347	0.14337822329231042
0.034465511951768946	0.14326171210973832
0.034373254615247567	0.14314575292991003
0.034281825810230142	0.14303105169948452
0.034191362426716013	0.14291742162240581
0.034102505235568355	0.1428042947229812
0.03401443657040696	0.14269227449270214
0.033927125643941007	0.1425813217229738
0.033840548109496153	0.14247120951711617
0.033754449174935738	0.14235725093740573
0.99597319178054156	0.10235850130580566
0.75225061883477207	0.15268586583385685
0.60398341080291418	0.20879198779786165
0.50492973696082699	0.24763123163438516
0.43559335791388848	0.27007700367782411
0.38498040453601845	0.28262362326500751
0.34705422720151902	0.28803997133017428
0.31742307105500411	0.28962818391115785
0.29342255365808717	0.28953151509589303
0.27345546930192116	0.28879425061476621
0.25649137982690018	0.2878491049841197
0.24185589542393507	0.28686132725837299
0.22916866898176455	0.28574869288559901
0.21814988636967531	0.28442863457969592
0.20846754209347854	0.28292823396775296
0.19997514343441103	0.28115786687543304
0.1924495059848603	0.27920272901829507
0.18575178874182879	0.27702456227075106
0.17972291890009626	0.27471310350047928
0.17423754751649698	0.27236592604282994
0.169196127119558	0.27003261801296963
0.16455452427611209	0.26768985685069807
0.16024055292273384	0.26541494530051635
0.15623869993903838	0.26317361317553778
0.15250751884928285	0.26098349196413273
0.14899357874573538	0.25891360898200227
0.14568190560854957	0.25694870287577043
0.14254946534867236	0.25510430612857249
0.13958182170043107	0.25335349470535151
0.13676874043448992	0.25168074885490066
0.13409384684737877	0.25009243105574519
0.13155493312455627	0.24856553710507623
0.12912782644521789	0.24709961184898585
0.1267984574209306	0.24570718255985891
0.12456110437742435	0.24438137481080077
0.12240556688154999	0.24310968938431968
0.12033275396283233	0.24190749118476038
0.11833873810208535	0.24075376349495159
0.11642969951830041	0.23963414314436315
0.11459609565614798	0.23855378010639069
0.11283069404538906	0.23752284544148233
0.11113275051102285	0.23653845473699042
0.10950064337944974	0.23558738698253667
0.10793274764395532	0.23467017387418795
0.10642280785919669	0.23379415580809168
0.10497481870737872	0.23294290035658868
0.10357873984595919	0.23212137872521846
0.10223392883425998	0.23133182147098336
0.10094643092441857	0.23056240731236582
0.09971557115774031	0.22980132851846191
0.098538902038182413	0.22904016890304393
0.097406379872316706	0.2282989848385116
0.096313156561331728	0.22758151725667733
0.095265171567105428	0.2268768371014781
0.094250051641581609	0.22619433988614421
0.093265185122065247	0.22553036636687163
0.092312086527932491	0.2248700533210776
0.09138797594370876	0.22422691259710636
0.090490232873104592	0.22359460935634726
0.089618716831796244	0.222977621508925
0.08877836318217415	0.22237453084759412
0.087964792697139221	0.22177862772344287
0.08717409204311323	0.22119650846338201
0.086405727917798367	0.22062763778281316
0.085656450725345626	0.22006058540047674
0.084928455788254309	0.21949687388649064
0.084225052457524749	0.21893657624493018
0.083542094241098111	0.21837393059887539
0.082873048742832592	0.21781042391852096
0.082218845351144945	0.21725398720444891
0.081578911311105742	0.21670469633125838
0.080954175267001799	0.21616599153570987
0.080344426143655293	0.21563526237113953
0.07974760671109668	0.21510918397376694
0.079161771836745262	0.21458850530213938
0.078587824963116018	0.21407134362335786
0.078029512512656177	0.21354848449888639
0.077484542694349789	0.21302948038673575
0.076949627492941805	0.21251640043243542
0.076425129723165675	0.21201026018741534
0.075913210478696549	0.2115120857793015
0.075414384777742524	0.21102028020641905
0.074929702092535883	0.2105361066326408
0.074456380130207639	0.21005841733861763
0.073993089670199325	0.20958891114751041
0.073539849334449903	0.20912847569564155
0.073093736115318733	0.20867629627916434
0.072657354389177614	0.20823108282545461
0.072230268747852142	0.20779219373877161
0.071811064971576119	0.20735872842706801
0.071399972244453297	0.20693083036149726
0.070996864175295313	0.20650961127164597
0.070599801307125551	0.2060941516071961
0.070210141004223486	0.20568056478645508
0.069830517762608166	0.20527253067716195
0.069458060695045037	0.20487321827669019
0.069092410820631639	0.20448199110120879
0.068733188954398422	0.20409864137879061
0.068380992896328485	0.20371971854284421
0.068034861686688763	0.20334716950704299
0.067696265141026196	0.20297554533741391
0.067363248886863	0.2026079292620343
0.067037144264250378	0.20224584188028694
0.066717627070798799	0.20188577227097851
0.066403552774984345	0.20153131810269614
0.066095861932025352	0.20117421421789547
0.065795088415393305	0.20082691475426584
0.065501054610426115	0.20047727872545973
0.065214405263853872	0.20013026120059352
0.064933914708240878	0.19978918720987718
0.064659740597199797	0.19945373903308308
0.064389800706683889	0.19912416979690928
0.06412407184588477	0.19880008423989493
0.063862090067104513	0.19848052938717434
0.063600069377389934	0.1981519228613553
0.063341699955680966	0.19782817696909624
0.063086498203201349	0.19750758287658499
0.062834512017235319	0.19718871853534897
0.06258645763586998	0.19687225544441669
0.062343321638821524	0.19654065548576319
0.062103705263186731	0.19620925124857039
0.061867723514768519	0.19587592051375927
0.061634565012052452	0.19554486879274902
0.061405888349504133	0.19521699335459089
0.061180859342102253	0.19488311810887213
0.060957545095985582	0.19453978273803518
0.060736709026292857	0.19419820008367533
0.060519406400461682	0.19385787263082876
0.060305394783353665	0.19351901628327622
0.060094011136672225	0.19318202748222407
0.059884761876922342	0.19284667720536636
0.059677686953402059	0.19251288609435133
0.059474132326802036	0.19218069058087286
0.05927372776323344	0.19185046964954103
0.05907542368639089	0.19152251286172989
0.058880414247458955	0.19119776033628846
0.058689847454210707	0.19087781239178425
0.058501690174257562	0.19055685478299919
0.058317964287310821	0.19023814260142802
0.058136562979184361	0.18991986485751061
0.057957866030822765	0.18960413357562408
0.057783964405808595	0.18929143089918543
0.057611635241650534	0.18897689479775148
0.057441523722858469	0.18866082066582712
0.05727357976526045	0.18834672644159167
0.057107474219627759	0.18803503729615453
0.0569425281235484	0.18772058171559769
0.056778582075776539	0.18740293311949224
0.056616136722070894	0.18708720731546435
0.056455171612572866	0.18677339301357365
0.056295665590169977	0.18646156800862396
0.056136855162532688	0.18614661671417096
0.05597965038861915	0.18583150079635069
0.055823699859980348	0.18551778074991893
0.055668945426431256	0.18520534093614038
0.055515455327743782	0.1848935363574753
0.055363403851690751	0.18458127412136222
0.055212464834223665	0.18427030497435976
0.055063561386955701	0.18395881048356102
0.054915851959707579	0.18364829901895499
0.054768587936650209	0.18333425980697901
0.054622771903177755	0.18301837733956244
0.054478913524717031	0.18270319505175939
0.054335937862830516	0.18238893587343813
0.05419388622942594	0.1820758502032121
0.054052783977498291	0.1817614349983516
0.053912571707648807	0.18144818332563806
0.053773241064235519	0.18113623084841085
0.053634788445016603	0.18082553312836716
0.053497178276362939	0.18051604253770015
0.053360356015382984	0.18020772953010142
0.05322432341290808	0.17990069460013272
0.05309075048453659	0.1795954392443706
0.052958183476332424	0.1792915913188193
0.052826435847813928	0.17898914491857493
0.052695489243226548	0.17868813769079514
0.052565266902443571	0.17838850479806262
0.052435775362564781	0.17809032366452865
0.052307019721520236	0.17779360140547909
0.052178992096634347	0.17749835669273009
0.05205166711164691	0.17720458950415546
0.05192545257253306	0.17691122261540154
0.051800463894919019	0.17661784103314671
0.051676225688906244	0.17632593045697051
0.051552719218567168	0.17603554024545787
0.051429944647609173	0.17574664739669199
0.051307892151625081	0.17545931473453882
0.051186530066481932	0.17517346470397194
0.05106585189039127	0.17488913951558618
0.050946424878149814	0.17460445866514748
0.050828118912582529	0.17431999298901821
0.050710579302133948	0.17403683106357579
0.050593756405771177	0.17375505296142907
0.050477631217006193	0.17347475146046362
0.050362169065338781	0.17319581019469682
0.050245967214423433	0.17291369778974533
0.05012948351621356	0.17262963736072479
0.050014519307534408	0.17234552774935169
0.049900175285965291	0.17206248584280992
0.049786482551627396	0.17178074052932008
0.049673463545109937	0.17150039535234538
1.0029627224806297	0.10288258357314638
0.76674739588906171	0.1552118594841447
0.62041607771630947	0.21356851460121529
0.52187797328695462	0.25311305935452016
0.45224051029097395	0.27699121424704476
0.40143786915170948	0.28945201709878038
0.36305766783176718	0.29490531648116353
0.33297734384480748	0.2968412600094934
0.3083070098307813	0.2975659875743773
0.28758856494387253	0.29775253125920209
0.26994946381401475	0.29754524946253186
0.25482135122534133	0.29698615752762964
0.24179134709877678	0.29600238028913189
0.23051182897660369	0.29456626048740481
0.22066482094275486	0.29267339414863242
0.21201243574252751	0.29052636481201288
0.20431857820283103	0.28825473272348512
0.19742035805959704	0.28585182853633895
0.1912057193474003	0.2832959760161326
0.18553926838723145	0.28068957812223305
0.18031599489111055	0.27813118393908409
0.17548086314058298	0.27562925222385343
0.17098716299012681	0.27323839489676038
0.16677994797120102	0.2709942151632333
0.16281097558783039	0.26892336431199909
0.15905031036317502	0.26703447685837473
0.15549996541589503	0.2652719019452025
0.15214478189786051	0.26362129416254243
0.14896292838144903	0.26208960109178597
0.14593332945400772	0.26068642267597958
0.14305089890065417	0.25938799541239688
0.14031680721011044	0.25816881014982535
0.13771312670751465	0.25702425570330278
0.13522225881766628	0.2559523993258182
0.13283801025035746	0.25496492779464397
0.13056463112548516	0.25403549083447946
0.12839329733750157	0.25315979523667242
0.12631475952147106	0.25231599200204002
0.12432580515976914	0.25150328835646807
0.12242461134416927	0.25072626241818197
0.12061623304590711	0.24995070788085755
0.11888286982083772	0.24918923379001956
0.11721841369549346	0.24845385024454048
0.11561364207877768	0.24774147666601487
0.11406674079230288	0.24704449568434125
0.11257391651434361	0.24637634409416767
0.11113031728061673	0.24574243372646778
0.10974145387309246	0.24512310402578774
0.1084027646556564	0.24452659883842928
0.10711397846157308	0.24394749775190683
0.10586625600248255	0.24338829212362117
0.10466102507647755	0.24283992620465603
0.10349863707681255	0.24229452816220179
0.10237971281446744	0.24175549957780568
0.10129495838360444	0.24122669911645642
0.10024900436274961	0.24067803433509879
0.099236955815360545	0.24013698792468105
0.098259013917062127	0.23960617282510768
0.097313097599716597	0.23908087279492232
0.096403587635167529	0.23856026956588969
0.095521772328239066	0.23804626318355304
0.094663611940150452	0.23753257955532336
0.093827963121429492	0.23702871290007249
0.093010824874156448	0.23653157262884372
0.092217356727901059	0.23604643476680037
0.091445533991402622	0.2355729030682297
0.090695643089252403	0.23510326263549602
0.089966687163161391	0.23463575497411801
0.089256489353841978	0.23417986752012288
0.088560877945740996	0.23372825946242062
0.087881056784477662	0.2332815769071519
0.087217811357691993	0.23284233883153838
0.086572939996908613	0.2324144325667149
0.085945752838398559	0.23199635951111311
0.085336473253252956	0.23157865974653932
0.084743761729319397	0.23116928986438987
0.084163525810230053	0.23077150426406409
0.08359835714823842	0.23038007170691738
0.083050459820166275	0.22998969247701448
0.082514698996611624	0.22960648194592675
0.081992721236998453	0.22922525538047195
0.081483069603017072	0.22884403149374971
0.080985907433227117	0.22846754557335655
0.080505874847414644	0.22809433339104399
0.080037809776844743	0.22772193790398274
0.079580306980555543	0.22735484386526181
0.079135632873374273	0.22699254131040533
0.078703476362433855	0.22663887689291803
0.078282399749384765	0.22629293423840252
0.077873710423033066	0.22595354537922141
0.077476117592014476	0.22562244213873986
0.077088308859480176	0.22529429863155953
0.076708280729057721	0.2249710487575684
0.076335680885388002	0.22465180560509565
0.075972052757735442	0.22433556265171337
0.07561680969495016	0.22401733548190181
0.075269004195487835	0.22369532600977485
0.074930886242465841	0.22337454484107139
0.074601639709364065	0.22305614938065282
0.074278632878125084	0.22273468027472024
0.073958918493251216	0.22240869507861188
0.07364390231194963	0.22208700377603863
0.073332655516071085	0.22176675853694239
0.073026617871718214	0.22144989738502668
0.07272465607462783	0.22113638332851468
0.072424988819709574	0.22081921543446723
0.072128327935993691	0.22049507587409298
0.071836656136410965	0.22016583379556134
0.071551180665217429	0.21983178722825206
0.071272250610347324	0.21949200831863844
0.07099733221809329	0.21915316068443491
0.07072753781092446	0.21881662620774983
0.070463613928622978	0.21847973805394633
0.070202998446033144	0.21814312962949525
0.069947147866896403	0.21780696331608979
0.069695978053419469	0.21747384588667062
0.069450412358981875	0.21714287882993377
0.069209253279126443	0.21681443024746919
0.068970986365193457	0.21648898588932239
0.068735422595890258	0.2161646680996325
0.068504266774642192	0.21584156738185026
0.068277955899385456	0.21552041675560282
0.068054038181867754	0.21520556387751255
0.067832996153953079	0.21488727819805306
0.067616898028966199	0.21456165552011858
0.067404164347936515	0.2142364326151579
0.067193835760138459	0.21391399858373139
0.066985875008197721	0.21359456864852241
0.066780255406549888	0.21327836948368034
0.066576544319146849	0.21296174205382959
0.066374908770263322	0.21264683413899405
0.066175442094234455	0.21233487741091647
0.065979563704665817	0.21202102035132026
0.06578674721180458	0.21170690511971169
0.065595954131430004	0.21139572326964826
0.065407155424089911	0.21108749419114683
0.065222434185855549	0.21077867851030646
0.065039780261704636	0.21047232058004206
0.06485896517375446	0.21016883499932476
0.064679873057544232	0.20986811237255132
0.064502892110605323	0.20956942349246274
0.064329079990393834	0.20927116659893055
0.064158709384168913	0.20897377667646932
0.063991565932136465	0.20867646882083482
0.063826408788408728	0.20838047652690489
0.063662634179885103	0.20808623102554974
0.063500098398588667	0.20779363755790956
0.063342019349784326	0.20750422103793353
0.063185127249576339	0.2072154343057119
0.063029686137715937	0.20692820884795574
0.062876773374419617	0.2066404127155762
0.062725154887510889	0.20635412938277478
0.062574945960952519	0.20606868713982593
0.062426535925643609	0.20578299859706289
0.062279335179698421	0.20549897639245249
0.062133331826750009	0.20521660736645211
0.061988468979631776	0.20493578703715212
0.061844762628913585	0.20465661724905684
0.061702173608874943	0.20437907524072668
0.061560718693169196	0.20410303909820879
0.061420374256662622	0.20382851037371433
0.061281592038602853	0.20355467061388902
0.061144755221976876	0.203280533039262
0.061008971033589376	0.20300770934828888
0.060874174603930173	0.20273619542840476
0.060740648514125056	0.20246535781872746
0.06060978146399168	0.2021931304882183
0.060479893657337316	0.20192185046271804
0.060350888742964119	0.20165154274379574
0.060222682049970909	0.20138222542159431
0.060095265662250326	0.20111398963196153
0.059968643375219143	0.20084672241416021
0.059843864507106784	0.20057863214100999
0.05972100982989989	0.20030986223093128
0.059599732196994139	0.20004084969219466
0.059482379438947845	0.19976765245448341
0.059366514188428685	0.19949261629050577
0.059251414881488287	0.19921812022109447
0.05913735873737877	0.19894346284696604
0.059024412762382794	0.19866861494295143
0.058912137251944531	0.19839444442839249
0.058800502568864522	0.19812085982987146
0.058689517684206535	0.19784793592151853
0.058579183903014129	0.19757573467571413
0.058469440020209595	0.19730420994690254
0.058360289272613698	0.19703336409821257
0.058250561572301435	0.19676135784445659
0.058141059886227621	0.19648957517291984
0.05803209653153972	0.19621846520085973
0.057923648165038977	0.19594795895904993
0.057815693684788769	0.19567802918218161
0.057708243111042959	0.19540870406050151
0.057601286517494715	0.19513989303857224
0.057494786648201172	0.19487156969227373
0.057388747925607157	0.19460370460388909
0.057284428052028873	0.19433693706924418
0.057180911603116329	0.19407082614611476
0.057077816198739868	0.19380515626928446
0.056975135412954528	0.19353995066831892
0.056872813084991834	0.1932752108175271
0.056770847242048915	0.19301097054992578
0.99422170763318674	0.1006703512607998
0.72460493006897331	0.15049386409834783
0.5703553224056096	0.20179411636236219
0.47098743108244256	0.23597706188807704
0.4028833755228905	0.2547719517056089
0.35376514150654498	0.26442240679351625
0.31672240348606873	0.26934355840570473
0.28811621462114839	0.2707782161965786
0.26525628784887567	0.26995750244152894
0.24653803822353859	0.26793720384646819
0.23080585563969183	0.26546912906336106
0.21729542096329191	0.26302171410118197
0.20551924184336731	0.26075385020920044
0.19517615522321596	0.25866971525574978
0.18602144268220802	0.25674874329690672
0.17786039136176576	0.25501646794377963
0.17052220295599238	0.25339534776083872
0.16390403875443627	0.25186617324503208
0.15790543826905409	0.25034990985387412
0.15245325923905101	0.24884908244853851
0.14749765355682845	0.24729153977408075
0.14294996956992251	0.24567901336418813
0.13874881955269547	0.24407879876204241
0.13485392003262531	0.24245156138634591
0.13124674815953644	0.24082119871996691
0.12789673068343205	0.23923782520176204
0.12477839979094621	0.23765873752989899
0.12186302375124364	0.23609079603606717
0.11911750151903824	0.23455157835645787
0.11654278253370824	0.23301522004032441
0.11410969438042497	0.23149986600059891
0.11181567648458235	0.23000559970391796
0.10964906653801509	0.22853776920180272
0.1075922751606356	0.22707548136093134
0.10564235448676464	0.22563665412417974
0.10378775944064816	0.22422227299779268
0.1020253292648102	0.22283373777218982
0.10034739482381638	0.22148274517466904
0.098744870433878473	0.22017734719940787
0.097224253428112667	0.2189122310762843
0.095771314923075848	0.2176884146040132
0.094383165645028522	0.21650116983662906
0.093052784215697085	0.21535407360880607
0.091773130031142139	0.21424098389323493
0.090540438960355685	0.21316618922577155
0.089353457025028782	0.21212359624867683
0.088212895697641333	0.21110926639968813
0.087109911082766389	0.2101174761089373
0.086042463143076009	0.20915419069588567
0.08500834032676037	0.20822836728001048
0.084010157487470566	0.20733726493494933
0.083041692952619053	0.20647829312607954
0.082101747536471925	0.20564632677288452
0.081191668691492289	0.20483955240484317
0.080306798307510183	0.20406317191449577
0.079447797340029089	0.20332095116227913
0.078612052130797139	0.2026128685073337
0.077797305977673578	0.20193868956295721
0.077004095893609972	0.20129625496841461
0.076231916502577199	0.20068279289771776
0.075479007130731413	0.20009149236676149
0.074744172685306851	0.19952889219395692
0.074028876604763316	0.19899052568605119
0.073331870427540413	0.19846277681575486
0.072649747376192786	0.19794374838751366
0.071984742498199833	0.1974389064539567
0.071333962395645614	0.19695243653371666
0.070699521856526573	0.19648737601665467
0.070079648770301164	0.19604329893923561
0.069474224756939665	0.19561545258101232
0.068884432421729369	0.19520440631172628
0.068308248366123786	0.19479855190828665
0.067742319391126668	0.19440111344552644
0.067187602728099108	0.19401757405056627
0.066647159767435057	0.19363362481553778
0.066117368090820833	0.19326462374670575
0.06559842882775388	0.19291045007174162
0.065090049941905634	0.1925678345199103
0.064592415641997455	0.19223348594443168
0.064105552413186218	0.19190329022568908
0.063627692425173632	0.19157633185046896
0.063158202151514783	0.19125771921351145
0.062698123551365642	0.1909490391140389
0.062249354769826674	0.19065139120060992
0.061810234257167307	0.19036387871282534
0.061381831570949667	0.19008411489039032
0.060964068753167282	0.18981180294640013
0.060553996176995042	0.18953641728046389
0.060151892540633814	0.18926855908979709
0.059756827961988987	0.18900851836167645
0.059367970830727181	0.18873832397878787
0.058985318300340157	0.18846934519370204
0.058610989487916966	0.18820815389912798
0.058243374432665418	0.18795175704731154
0.057882855843158242	0.18769981139476036
0.05752855368649256	0.1874548831200552
0.057180733388514426	0.1872173002295974
0.056839165893909881	0.18698798062880695
0.05650374343113912	0.18676572948070311
0.056174802653716639	0.18655033666108231
0.055851461767421846	0.18634290215226998
0.055534853231548921	0.18613376828777581
0.055225549132277785	0.18592729663788887
0.054922623274390146	0.18572631052149147
0.054623836457806003	0.1855250647559846
0.054330293895628726	0.18532377960270685
0.054041625301356193	0.18512819788513082
0.053757508634721583	0.1849386880118562
0.05347907945866693	0.18475342051868054
0.05320501044378112	0.18456850097488878
0.052936282770004069	0.18438568785104298
0.052673262933161366	0.18420681112467979
0.052413920764825872	0.18403210154309774
0.052157629999030591	0.18385906089486012
0.051905861505079594	0.18368852950922318
0.051658010089168246	0.18352328480214944
0.051414517583256429	0.1833631297379725
0.051175790853477281	0.18320784685756919
0.050940718767752455	0.1830577247609726
0.050709079322136245	0.18291227342692418
0.050480473883819599	0.18277018460546349
0.050253380125058027	0.18262407832664315
0.050032745687986518	0.18248121817305693
0.04981582589517583	0.18233576083577621
0.049601627145373681	0.18217989980450822
0.04939048805969317	0.18202094315215173
0.049183014360658611	0.18186169068314595
0.048978604227021633	0.18169858258268598
0.048776593915539027	0.18153614713394375
0.048576830690462106	0.18137357441450019
0.04837982386550644	0.18120867615435432
0.048184703159328691	0.18104065738274339
0.047991978874066199	0.18087529281652834
0.047801648393486204	0.18071277654133475
0.047614254467907867	0.1805532356109246
0.047430714032679386	0.18039481251643943
0.047251001852012052	0.18023404695984674
0.047074481581475779	0.18007430885502829
0.046902134938588774	0.17991892995566522
0.046732715322733293	0.17976517373933254
0.046568049011236907	0.17961587431233628
0.046405816974101781	0.17947003555715871
0.046247038790383568	0.17932896256215955
0.046092839978019329	0.17919202851885396
0.045944361112228133	0.17905627628920165
0.045798753879743317	0.17892324915989277
0.045655432494135638	0.17879028708972203
0.045515172725788158	0.1786605326688086
0.045377416683820546	0.17853366075456739
0.0452418400254967	0.17840970905307285
0.045108313796110383	0.17828507116146974
0.044977240490938028	0.17815589109153387
0.044848983430332209	0.17802891007720409
0.044721972046072894	0.17789157409421069
0.044597060535806254	0.17775232751855199
0.044475728646556002	0.17761111153182788
0.044355811135308454	0.17746771678144768
0.044235879941079505	0.17731866828022164
0.044117162399878708	0.17716973336713435
0.044001442501635027	0.17702191237516995
0.043887282328554891	0.17687428796076568
0.04377429516918515	0.17672650046748273
0.043663225928411903	0.17657749613626397
0.043555628131959352	0.1764262606581127
0.043449534098921633	0.17627295916359259
0.04334437914690005	0.17611921733055025
0.043239027514335893	0.17595776000155949
0.04313405180481579	0.17579240779947719
0.043029832887024652	0.17562637970366474
0.042926466905587192	0.17546030739793311
0.042824639930723912	0.17529187660960188
0.042724011162996033	0.17512245586146019
0.042624227631574814	0.1749533476535684
0.042525325301484812	0.17478473736903419
0.042427320836314425	0.17461688386249036
0.042330157709431007	0.17444957415644799
0.042233861011222486	0.17428293698986669
0.042139205669603365	0.17411796731703399
0.042046699583905695	0.17395530114548363
0.041955225876108289	0.17379382000376167
0.041865420991002517	0.17363325022190781
0.041777727464960605	0.17347271988248006
0.041692325873604934	0.17331125557042434
0.041608063068702197	0.17315024098766102
0.041524467546379125	0.17298989227062031
0.041441530928198418	0.17283017317211527
0.041359269920705544	0.17267110550193104
0.04127770087640218	0.17251286275514793
0.04119673718395777	0.17235530250826533
0.041116373049868371	0.17219849027450781
0.041036557817190809	0.17204236941753756
0.040956927199578816	0.17188564872394382
0.040875843986594829	0.17172236943356767
0.040795333446011425	0.17156003617436408
0.040715363642220406	0.17139855518578279
0.040635918993576541	0.17123790980570847
0.040557491070936008	0.17107781541242564
0.040480035491667225	0.17091813811104647
0.040403109976230797	0.17075932184406989
0.04032669666098955	0.17060133556066442
0.040250742832966112	0.17044408221614035
