weight	lyapunov	err1	err2	err3	m1	m2	m3	std1	std2	std3	null1	null2	null3	f	stdf
0.0	nan	0.74078896041980202	0.12391124338170882	0.020914198899141818	12.052894294283696	18.036381482725567	16.075395350071272	20.2847412358038	33.547685852404584	29.229846547882527	99.36999999999999	99.36999999999999	99.36999999999999	0.99841868064435801	0.10143724536434004
0.02	-1.0	0.94555132557990729	0.24274868694576549	0.042282570796800131	22.121279836567819	39.669821728999828	68.897798310980434	24.133825955787941	43.015463688404189	74.677008531041679	92.799999999999997	75.840000000000003	57.819999999999993	0.97118149982772928	0.10144776245959056
0.040000000000000001	-0.58485402867772907	0.95521756234479371	0.23830956993941083	0.045044802063927733	20.159590048907464	39.836881298086396	86.242427463933353	23.011884550020397	44.354621894385005	90.004379377985217	94.989999999999995	79.530000000000001	52.760000000000012	0.94556960788507338	0.10152205287080188
0.059999999999999998	-0.43964821025003115	0.95952388245672149	0.23852045117310014	0.048307425812311802	20.630518536019562	50.389252644459802	104.81807709041689	22.907362036367228	52.451575099592148	106.79598173296434	96.090000000000003	74.709999999999994	47.589999999999996	0.92143181830671528	0.10165239247411224
0.080000000000000002	-0.39326675713114456	0.96069546777150505	0.2480533146134733	0.04643199275971898	21.31605212760595	71.299935971022379	125.82686675171969	23.576093186212159	70.759006868492705	124.80994127497692	96.760000000000005	66.569999999999979	44.260000000000005	0.89863803835207479	0.10183208070951273
0.10000000000000001	-0.3560511162122601	0.96026867015452344	0.25684430009294695	0.042519781249802359	23.272055993673558	88.742638570049877	150.9068836082154	24.960352049514096	88.517710636244502	148.76504758395026	97.259999999999991	62.089999999999996	41.839999999999996	0.87706951885108375	0.1020553681175556
0.12	-0.31775305802302578	0.95923937768940148	0.2710729607838202	0.039469126927917111	25.220248763701285	102.14710164775661	179.16990411738249	28.363628710573135	102.54126789867219	173.50064751643043	97.499999999999986	59.589999999999996	40.210000000000001	0.85661755835445219	0.10231712659663343
0.14000000000000001	-0.28181136509949517	0.9579508105294714	0.30047668153109369	0.037559967404095437	26.507237955504003	121.34012918072895	209.71714797107012	30.950345850805956	119.7153464684548	201.24192849644038	97.559999999999974	56.780000000000015	38.549999999999997	0.83718384014668046	0.1026126112421504
0.16	-0.24764618612112574	0.9569239897625641	0.34618028705130965	0.037947723138635828	30.986780155415111	151.91048765350644	250.62121065223928	32.080828438469986	145.62598668491208	234.57596119970944	97.809999999999974	54.570000000000007	37.739999999999995	0.81868035591046429	0.10293749481442957
0.17999999999999999	-0.21574412477466701	0.95664438303652299	0.40353668600444587	0.041755724291648741	31.408616762549077	185.80664740331335	287.83383294579005	32.055350367442834	174.00463927026135	268.47913757202457	97.680000000000007	52.810000000000002	37.630000000000003	0.80102940899897013	0.10328770126298692
0.20000000000000001	-0.19945972192171343	0.95648659390372759	0.46606995008567287	0.049704551121201458	32.930681509945046	219.46792188861772	323.13186732682226	34.283190528450021	202.4669534894536	299.59992024494233	97.659999999999997	52.710000000000001	37.659999999999997	0.78416247818689644	0.10365951027968374
0.22	-0.17581044815781752	0.95652942445618616	0.52508891514263412	0.062537524848088846	32.422911029472807	242.19356142519581	355.50237974161934	36.628691169331461	228.8030446125062	332.61523890112778	97.560000000000002	51.899999999999999	37.479999999999997	0.76801971817224168	0.10404960128980174
0.23999999999999999	-0.14965796224290487	0.95678628041194269	0.58118278961695957	0.08297236238201891	37.69957000955403	264.08742586457583	388.42911771823873	40.516167447862486	252.57389270885864	361.24988005634759	97.890000000000001	52.790000000000006	37.63000000000001	0.75254813774223517	0.10445483234697932
0.26000000000000001	-0.13306647521149512	0.95724586850958049	0.62779428781822966	0.10679554237883744	40.436882495757942	280.69237172828093	421.45126844874284	43.473671303857735	270.75043673600049	390.94503512780148	98.019999999999996	54.330000000000005	38.329999999999998	0.73770112399711663	0.10487248529150464
0.28000000000000003	-0.09657237211553675	0.95771833903280368	0.66374592738129778	0.12904826262579253	38.327678962921354	290.88700508873779	443.16122323764102	46.325056805033668	282.5247368809558	419.8945509065378	97.929999999999993	56.390000000000001	39.030000000000001	0.72343712428412599	0.10530015397244033
0.29999999999999999	-0.099018694637468194	0.95788704837063532	0.69175442819513866	0.15067571354944115	41.504998276697648	297.03421698881948	452.78161827169117	49.245574907036428	291.31366276002211	434.78512496792808	98.100000000000009	58.739999999999995	40.390000000000001	0.70971884838936572	0.10573569393007665
0.32000000000000001	-0.077861145775599397	0.95786685077161304	0.71188204798257959	0.17066343325324679	45.995104880034297	303.81150056917943	463.98307888498277	52.390934499008587	296.09318605095768	443.48254593246156	98.310000000000002	61.669999999999995	42.589999999999996	0.69651296806809371	0.10617719405578427
0.34000000000000002	-0.078030336773352485	0.95808957724404442	0.7266177687100781	0.18355987278238253	46.748291840526278	306.87780354234235	468.6162435714653	51.953431585847717	303.40125354029607	455.26329700337476	98.310000000000016	64.299999999999983	44.049999999999997	0.68378924916923967	0.10662305031943209
0.35999999999999999	-0.068465071647216574	0.95853575232923693	0.73722420951666767	0.19562757074782516	47.920930635371377	311.44260857967686	485.14743569939583	50.456065550099723	308.48116547660931	478.20173405749574	98.360000000000028	66.700000000000003	45.490000000000002	0.67152035085879047	0.10707182031899094
0.38	-0.060057721724113236	0.95947121006745972	0.74685158320038791	0.20882663867187118	49.430545881660919	314.59182082848571	509.53160343572802	51.130589811125539	314.39512733432332	499.44775754222275	98.390000000000001	68.75	47.390000000000008	0.65968118706157586	0.10752223965537877
0.40000000000000002	-0.071045057319556126	0.96048212346340467	0.75491178459119257	0.21886562051839337	60.433477227326122	317.20816948836745	538.25004852834684	52.116979404915796	318.98228110126138	520.88950001921057	98.650000000000006	70.599999999999994	49.369999999999997	0.64824902667605688	0.10797328464240892
0.41999999999999998	-0.064868155110272746	0.96153440561587666	0.75360154782447308	0.22642118420854124	58.646570515026539	322.81462345956891	561.16629740101962	53.472800824608861	324.05827000374148	553.83954532928567	98.63000000000001	72.539999999999992	50.000000000000007	0.63720276993412561	0.1084240113984376
0.44	-0.076642019601098746	0.96262005612103518	0.75228015056666675	0.2354653952356191	58.180253818229573	328.78916827062818	592.79923780697527	53.372620744275949	333.5135358924457	592.1890959392174	98.590000000000003	74.47999999999999	51.370000000000005	0.62652277931608746	0.10887365992565165
0.46000000000000002	-0.061422721978948241	0.96351114811027683	0.75051680007693566	0.24623849415096194	59.322561812944443	336.14777652581495	622.32465688034813	53.608444199022145	339.83509498574915	619.67775725420324	98.599999999999994	76.189999999999998	52.979999999999997	0.61619109289826013	0.10932154904775179
0.47999999999999998	-0.073817770741962774	0.96391275784846031	0.75133100838183764	0.25788466200017235	58.515731127631213	341.09170941106487	638.5436429171499	53.761315070897659	345.47399593211429	637.90002434264647	98.559999999999988	77.640000000000001	54.410000000000004	0.60619084080652408	0.10976711863287128
0.5	-0.0736818787937987	0.96426085262391648	0.75362278042595388	0.26842519236842621	59.568709559733463	345.05684561500664	648.97808593219384	55.174092543840501	349.66766073637427	644.364263396919	98.580000000000013	78.920000000000002	55.639999999999986	0.59650639208420997	0.11020990867523225
0.52000000000000002	-0.098529588345891775	0.96459214743322741	0.75298356526856913	0.27754483520714046	59.574632542487166	350.01067736574618	669.82013237683782	55.724578108687503	354.20695628108535	663.05962283626332	98.569999999999993	80.039999999999992	57.279999999999994	0.58712308835700244	0.11064956054137993
0.54000000000000004	-0.082081800169106892	0.9649814944046744	0.74834948748541985	0.28632778871496278	58.715917354482464	352.80304734448958	691.78420342555103	59.723873473252809	357.70831772865245	700.00797723679511	98.52000000000001	80.900000000000006	58.339999999999996	0.57802723021610958	0.11108575294254985
0.56000000000000005	-0.096445795127969844	0.96534984259643219	0.74396953755790318	0.2987564388127309	59.372753544624572	358.77334559862248	712.37972031713946	60.278435598064675	366.86865404903256	740.70391389854012	98.52000000000001	81.88000000000001	59.019999999999996	0.56920582357282268	0.11151817645779796
0.57999999999999996	-0.079909386872790977	0.96537269323047781	0.7421121585939876	0.31456081709598449	62.166094285825046	365.05173934074094	730.36184359107176	58.677791030732749	376.68726343088758	778.61539189181428	98.590000000000003	82.859999999999985	60.070000000000014	0.56064687463720786	0.11194662254034138
0.59999999999999998	-0.088623456093339631	0.96552589867931182	0.74254183252870232	0.33433503973145912	58.58543319637338	367.24309951797494	740.21499292894634	56.746817914048755	382.61851593145553	801.59681376511651	98.509999999999991	83.570000000000007	60.850000000000001	0.55233911113739997	0.11237093682619556
0.62	-0.088869726181549841	0.96535140431870325	0.74442330399934808	0.35738328561372013	61.156118569877968	363.64663389525845	749.66440030525996	54.300577222969103	388.19408368361206	808.31371948213723	98.569999999999993	84.049999999999997	62.079999999999998	0.54427176621263607	0.11279099983769506
0.64000000000000001	-0.10213413007649662	0.96529453931309472	0.74787630729381627	0.37739359563019637	63.226653629529252	361.41533740765078	758.04233796721053	51.759241177206889	392.82102909415511	809.66696472100091	98.589999999999989	84.539999999999992	63.580000000000005	0.5364346720356552	0.11320669910882038
0.66000000000000003	-0.095970014144983795	0.96490094650816327	0.75361105857551069	0.39477263768092768	62.878893383444463	363.12905506954786	762.59628247853152	51.571003149425977	399.52753265569925	806.74971714806111	98.550000000000011	85.150000000000006	64.840000000000003	0.52881830593864443	0.11361799283446303
0.68000000000000005	-0.078029494754568704	0.96463934946206698	0.76147588473815475	0.41185429802013179	65.021187118256776	369.99222725054449	761.84761787886907	51.022717673080244	406.65600340197432	807.28949526296253	98.560000000000016	85.930000000000007	65.699999999999989	0.52141355226546993	0.11402483005317868
0.70000000000000007	-0.11778037962652554	0.96470412931485627	0.76859672418799596	0.42470151291988778	61.757219647566089	381.98042567340519	764.21244844631087	54.291839717234076	412.8900989850751	808.07149367809473	98.52000000000001	86.810000000000002	66.789999999999992	0.51421184759521665	0.11442720580994352
0.71999999999999997	-0.10202567459273429	0.9649192594560827	0.7757716269161441	0.43623723468854542	65.357055376710122	382.40088517431661	768.25062555467889	54.901139525786789	413.2221818423568	807.02740207979434	98.580000000000013	87.280000000000001	67.700000000000017	0.50720501475136692	0.11482515569550793
0.73999999999999999	-0.12512462818420358	0.96519180942363914	0.78225509661035708	0.44772938098445092	66.825265868871938	388.69064315856326	770.42745693174595	56.003397067130194	417.04774752752428	813.23396476684843	98.639999999999986	87.900000000000006	68.700000000000003	0.50038538923571863	0.11521868297904844
0.76000000000000001	-0.090675972374083619	0.96523850842883241	0.79005053676591985	0.46567325596603926	65.236225020976462	388.99768516002592	783.97135380865484	57.45967758489023	419.73487988481656	820.89108971961673	98.620000000000005	88.320000000000007	70.090000000000003	0.49374563040950836	0.1156078262038428
0.78000000000000003	-0.095416261936517074	0.9654989675225909	0.79828882076526386	0.49280897034433913	62.817485882635708	391.58641521198052	789.92732631447791	58.07782329303641	416.65557284121849	833.60043094079117	98.589999999999989	88.760000000000019	71.039999999999992	0.48727876488906469	0.11599259850448422
0.80000000000000004	-0.097979859122353269	0.96600271858287257	0.80356465919453812	0.51618220922436553	62.388031420820369	389.4440280589198	799.37894923258068	57.335484439384388	415.53594140881205	846.4156560982035	98.599999999999994	88.960000000000008	71.879999999999995	0.48097819073857073	0.11637304675581014
0.82000000000000006	-0.11894255674434745	0.96638380640664234	0.80758422631682369	0.53562223503800144	59.540117190669513	388.98853936863799	795.57809537258083	56.513838335646923	415.80376298681966	860.55732854027724	98.539999999999992	89.240000000000009	72.249999999999986	0.47483760800032726	0.1167490997027435
0.83999999999999997	-0.10182559332708743	0.96661316029379007	0.81026995826630033	0.5467044056575624	61.23561884870098	396.22925226025654	809.84484109468747	57.138741951433573	420.82660071374011	876.7965152002364	98.580000000000013	89.649999999999991	73.239999999999995	0.46885106928141151	0.11712071700131452
0.85999999999999999	-0.11787614889827468	0.96658107539354299	0.81237230239437697	0.54825141312290238	63.679364978080841	399.27045244671035	811.01364433264098	57.60503657133502	421.11790596363028	886.2146976575184	98.620000000000005	89.960000000000008	73.829999999999998	0.46301298875580849	0.11748706653259355
0.88	-0.13142905149978706	0.9664012024616031	0.81555753762275063	0.55831848297091335	64.181602129973228	388.59618040294265	814.54327689259867	57.740890619497023	417.63242824611399	893.6545179931818	98.640000000000015	89.960000000000008	74.460000000000008	0.45731789343299878	0.11784820374867808
0.90000000000000002	-0.15991902168661681	0.96623837619610453	0.81847536984489255	0.55957662841301903	63.642652411772339	382.06828757504098	818.09443329267901	58.146720187159964	418.41799648086408	898.01043648326777	98.63000000000001	90.039999999999992	75.27000000000001	0.45176057437930972	0.11820498969319707
0.92000000000000004	-0.13746909234626487	0.96636108326503023	0.82051469845796043	0.55949540969143674	62.800696215538231	385.17639315102826	820.33893198877126	57.640985474925039	422.2026406975175	905.76568035618061	98.63000000000001	90.350000000000009	75.850000000000009	0.44633641203344937	0.11855645433626236
0.94000000000000006	-0.14598463929519798	0.96652919506321577	0.82207916706476625	0.56093065419720767	61.236957662599409	382.85255286673919	815.96578828496069	57.603984233448955	418.81467560457139	900.55230418508222	98.61999999999999	90.500000000000028	76.180000000000007	0.44104039220896379	0.11890280992514066
0.95999999999999996	-0.14276813423489823	0.96658621070458595	0.8229997371902279	0.56007285992864841	61.158012802737844	381.98357889860421	816.132637701166	56.711622325727788	416.59250641751879	900.06296695663696	98.650000000000006	90.700000000000017	76.609999999999999	0.43586786741169015	0.11924475956318741
0.97999999999999998	-0.15578620289814896	0.96671119302640884	0.82354999051129951	0.55768293374959177	61.559872552791305	383.75141477056576	813.81815954144099	55.57472215091741	413.78601706249538	896.78842852627463	98.669999999999987	90.920000000000002	76.909999999999997	0.43081460757777335	0.1195827491869194
1.0	-0.16505565996459887	0.96698218202853692	0.82487930769648554	0.55592899993395228	61.990518145065685	380.684799820249	816.65541463628358	54.580245866522887	411.46663443687811	901.01741772977914	98.709999999999994	91.009999999999991	77.25	0.42587656160465925	0.11991596227389641
1.02	-0.16870947035178727	0.96723986477777602	0.82624365096973951	0.55177375297703635	59.570144280609256	375.1707532485504	825.93093807369826	53.101623026881512	403.84710235763015	910.95819202389191	98.669999999999987	91.069999999999993	77.609999999999999	0.421049876391906	0.12024584066137353
1.04	-0.13741360753531479	0.96753854194490752	0.82607954098463554	0.53087092841171746	58.702659865626586	370.41788068987933	836.02518996163724	51.777412324648118	404.14464982674718	911.86663304826448	98.659999999999997	91.150000000000006	78.009999999999991	0.41633083481137712	0.12057260701453416
1.0600000000000001	-0.14057541202191515	0.96783665234310345	0.82825810112271281	0.53235951997529041	57.744139417284281	375.59387436796243	828.30850985190261	50.627088027390485	403.89971616879666	910.41819870097936	98.620000000000005	91.410000000000011	77.780000000000001	0.41171581212935154	0.1208964353065333
1.0800000000000001	-0.15492738618322649	0.9680870867446949	0.83301580769642669	0.55011025310314943	55.638734310309175	363.69303763736286	822.95031371875007	50.412495196185183	400.36576250313112	906.45158561812821	98.579999999999998	91.310000000000002	77.829999999999998	0.40720145705776101	0.12121741679188303
1.1000000000000001	-0.14988608031709821	0.96817553790351363	0.83646243178658808	0.57071231809071599	52.882107301650024	360.21813211812866	804.79454266854714	49.106139617292811	396.48319650837408	901.89181986265862	98.52000000000001	91.380000000000024	77.739999999999981	0.40278452684646826	0.12153550743205435
1.1200000000000001	-0.19263515858143279	0.96832326617524311	0.83964807722669321	0.57713144858693177	50.786100006102785	365.11567965626489	798.71573110682959	47.944185486784441	398.51545679820362	895.62075573179118	98.47999999999999	91.629999999999995	78.170000000000002	0.39846189358232287	0.12185056369028609
1.1400000000000001	-0.18229694863112986	0.96856091318754289	0.84244420339386861	0.57801312721894837	50.406938259577579	351.0949791041769	795.74098293021473	46.488252384514148	396.66012208224049	901.53847888044038	98.47999999999999	91.420000000000002	78.549999999999997	0.39423058396151944	0.12216188698157078
1.1599999999999999	-0.23933949444119201	0.96876392523416821	0.8452129546044278	0.58238499730731907	46.947737442514253	353.15622750854033	797.07523902388834	45.835178139600188	397.34317315154937	904.06877770106405	98.390000000000001	91.550000000000011	78.710000000000008	0.39008774134573637	0.12246893625769387
1.1799999999999999	-0.22010647115636195	0.96890234945881804	0.84792270962195726	0.59204962831236085	45.815253008139855	349.31319022802575	785.87907169207699	45.301888852345002	394.17256836016503	888.24540554088412	98.349999999999994	91.580000000000013	78.579999999999984	0.38603110556696335	0.12277088430198299
1.2	-0.22750404252106532	0.96893604430741453	0.85044933062089412	0.60069460772540029	43.429636498082587	344.21697748317001	771.03210850880282	44.372615878675916	387.88777838463147	872.25680694036396	98.269999999999982	91.600000000000009	78.249999999999986	0.38205798364879162	0.12306846797868176
1.22	-0.22567908651612581	0.96905440680069876	0.85312989567964725	0.60520077886692192	42.413759665042676	339.08828566764385	767.98376731401959	43.609090322643567	380.45814858360245	861.62860451451229	98.239999999999995	91.539999999999992	78.280000000000001	0.3781654793972466	0.12336268661980569
1.24	-0.24920097610152656	0.96959885420539549	0.85610453844591494	0.60766126818433563	40.227270916040922	333.2316564555411	763.0889588906382	42.104511006655002	370.31085963391126	844.8983120572484	98.159999999999997	91.460000000000008	77.999999999999986	0.37435092517315743	0.12365361461850169
1.26	-0.22522536217560679	0.97005516018840621	0.86011958880255412	0.61162229890597464	38.006271642258085	322.38322392049054	754.4039317454268	40.627074300281841	356.84552307895672	833.29548180546249	98.030000000000001	91.239999999999995	77.560000000000002	0.37061220571084469	0.12394106779844738
1.28	-0.18265160785309761	0.97040321448505207	0.86367453942689953	0.61521940424695032	37.961171529215889	312.83857119414466	737.67606684204543	39.057551604229403	344.64867773263256	820.48340240228151	98.000000000000014	90.980000000000018	76.909999999999997	0.36694707023545481	0.12422487055934932
1.3	-0.11974530840967623	0.96936940869788779	0.85051262092224889	0.56849095186682708	34.636539807067464	292.94510183024772	691.34643378079579	37.259761740250852	328.73365218589561	780.34106884621451	97.789999999999992	90.219999999999999	74.989999999999995	0.36334882556171932	0.12447429392947233
1.3200000000000001	-0.11243018985156343	0.97143598977874279	0.85906520989654744	0.59004332946012616	34.144859045575956	277.80323047357109	628.42977490777866	34.017730676347348	303.1155298988877	723.83571598681817	97.260000000000005	86.820000000000007	69.990000000000009	0.35981135852512935	0.12471245388775939
1.3400000000000001	-0.069673762487448762	0.97178204607961405	0.85726410613614257	0.58051457587833144	31.765424228239691	253.71975439685389	590.71381542506174	31.563466429102228	281.48330912408676	673.13742848720642	96.680000000000007	83.669999999999987	66.419999999999987	0.35633868642703714	0.12492493618452256
1.3600000000000001	-0.11849282484133257	0.97111806525817246	0.84145722782414156	0.52671479131035381	28.493559973571656	233.50143314386168	550.77845324613656	29.280060915904791	266.83791931631998	622.14461630733229	95.920000000000002	80.340000000000003	62.640000000000001	0.35293124617715976	0.12510521159068647
1.3800000000000001	-0.065433109410147017	0.96815082261788477	0.80551328344074413	0.4770050582057303	25.009406650478901	208.94877485620563	502.5325645609023	26.44634029255128	245.29616174063617	571.77822258761228	94.890000000000001	75.030000000000001	55.810000000000002	0.34952604760040801	0.12510044949331461
1.4000000000000001	-0.036129192065417558	0.97166999229742346	0.81474973111377413	0.52932061546221387	23.831825340853904	190.50204600331813	460.02222464187707	24.734663727874864	222.82982095721258	534.05652808910781	93.559999999999988	69.340000000000003	50.859999999999999	0.34612353955285607	0.12505538677908296
1.4199999999999999	-0.14101673328939279	0.97196377584505045	0.78027251559107635	0.47531019895138787	19.350110626993171	164.76571123837954	399.1735879915484	22.06525993638207	199.37574075723674	477.09071288090888	91.640000000000001	62.209999999999994	44.099999999999994	0.34275600173610343	0.12498916771434473
1.4399999999999999	-0.16482712255251855	0.9658900901545886	0.7364875263685301	0.43966029303104398	17.408113822213505	148.73679174380598	362.19872886236692	19.454749180362345	184.35377302920088	441.95179733593812	90.010000000000005	58.819999999999993	39.569999999999993	0.33939163803167383	0.12485133260987309
1.46	-0.12359458880835071	0.97018868134923419	0.67816854582461072	0.39542071541000834	15.369544377776643	127.11842394896757	313.48668028670835	16.166614094802803	162.71415764690227	385.52986292896475	88.510000000000005	52.260000000000005	32.730000000000004	0.33603483963166531	0.12453106934754063
1.48	-0.084669134940839386	0.96998703717174573	0.69800447611858041	0.4095247281879254	12.741823802834741	106.43693638565192	265.15194957651084	14.60281092470739	136.00839030046424	326.24647193331043	86.409999999999997	46.440000000000005	27.310000000000002	0.33271366754796716	0.12429422192226695
1.5	-0.16264230316767828	0.96616879185701698	0.59651801177010777	0.31016343778979505	10.524208537764233	85.377264102951116	218.39590602143772	12.477429417954019	112.25016598566739	267.00628457832084	83.72999999999999	38.199999999999996	20.919999999999995	0.32941000753492933	0.12382779745408745
1.52	0.029362197114582527	0.96440772681463405	0.55993655193246883	0.26938631883482189	9.0460960144245526	74.396689600794176	188.71522248990988	11.080306305980946	97.0239106219164	237.21570023030205	81.900000000000006	35.439999999999991	18.530000000000001	0.32614700377745903	0.12352193092596331
1.54	-0.16712575389503992	0.95995838493935115	0.49132919304477501	0.21944367239989124	6.2825066076443195	53.345544889377798	142.29786169700145	7.990163840942226	75.416751449298019	191.94258522647777	78.859999999999985	25.800000000000001	11.330000000000002	0.32292920638902267	0.1230830411858814
1.5600000000000001	-0.10407078252475842	0.95284925055618253	0.41429296418352363	0.2261487885608357	5.4575805242869952	47.895400221729659	130.64444094758505	7.2017953638825984	65.303676747549503	168.49520007743723	77.030000000000001	22.120000000000001	8.9399999999999995	0.31961274430501968	0.12233945854351039
1.5800000000000001	-0.21572398034642812	0.94765750097708545	0.3813487029898357	0.16594140363927354	5.144567896378212	43.834637100099883	121.01053276181032	6.8274085115736511	56.877020308527605	149.57340005966401	74.310000000000016	19.079999999999998	7.4599999999999991	0.3162461501013849	0.12153957593483744
1.6000000000000001	-0.17188505809233753	0.94780886900428885	0.38314943020305636	0.14163194967653975	4.6943707013997429	40.109483828446749	110.9067403410633	6.1889750800377055	52.27206429160011	137.72149100761828	72.070000000000007	17.640000000000001	6.0800000000000001	0.31296562027181674	0.12087690920509722
1.6200000000000001	-0.13889414393818988	0.9338864144723813	0.28181785258514591	0.085974597464896482	4.1057682461342093	36.842161075112131	98.158842366977069	5.1749816996609912	47.529479697144296	121.21762055799982	70.650000000000006	15.639999999999997	5.3700000000000001	0.30976272141142197	0.1203404286758577
1.6400000000000001	-0.1182539415177471	0.93979108505792763	0.28635758809893513	0.097934644040297447	3.418222134560243	33.425084707886462	87.140046818271614	4.3941241641725766	41.763381303211716	105.95368522846543	68.060000000000016	13.330000000000002	3.7399999999999993	0.30656061711050403	0.11968853529654408
1.6600000000000001	-0.055624257505963511	0.93753303496609308	0.28434020753115291	0.079119065128253424	3.0386738671464002	30.650144279458267	77.419053340804709	3.9238365163376026	38.195615733950305	97.474842649054693	66.159999999999997	10.989999999999998	2.5600000000000001	0.30344476491551814	0.11892458131105743
1.6799999999999999	-0.10557763827228356	0.9310213723785401	0.23376704690175054	0.06002280894556318	2.9435378229879086	28.687995675646778	71.223794254860081	3.7198388803343585	34.9569628711767	84.973397282490197	65.099999999999994	10.35	2.5100000000000007	0.30032535451571274	0.11851256401229759
1.7	-0.17703976216843453	0.91821977930070209	0.22586025141055971	0.043262937725134294	2.8208291411564494	26.825045788276064	69.812047584853488	3.4223618319041735	31.255365134338724	79.063871803750416	62.86999999999999	9.1999999999999993	2.25	0.29731579516315054	0.11786564953715492
1.72	0.028034329468851375	0.9260903526084	0.24995104124120476	0.049835644849809867	2.6657555254922882	24.964103911020491	61.713419227553587	3.2966134080909399	29.771098385375257	69.913891101989208	61.439999999999998	9.2100000000000009	2.2700000000000005	0.2942156766135765	0.11703598939684481
1.74	0.27293925798277968	0.91608822672814139	0.17423356504229653	0.026709640351447916	2.7136089203099973	25.155837349805346	64.686860303394852	3.3125504376222019	28.709294229766346	73.604638243833037	60.859999999999999	8.1099999999999994	1.9199999999999999	0.29115604043598281	0.11615519327728996
1.76	0.35777430428100798	0.90049452701593891	0.15830114495486652	0.026633997978130309	2.5924866359192351	23.446027252104564	58.200356509711185	3.1206633486471986	26.42048893144883	64.591618918184153	59.289999999999999	7.9400000000000004	1.8300000000000001	0.28822602617527449	0.11553697156057349
1.78	0.21134587683473169	0.82766720450779319	0.16460073690398394	0.030722138646109821	2.5693989703376605	23.534947433232148	57.456697083712029	3.0172081844022709	26.295424993138329	64.137596117950011	57.210000000000001	7.839999999999999	1.78	0.28538595447143283	0.11491409339343991
1.8	0.076960664213833116	0.88841688678088526	0.15374712473621982	0.039948128441454275	2.5134671318216677	22.509140613036031	56.031861248142015	2.9476520555839016	25.539861834502965	61.812032185419255	56.160000000000004	7.2099999999999991	1.6599999999999997	0.28269715730156109	0.11462102111410366
1.8200000000000001	0.32741656106861133	0.88303436971882765	0.19220919892973834	0.069349153032188707	2.5259662707672654	23.051026813096801	56.611367893020578	3.0912160179572434	25.176651559193619	61.470581157430146	56.88000000000001	7.1100000000000012	1.55	0.27978601785327645	0.11408780723429963
1.8400000000000001	0.1866022774104707	0.8703531549546778	0.15840893947718157	0.041793084035209552	2.4820174301484323	21.361717516987454	53.08975922894922	2.9477361261400898	23.66677103098035	58.855253605480968	55.080000000000005	6.6799999999999997	1.4599999999999997	0.27712472704972885	0.11354763332458732
1.8600000000000001	0.2271731623050518	0.85181766193694253	0.12339858423897096	0.04538672811057743	2.4221190299987247	21.029324056626205	52.533310588864744	2.9029430779200052	22.847064942778683	56.957766593889474	54.660000000000004	6.7900000000000009	1.8199999999999998	0.27439201148955816	0.11293279622500769
1.8800000000000001	0.82863677284197457	0.87215021595466857	0.16627346767461393	0.04696559896863247	2.4486434429725827	20.062737629457295	47.302855051474992	2.8131882413579996	21.195998145759681	49.436611933533534	52.019999999999996	5.9300000000000006	1.6800000000000002	0.2718630477586797	0.11228957918112337
1.9000000000000001	0.39331958871610384	0.84723714869842137	0.20781647404139841	0.08396420765092312	3.7285702252400315	29.586627397915265	84.181139209346014	4.4389913118775706	29.036916157524765	79.666580767898438	53.63000000000001	11.540000000000001	3.6399999999999997	0.26824299090226039	0.11190258506623954
1.9199999999999999	0.35669747951621228	0.84211030847686019	0.20471349907849867	0.087464433834743976	3.7233317299224318	29.916887156608066	84.330098658524179	4.2838704289038159	31.017711004587035	80.090164550432718	54.460000000000015	12.320000000000002	3.8700000000000001	0.2656501328223595	0.11137439004073608
1.9399999999999999	0.33181786157727144	0.79176045548508145	0.19428752781370853	0.042447952843048517	3.7026829392200007	29.181720658855987	80.945517327393546	4.6156345064437732	28.742858270229771	77.696491244855181	52.570000000000007	11.840000000000002	3.6899999999999999	0.26320405854409507	0.11060853554579904
1.96	0.34940597724606065	0.84195862689213907	0.20401870049411558	0.079942687001403556	3.5507621183935543	28.23422787655096	78.030158857718703	4.1956547092701957	28.672599659507426	74.011119054400965	51.939999999999998	11.92	3.6499999999999999	0.26051369200598912	0.11026834760325392
1.98	0.50394877679128691	0.80586811667824387	0.17059653283272166	0.072004943756166798	3.62601317376989	27.990387846681312	79.981528381001496	4.1760812207771334	28.371632339461364	76.920084747066326	50.729999999999997	10.639999999999999	3.4400000000000004	0.2580274004595825	0.10947341349214838
2.0	0.52702695127337051	0.79729536992489414	0.089930654670720284	0.042710289862085381	2.3134675787309709	18.573532843295077	42.338609588998807	2.6048851200289547	18.564660914815324	42.269338677947545	45.720000000000006	5.3100000000000005	1.2700000000000002	0.25751405717754261	0.10888704868288088
2.02	0.75090314591588192	0.77199574264990845	0.15668028293277547	0.076000933368759183	3.5862458298733357	27.394488454462817	73.688690003047725	3.9175556988116256	26.595207115550672	67.171853372092357	46.939999999999998	10.620000000000001	3.5	0.25316695848984516	0.10832916557809277
2.04	0.64963614491041644	0.74757910453040088	0.06498185242600793	0.011217444274674828	2.2640759018172321	16.711251580794244	38.011940430380598	2.4963542541897512	16.627705960713062	37.200285014825198	42.910000000000011	4.4699999999999998	1.3099999999999998	0.25288927141214235	0.1076003638853725
2.0600000000000001	0.91935315462671363	0.73071800124994368	0.11431845501841645	0.027355754827333784	2.3680806675352435	17.368112017637685	39.963970341548603	2.5765373628277368	16.713429126600989	38.709752999466687	44.38000000000001	6.0800000000000001	2.0599999999999996	0.24841314186678742	0.10731899572064049
2.0800000000000001	0.42461612733333481	0.70414329938159537	0.1601899113399177	0.08155973680599074	3.7529331388803229	25.586075891950028	71.032723201475136	3.9389196878061083	23.931350860982555	65.082684944687486	45.260000000000005	10.260000000000002	2.9900000000000002	0.24603808649126377	0.1061490050254404
2.1000000000000001	0.31571015917636719	0.7308778732839174	0.18172326306482264	0.064115660810515562	4.0062993102070665	24.729606893562	67.717695850431085	4.2866443395499401	23.156570516525914	61.406552680723259	46.429999999999993	11.16	3.6299999999999999	0.2408553001920383	0.1054869814016159
2.1200000000000001	0.7307967239231058	0.71468553963842396	0.14839201924760748	0.077908880673642752	3.4610553969630105	23.404784169000898	69.61234643853841	3.7338408817948667	22.643878161458563	64.225630710475059	44.049999999999997	9.9800000000000004	3.0099999999999998	0.24153166083729696	0.10500100007214994
2.1400000000000001	0.35320600830829957	0.75846898202572122	0.15250832223667965	0.070092148384914357	3.5664126368384488	22.265853096995645	63.164649437615459	3.8609847543169176	21.153344532877917	57.935184099398484	46.300000000000004	12.880000000000001	3.8200000000000012	0.2359626156443127	0.1045730081407924
2.1600000000000001	0.63261589331896162	0.69803185913920018	0.17011321044358724	0.065977761461507856	3.6769721266565911	23.439859243879468	66.914164872736748	3.9707766375212672	22.073527586855597	62.00404732230453	44.369999999999997	11.470000000000001	3.6300000000000003	0.23424805499205031	0.10396837658173849
2.1800000000000002	0.97773576625305136	0.69921336041069448	0.20963052178184455	0.082487464640459252	3.7091087875927684	21.999750805919795	65.767424790164156	3.9957572314185845	21.047586143018457	60.250405257361365	43.869999999999997	11.820000000000002	3.6600000000000001	0.23114522666190029	0.10347339582213537
2.2000000000000002	0.62569951347753416	0.68169898996548817	0.15962565363348907	0.072711836032022928	3.7999255767329223	21.738121464848099	62.818648980426204	3.9936373369568101	21.400768207122677	58.111526520533609	42.619999999999997	10.44	2.96	0.22895893807429371	0.10311157778173423
2.2200000000000002	0.39041556555279205	0.62492214335974239	0.15237251165619434	0.086877342267336746	3.5324398048769283	21.25142719649519	58.996783157445769	3.5885518563530652	20.652904786382514	54.686863552644354	41.509999999999998	10.56	3.7300000000000004	0.23121994933997786	0.10261867561264981
2.2400000000000002	0.61745643568492836	0.56847390122336339	0.14347466224684466	0.071820976171925455	3.8395233147140728	21.470854841938362	59.084732920895043	3.7749722344638905	20.078750570502105	55.128096955344951	40.649999999999999	10.67	3.2399999999999998	0.22452972400552357	0.10201974175790085
2.2600000000000002	0.86323870045159345	0.61807355256556906	0.1668471194082336	0.068240668307992774	3.4317774610443657	20.758196509978696	62.201472372848592	3.5581590629241431	19.303740339198828	57.904719600112209	40.709999999999994	10.440000000000001	2.9999999999999996	0.22288540263351261	0.10176348836815548
2.2800000000000002	1.0028864466187855	0.59081676277674855	0.077253641911522161	0.015411704600341383	2.1821857758310115	12.549058939148956	28.881324823096655	2.2776997445793929	11.687671452094895	27.018480076428865	36.230000000000004	5.9800000000000004	1.7100000000000002	0.22513228564464211	0.1012477830547748
2.3000000000000003	1.0763879891114931	0.54830515032712079	0.044379495967796459	0.018719239767540679	2.0670018740367642	10.993367890145279	23.5065218584534	2.167048459330033	10.275714600443413	21.317883639744544	33.010000000000005	5.3400000000000007	1.6699999999999999	0.22740182384478694	0.10062814773180831
2.3199999999999998	1.1837989599910657	0.44237756729936695	0.037795000387940106	0.020909573012152415	2.1209024840752568	11.340684062099502	26.51983699322248	2.1894960477950813	10.633435160099866	23.730961446171555	32.340000000000003	4.7199999999999998	1.53	0.2262598692360426	0.1000454233947822
2.3399999999999999	1.9141101211820191	0.53574500417306503	0.095783705567727612	0.027844801916496676	2.7721228138575347	16.369607827317548	40.157869234738371	2.8963963681775189	15.096229202107997	36.072698747956373	39.109999999999999	8.7000000000000011	2.7600000000000007	0.21932271358660854	0.099557219806824096
2.3599999999999999	1.2623094273012405	0.48802263709989174	0.03168706388102828	0.016350844425872375	2.0460434140272339	11.659622063711627	26.739038017479817	2.1227705548469489	10.80097695534381	24.081604371481642	33.670000000000002	4.4900000000000002	1.3599999999999999	0.22248509734904318	0.099396397694034702
2.3799999999999999	1.3131353062500764	0.47173909357726912	0.01456860067591583	0.011613015403040826	1.9969376112952524	9.9873278063717699	21.305678323146918	2.0284824200094063	9.0680136258128403	19.472106130774584	31.659999999999997	5.1300000000000008	1.5100000000000002	0.22040345297987973	0.098675612965539478
2.3999999999999999	1.4532257584866755	0.41511731182121298	0.030852408333154953	0.010689036756894209	2.0925009305517355	10.678536704477295	22.445543125058798	2.0861945098949142	9.9051115187785097	20.529288463423303	29.780000000000008	4.7400000000000002	1.6400000000000001	0.21921348676675709	0.097862862225567365
2.4199999999999999	1.2428599541987337	0.52441422444605001	0.055797507169808268	0.016196743041627326	2.0882459897475778	10.754512762583442	23.470410261747251	2.1301524701166343	9.9638789472931428	21.097994461143564	31.869999999999997	6.4699999999999989	2.6700000000000008	0.21198447394509809	0.097826263348433307
2.4399999999999999	1.3253703005690252	0.41272681804795353	0.01749407845578789	0.014387304519451985	2.0776034924838651	10.76334803831095	21.78397228902066	2.0458499499055227	9.740652318109623	19.489962310028535	30.010000000000002	4.3499999999999996	1.3999999999999999	0.21609666880847511	0.096562140647972861
2.46	1.2971348728316925	0.45510401300888648	0.030912432322610945	0.008590685484260157	2.0582209832219407	9.7454187919270332	20.76684765843607	2.0574624906454968	8.990450377027539	18.753027630944889	31.949999999999999	6.6399999999999988	2.1299999999999999	0.20850334708802926	0.096604832206481861
2.48	1.6316790785265978	0.42753136819878901	0.031530177231263085	0.016601843702585575	2.0435912776121929	9.5558353019189006	19.765934745114414	2.0564004425619551	8.5484849507542968	17.5249628650628	31.52	7.3099999999999996	3.1000000000000005	0.20099746350085207	0.096622821408623896
2.5	1.7525438921846392	0.33228186891285055	0.011323864582025717	0.0096625140407209167	1.9933294665751977	9.1261356273004797	18.896031221083	1.9286195796274099	8.2064497689683602	16.622823511545203	29.079999999999995	5.2700000000000005	1.8999999999999999	0.19806549428946943	0.095947979173653122
2.52	1.6532575245372811	0.33641866822002686	0.032856059192612086	0.013787906049683645	1.9676191925615025	8.624991595054329	19.514463692738143	1.8855940389131316	7.6592323699966212	16.914031850658155	28.469999999999999	5.5099999999999998	1.6000000000000001	0.20357726623148453	0.094813527925889235
2.54	1.9671914411675935	0.32956171362881936	0.016803080214354185	0.011218944782775919	2.0032818903634837	8.8120628776177341	18.629422794511598	1.9298773653469099	7.8660328339557726	16.069397873793591	28.68	5.1699999999999999	2.0099999999999998	0.20798197811810054	0.093809543069142326
2.5600000000000001	2.2559604773580371	0.4129969737916479	0.015555293618976285	0.011267143098940337	2.0114678484471855	8.3545753953830317	18.866796057396755	1.9610932258848333	7.6006194508719034	17.425510303995878	30.050000000000004	7.2599999999999998	2.8700000000000001	0.19979935519637781	0.094292614512736475
2.5800000000000001	2.0161729289040591	0.29907574597013065	0.01875708303729013	0.014196335070643546	1.9657924455675946	8.0788944785944796	17.526235572950629	1.9160751395840658	7.1882692040269189	15.109564368375747	28.669999999999995	6.04	2.1699999999999999	0.19827822621076335	0.093301900853952999
2.6000000000000001	2.0113484168188429	0.27716632497153093	0.016199820432660512	0.019818206626097491	1.9961385585099318	7.9113785257116618	16.166382805615882	1.8699657231257247	7.0335316896765603	14.218202200954059	27.790000000000003	6.0800000000000001	1.8899999999999999	0.203390552315342	0.092357436806220369
2.6200000000000001	2.4530419147465059	0.23558856293245753	0.0056036211065315913	0.0088677986830325625	1.9401405107950169	8.0211624701376749	18.064103660894716	1.8537611445098079	7.2294354951617752	16.42246076130661	27.719999999999999	6.1500000000000004	2.2700000000000005	0.19556478968504051	0.091454885555681875
2.6400000000000001	2.0101277661049344	0.24514826442013699	0.009056880949075214	0.0049972251608505899	1.9240427003441956	7.2630693265242101	15.362278742454894	1.8239529464354365	6.3699496366139661	13.274938787403531	26.839999999999996	6.29	2.29	0.19408875247346905	0.091270285578716498
2.6600000000000001	2.1600226177170012	0.19898074185702941	0.015532735992508323	0.007709166319533718	1.9244838015800778	7.3076479938237666	15.356541343844199	1.8317405677934251	6.5326129398707575	13.222739027612807	26.969999999999999	6.3799999999999999	2.23	0.19901005656720966	0.090831309001626101
2.6800000000000002	2.0395742579586575	0.25487584696884136	0.014010414890050601	0.020007162533023447	1.9898385930576157	7.8571214617986254	16.603111856675341	1.8523387794138837	6.9276964025220185	14.102000175519677	25.820000000000004	5.6599999999999993	1.95	0.19733678080231229	0.09039463379280184
2.7000000000000002	2.3869276712606213	0.22465940915652763	0.009283900929476261	0.014404135949004304	1.892631407949753	6.8890775180356894	14.230953435074634	1.776719897034686	6.0940510074285212	12.463935390349301	26.869999999999997	7.1100000000000012	2.3999999999999999	0.19585510584838234	0.08984121890120815
2.7200000000000002	2.2885738370692268	0.20888877226432881	0.016826676463910176	0.011338466375485605	1.9410401951620611	6.6956712921314532	13.874417872620707	1.8285778258584398	5.8189051592222949	11.851824062882843	25.990000000000002	6.6699999999999999	2.6499999999999999	0.1947871709370777	0.089080422582979629
2.7400000000000002	2.4729297351176593	0.27780975909907762	0.041483462888943404	0.015694932851139064	1.9072149647399894	6.5082297703746574	13.052243102238529	1.7993328077286534	5.6907014982910118	11.229425965664916	28.039999999999999	8.5500000000000007	3.79	0.1864102081416073	0.08916449016637365
2.7600000000000002	2.6207067629952632	0.25190155286338578	0.079384730356334282	0.038206744558884724	2.4812167193126098	12.206201361705649	25.173929167439969	2.4745874505023076	11.252668543567188	22.816996645171592	30.489999999999998	8.7100000000000009	3.1099999999999999	0.18531039883144867	0.088098760987240093
2.7800000000000002	2.9479480131717875	0.25188782485533101	0.016440731532792786	0.014545349110272738	1.8911258411230527	6.2634886767850011	12.377926485927112	1.7964567193260752	5.6580910951712982	10.939284723609594	28.539999999999999	8.9000000000000004	3.8600000000000003	0.18361607136900035	0.087739500897195927
2.8000000000000003	2.513930373055091	0.1855982019937337	0.010818622238143075	0.0050874091595876619	1.9735731424580183	7.239694017037098	14.863226097584704	1.818339308576147	6.3723494451433922	12.679029281939751	25.100000000000001	6.3499999999999996	2.2600000000000007	0.18268567672615466	0.087343147193766554
2.8199999999999998	2.8190664140751269	0.17658248576718166	0.0088245263080266676	0.0028669026954746485	1.8401064739771233	6.1617352646022416	12.242609910674535	1.6903321754060798	5.4319055456905101	10.424108669062111	25.259999999999998	6.8700000000000001	2.5699999999999998	0.18824273895824201	0.087088084615554701
2.8399999999999999	3.0260093202725935	0.21305476928867817	0.026340777778033418	0.01655198075760619	1.909703366716381	5.6913682105000785	11.334981903299854	1.7416429974003229	5.0207792825148685	9.672603191014856	27.07	9.2700000000000014	3.5900000000000007	0.17950201968161417	0.08699232055372827
2.8599999999999999	2.8850030531010997	0.13818279180317644	0.016078332498584293	0.020762063823701597	1.9112153093323385	6.3015056098430646	12.86121085225858	1.7472020317913213	5.5006464751195665	10.926430638089666	24.279999999999998	6.8000000000000016	2.6500000000000004	0.18615190636612111	0.085909136320637874
2.8799999999999999	2.9089662076098977	0.13278919656667992	0.010224087887619918	0.012041718007644846	1.8874269698692803	5.832369956024352	11.452471865876559	1.7099103885764013	5.1350240836657672	9.7660542749787638	24.07	7.2800000000000011	2.54	0.1773290570372324	0.085549749034501424
2.8999999999999999	2.5399672800348636	0.12550328864754684	0.0033722808022351369	0.012730222102587396	1.9090673179496207	5.8811589328600826	11.889222011902543	1.7286326160245551	5.1204521421755747	10.110795707301598	25.149999999999999	7.0999999999999996	2.8199999999999998	0.18314528677934641	0.084956750598255887
2.9199999999999999	3.6711562109430029	0.11517475974530514	0.007514295854811363	0.0024295593819390281	1.8925201159407752	5.8996607516220649	11.134720212467638	1.7157662679859693	5.1308194247187648	9.39178689760924	24.5	7.4400000000000004	2.6799999999999997	0.18210014790547766	0.084735743439640743
2.9399999999999999	3.1317556716396191	0.20717403601782797	0.020592926650728035	0.015808314246001737	1.8441923785319667	5.5810242526103417	10.721722212505943	1.7218497056030322	4.8836029522412394	9.1603745679380761	26.990000000000002	9.3200000000000003	4.1200000000000001	0.16619093514312189	0.084778555734317959
2.96	2.5569716981768251	0.11326645977524079	0.0034101668249297361	0.012004804555246391	1.837928715090944	5.7338129359774994	11.008127801274426	1.6789589602517314	4.9591646026871299	9.3354430548783274	24.130000000000003	7.3700000000000001	2.6999999999999997	0.17972782661558581	0.083390911035972709
2.98	3.2402323309488885	0.11873520922582345	0.0079884845857673241	0.0072999154675507331	1.8370813092877185	5.3586339284765527	10.720932647502647	1.6549744786731924	4.6359396146353262	9.1255388946663984	25.049999999999997	7.4900000000000002	3.5	0.16407088754563112	0.083387650734419658
3.0	3.2112069965724639	0.11314989747721722	0.0077279390948710013	0.0042861109977400998	1.8203979190581774	5.1634561579327958	10.298717758229994	1.6528014372301878	4.5308368022765535	8.7083766378387004	24.649999999999999	8.0899999999999999	2.8500000000000001	0.17015311015916615	0.082936577440123241
3.02	3.2793839332729351	0.18572892171860339	0.0056049118553068624	0.021081270474461337	1.836212441253581	5.1820091015188545	10.071510399733253	1.6740684512136361	4.602051471163894	8.7034266662679496	25.899999999999999	9.629999999999999	4.370000000000001	0.16901433446882003	0.082455102947460931
3.04	3.3437843086720291	0.094263159751438508	0.0082058608230959756	0.0099197463743348167	1.8510181946457365	5.4860695628098934	10.808173804335581	1.6799371804439036	4.8116349104056768	9.1473214176418693	23.689999999999998	8.1799999999999997	3.1299999999999999	0.17510969676944932	0.081969447052779948
3.0600000000000001	3.561079349006945	0.10809124257318989	0.0044072203045529479	0.016759392983059736	1.8251464319183686	5.3133739132015139	10.518785013139544	1.6542833389899052	4.6116435407011966	8.9668511019567951	24.709999999999997	8.1999999999999993	2.7199999999999998	0.17422291883948993	0.08157029852677164
3.0800000000000001	3.2446680539980406	0.10403317481678945	0.0042162509143865226	0.0021139132939293425	1.8058636404337975	5.1211579177661708	10.181384075713119	1.6609987851852359	4.5161369427712144	8.7267554386914163	23.43	8.0300000000000011	3.0800000000000001	0.17292183548706	0.081165467033162852
3.1000000000000001	2.9636215046235495	0.14314669217340684	0.013609496542909738	0.027161775584819293	1.8407453281126021	4.9259654401688717	9.5061281964265518	1.6767072866640504	4.300121090046586	7.895632503847331	25.899999999999999	9.6500000000000004	4.1299999999999999	0.15728832250091468	0.081028599453600622
3.1200000000000001	3.4440661529931331	0.097724393817795033	0.011896900183229784	0.012902461014883557	1.8031049583421399	4.8863741296100827	9.5383713835539332	1.6268216058527898	4.2215637920599018	8.0854964212807516	24.350000000000001	8.759999999999998	3.0300000000000002	0.17044326313108288	0.08014688666810435
3.1400000000000001	3.5878391765936373	0.083682903873773848	0.0075023522546125015	0.0049481491794857967	1.8168558647035933	5.0014485563088469	9.6518293474541608	1.6260654792408957	4.3433171208407151	8.2271485703388443	23.720000000000002	8.0800000000000001	2.9800000000000004	0.16984873063407052	0.079859968547602647
3.1600000000000001	3.411631494485551	0.075161566850528633	0.0099258486772183779	0.0082274665867685861	1.8319320403539048	5.0312807241329658	9.9190212092639918	1.6517156954943073	4.3652129041824956	8.3836675393234081	24.279999999999998	8.0700000000000021	3.1400000000000001	0.15398368733548551	0.080290920300014765
3.1800000000000002	3.8584069304228121	0.080800819045183589	0.0058594663925547776	0.012268077126255546	1.784262383728954	4.7970399212598629	9.2567314819386759	1.6107754002739125	4.1416498393380667	7.8559154679995942	24.270000000000003	9.120000000000001	3.6000000000000005	0.16009897207799792	0.079879356854378664
3.2000000000000002	3.6194825526656849	0.062069467416509691	0.0028208586959334245	0.0094535568514862427	1.8386593070814299	5.0286950239413839	9.2997984102369138	1.6542474080756573	4.3724390062082978	7.8964476447594434	24.559999999999995	8.2899999999999991	3.4700000000000002	0.16661570122543023	0.078890828378563857
3.2200000000000002	3.3700064420527784	0.077627957796169947	0.010869673946156533	0.0041331894943151624	1.8310143037629554	5.0971363772445741	9.6011046074504414	1.6521272066062074	4.4048332433309252	8.2561770535208669	23.68	8.1500000000000004	3.2999999999999998	0.16542535849865617	0.078834358623628753
3.2400000000000002	3.3559729164028891	0.062363205968833449	0.0053245763372857299	0.012317826714047807	1.8193245074744131	4.7931340853141027	9.5285954142329583	1.6186260721014645	4.2072614807614794	8.0977271648414053	24.210000000000001	8.9499999999999993	3.6800000000000006	0.15706743143428537	0.07802704563881184
3.2600000000000002	3.94505423194079	0.064863064894688294	0.0044727773081791071	0.014126145176424163	1.7880926052388966	4.7034101316207586	8.8443244826051792	1.5842521371968921	4.1124090495930448	7.5838882882188328	23.580000000000002	8.3499999999999996	3.4199999999999995	0.15616266235870019	0.077911945424686005
3.2800000000000002	3.9142654709801308	0.094560291424924142	0.015032996903605905	0.012334168882791912	1.8300705182609254	4.7311122097812675	8.9151058779959023	1.6449343239410947	4.0775003133687528	7.5599697038559626	23.600000000000001	8.5899999999999999	3.5799999999999996	0.15527303200076253	0.077643536954665748
3.3000000000000003	3.6120280267531197	0.059490475875103498	0.0041001144398551499	0.01446092438602457	1.817116019236229	4.5868743499894267	8.6110003274826816	1.6221519356973757	3.972133785704969	7.31348404928797	23.75	9.2000000000000011	3.6100000000000003	0.16140454482644273	0.076854027806960989
3.3200000000000003	3.7822736167525366	0.051623952119343383	0.0055840782426699875	0.0065564269655564791	1.75385110706119	4.568676152263202	8.5848920736563947	1.6065616469048476	4.0032479868634292	7.3089353573027278	23.559999999999999	9.3399999999999999	3.8100000000000001	0.16018415331809774	0.076909652120713559
3.3399999999999999	3.8808436724443216	0.056087877632891817	0.00094490564022190198	0.0056023903920653382	1.7972735237336686	4.6714687613853902	8.9240950070613376	1.5994381242342111	4.0133844749799694	7.4942764782052222	23.059999999999999	8.4399999999999995	3.75	0.15215439564283451	0.076512777029744017
3.3599999999999999	4.1025073088835979	0.058334359337048239	0.0056974150681389588	0.0080025946907549654	1.7562522765982631	4.4809453088737872	8.6721744474674942	1.5680169124890728	3.8438655229987866	7.3457419294172084	24.050000000000001	9.75	3.7000000000000006	0.15137041424215567	0.076327610212774302
3.3799999999999999	4.2152173326316404	0.067328892167546603	0.0082604922387848473	0.0062570238762213433	1.7894373691639003	4.6324505238161189	8.7163617787267249	1.6024452298220269	3.9472310981316179	7.3302722070386279	23.239999999999998	9.5400000000000009	3.5499999999999998	0.15781656854661991	0.075477536447151161
3.3999999999999999	3.9386449763223079	0.06742000222096893	0.0077536639091058358	0.012827374402705793	1.8234145979333303	4.7073048208112782	8.8096093184707804	1.6257078125162558	4.0341101152414094	7.3757923149496891	23.389999999999997	8.9800000000000004	3.6600000000000001	0.15676662906837263	0.075271330167308748
3.4199999999999999	3.5167474441730482	0.055118744066171385	0.0082116986507458269	0.010718733769606643	1.7601554716485026	4.4654960755776516	8.3918141300453115	1.5825463593825009	3.8983831324941876	7.1083682653463693	23.59	9.2899999999999974	3.7500000000000009	0.15565806559509962	0.074766526269214748
3.4399999999999999	4.5367663373167151	0.049352587633521988	0.0065242114250698329	0.02529449454680676	1.7680340014217155	4.4563075236916649	8.6432146142031705	1.5994552190254097	3.8949673661525437	7.3330316746608402	23.550000000000001	9.379999999999999	3.8200000000000003	0.15495432581378252	0.074640030990496209
3.46	4.1078015033484165	0.047673716488007903	0.004809246104418418	0.0097506635632543699	1.7447393711857953	4.3621740565256113	8.2676289044980003	1.5530101860944205	3.7946461537017897	6.942671678523725	23.579999999999998	10.09	4.0800000000000001	0.15440403983321085	0.073959786660977217
3.48	4.261359192029067	0.036830585308443721	0.0040948217510794541	0.0035218533904130974	1.7547698175886737	4.2738516400228868	8.2415521101135241	1.5563705951948745	3.6525956742679413	6.8379457939065134	24.27	9.620000000000001	4.2400000000000002	0.15328864126628608	0.073629419154010209
3.5	4.8936141369224453	0.03744445173174292	0.0057799634714642695	0.0071758937935840301	1.7918267387387359	4.3632639028861071	8.1976919838575153	1.5936125684881288	3.7833458626364616	6.8686918006876612	23.199999999999999	9.5800000000000001	4.3800000000000008	0.1525720302113851	0.073313614998600091
3.52	4.4646066877915951	0.033275940914345242	0.0012535138660286238	0.0052468078897541957	1.7544082211525218	4.434669385039486	8.1957300498197565	1.5374688542468005	3.7628083754216668	6.9016975416778292	23.589999999999996	9.379999999999999	4.1899999999999995	0.1515806589759604	0.072999470348937681
3.54	5.2165507453260522	0.036977658940399935	0.0047617600460872749	0.0081358436070547192	1.7362490908237143	4.3052020032554053	8.4928610957427448	1.5364851630331073	3.6365028776607282	7.0777600499496769	23.890000000000004	9.8499999999999996	3.6499999999999999	0.15095124331313275	0.072718618828816792
3.5600000000000001	4.9129932534049594	0.04453701468471765	0.0057593901269215797	0.01334354773042018	1.7543795738261845	4.2211739752482691	7.9815440657698247	1.5668751762313251	3.675996969294232	6.7729917045186827	23.66	9.8899999999999988	3.8799999999999999	0.14999761480719748	0.072369995686940372
3.5800000000000001	4.6051924208387423	0.028123212087996251	0.0030828447094967699	0.0045109445878793453	1.7598035578693056	4.2863495855252998	8.0110381467161087	1.5732771710649383	3.7123231285242779	6.775689191789823	24.160000000000004	10.129999999999999	4.3700000000000019	0.14934496902394159	0.07214097929316883
3.6000000000000001	4.6036476752190589	0.034891077381200328	0.011875743286633602	0.0093802935713991724	1.73684708607142	4.2210365515007906	8.2163373385678753	1.5351103153777816	3.618795350988036	6.977540669540323	24.050000000000001	9.6400000000000006	4.3099999999999996	0.14823955819788262	0.072069227328084656
3.6200000000000001	4.0343978475744757	0.022517679323902882	0.0043898507294277246	0.011382066465529675	1.7678161960736194	4.24812466099098	8.0104199031295629	1.5612145816721983	3.6427341436338501	6.8480551773140963	24.000000000000004	9.7700000000000014	4.2000000000000002	0.14726449113963089	0.071594099907959036
3.6400000000000001	4.928583158650448	0.044902630696967795	0.0038493916725837575	0.0090040008571566528	1.7598790434597835	4.1229898223892691	7.7579350348119309	1.549330548304326	3.6008450180879272	6.654254014154664	23.41	10.34	4.2700000000000005	0.14648458494002631	0.071475481191579121
3.6600000000000001	4.600938360491698	0.034585735895174191	0.0086748372060187033	0.010079107714555311	1.7383351596530343	4.1873062733328741	8.111756652745159	1.5276683812323988	3.5863213331149497	6.7907281465751144	23.139999999999997	10.07	3.8999999999999995	0.14558606306370947	0.070848526175096876
3.6800000000000002	4.6693769832901451	0.058022522927576856	0.0031461058398643939	0.0041750435782164112	1.7390130124527992	4.238478322779657	7.769061383108296	1.5267552764461643	3.663430671279575	6.5344567141579883	23.830000000000002	9.3699999999999992	4.7500000000000009	0.13841376702925237	0.070939051040857889
3.7000000000000002	4.9735384281601416	0.028680316405195572	0.0093511795007970907	0.0075351328477064007	1.7517422325374004	4.1975111029872068	7.8634495911347617	1.5541897535303215	3.6056388963850892	6.5766721532331811	23.219999999999999	9.6600000000000001	4.46	0.14404026837026881	0.070417280686558226
3.7200000000000002	5.1720844312365708	0.031555323950498024	0.0048512118129927428	0.0086778061404073036	1.7392664668236211	4.0120517083240665	7.6288535225630225	1.5369840516356701	3.4918010807889117	6.4181787800711678	23.789999999999999	9.9800000000000004	4.3700000000000001	0.14336214377490158	0.069732879629185798
3.7400000000000002	4.9228403745655349	0.037019741929830978	0.013746098405576695	0.0094173891697688812	1.7116581084636953	4.012233264663883	7.4269116698745403	1.4874770156083827	3.4658848411263294	6.2103030623972808	24.059999999999999	10.07	4.3799999999999999	0.14238710049759903	0.069571212689860024
3.7600000000000002	5.3342871524090238	0.028581635191207481	0.0040126860486864122	0.0039659708378195577	1.7196603297118425	4.117684363424674	7.8101722469605308	1.5211286406406912	3.5602061621783605	6.5402286295350294	23.420000000000002	9.6799999999999997	4.3799999999999999	0.14180030810116728	0.069368432542243244
3.7800000000000002	4.8456060460881911	0.029112920397186871	0.0034646883757869533	0.0076725663797915095	1.7353776927869915	4.0395476050050636	7.5003033796405019	1.5293857434941895	3.5283087959447372	6.3255465781204858	23.939999999999998	10.380000000000001	4.5800000000000001	0.14089562139348896	0.069227618199657406
3.8000000000000003	5.2651888609910857	0.019219979965061952	0.0046286492166109205	0.0076745611582790503	1.7752046112599118	4.1504362657413028	7.7043923850964804	1.5662565189298534	3.5983087828848239	6.5305642641514172	23.52	10.27	4.6199999999999992	0.14025680434798166	0.068773786902740261
3.8200000000000003	4.787483808135125	0.021338062558685401	0.0052303200024854963	0.0088101641619035866	1.7213918895862843	4.012954387691237	7.2228997266463439	1.5055636074906484	3.4868350106114492	6.2519848429525631	23.379999999999999	10.149999999999999	4.5299999999999994	0.13937237474438266	0.068406793076568564
3.8399999999999999	5.19229431366211	0.015879493422909938	0.0040157340291124503	0.0057625391592967578	1.6705724555494554	3.8762924906978276	7.4180618578145427	1.4868802955723008	3.3149426748835396	6.3373829689089174	23.68	10.530000000000001	4.8600000000000003	0.1388254103531778	0.068224321945927424
3.8599999999999999	5.384258497267842	0.020490811196014945	0.0039862901419416789	0.014086363653785974	1.7158896113242423	4.0387940638270639	7.4348969749435154	1.5176221308583704	3.4642629939208063	6.2907714108734858	23.610000000000007	10.459999999999999	4.6099999999999994	0.13846397365644783	0.067771516365171036
3.8799999999999999	5.5787379888968855	0.016283696065461012	0.0097172024343736476	0.0046870481274223262	1.7311128087927099	3.8882950858346952	7.069513301819053	1.5404746274938861	3.3707365322497984	5.9987449914511455	23.279999999999994	10.82	5.1200000000000001	0.13760759131776382	0.067663040677457043
3.8999999999999999	5.2466534214530878	0.019742416030445437	0.005763571623686529	0.0075711323020817706	1.7416999700138107	4.0708692761634477	7.4972749320101881	1.5140276343768737	3.4870508400565043	6.2634640228160174	22.959999999999997	10.709999999999999	4.9400000000000004	0.13650472463879249	0.067219576253489732
3.9199999999999999	5.677480302797151	0.019997514956039623	0.0052748739635793945	0.0094263711826612917	1.7131294912186505	3.9929692142964361	7.7015462849245964	1.520619376469555	3.4355920550309316	6.5372338239237333	24.359999999999996	10.620000000000001	4.0600000000000005	0.13606914286544997	0.067137981963302312
3.9399999999999999	5.3250651560745856	0.021431011433659105	0.0033720961645803274	0.0057084261278419288	1.7400677031454728	4.0047990644323486	7.7269360983090367	1.530062023800091	3.4341906182701152	6.5566596508348711	23.039999999999999	10.830000000000002	4.5599999999999996	0.13530834951265697	0.066495935120044897
3.96	5.3568237610183775	0.010759239530462204	0.0033749507930884064	0.0061164652796410991	1.6912543322785976	3.7552545262897423	7.187906138697171	1.4872577896717052	3.2190980845704864	6.0606338257631691	23.68	10.370000000000001	5.1300000000000008	0.1346159813561674	0.066517019292012869
3.98	5.5888704202044703	0.026543170832293843	0.0047348066203870406	0.0037708199384488932	1.7403934417552147	4.0081109093027081	7.3379625427129271	1.5496251055100516	3.4538304661951051	6.2397204814109504	23.330000000000002	10.390000000000002	4.5400000000000009	0.13408952137794911	0.066644930828297963
4.0	5.5101730008560805	0.022904579241072108	0.0088344561607128363	0.01231360562227451	1.6920211280512045	3.9048487339467202	7.2413488367389904	1.5096740394299633	3.3540447764609276	6.111463209942575	23.380000000000003	10.870000000000001	4.8299999999999992	0.13310881034294228	0.066019550489493845
