f	stdf
1.005911887598478	0.10002578239102246
0.97937065961840908	0.10003524462467786
0.95419409064591199	0.10014652655262887
0.93027945686885327	0.10034460689428069
0.90753409052316469	0.10061644385098745
0.88587417874111274	0.10095072988846077
0.86522373803742381	0.10133767327945302
0.84551370713702345	0.10176880299027048
0.82668117280590281	0.10223679569969879
0.80866874177319559	0.10273533157659348
0.79142391462871098	0.10325895826318914
0.77489854916988843	0.10380296822312632
0.75904843169255176	0.10436330079343711
0.74383295105864156	0.1049364724632957
0.72921468372120646	0.10551948800906778
0.71515905160853077	0.10610976775756686
0.70163409827412948	0.1067050993312801
0.68861025939641118	0.10730358992019483
0.67606014396861858	0.10790361931882091
0.66395829647035975	0.10850380219010974
0.65228107648537703	0.10910296362897387
0.64100647086019491	0.10970011176074115
0.63011393724029408	0.11029439412449267
0.61958431536940206	0.11088509598707035
0.60939972503773077	0.11147162877672823
0.59954345883085924	0.11205350771179454
0.58999980649772055	0.11263031184160621
0.58075408394899752	0.11320171825355528
0.57179249665019405	0.11376743861769682
0.56310207522636169	0.11432724140468738
0.55467062827628189	0.11488097439651483
0.54648672164828827	0.11542852083642598
0.53853957175983125	0.11596979057267338
0.5308189867109967	0.11650470655252282
0.52331539234144753	0.11703321609957774
0.51601976705617336	0.11755526932855292
0.50892358501747681	0.11807082254483167
0.5020187694554189	0.11857981149157461
0.4952978054290188	0.11908196160705084
0.48875338117659861	0.1195770699946689
0.48237860057272203	0.12006466025048984
0.47616686282717585	0.12054431445677408
0.47011185808156053	0.12101601411901793
0.46420876911395137	0.12147115796239528
0.45845171599803575	0.1219109268443714
0.45283433210768309	0.12234380569923368
0.44735151590570521	0.12277001226927729
0.44199845816451122	0.12318952909417347
0.43677053988438325	0.12360242455714421
0.43166337991667147	0.12400886618104588
0.42667270193859946	0.12440891541465086
0.42179446590098052	0.12480266659791064
0.41702490521570562	0.12519013085113437
0.41236036363202672	0.12557146228749291
0.40779733289590853	0.12594644174140532
0.40333247617436019	0.12631477114839329
0.39896250550242895	0.12667637886188576
0.39468402947577269	0.12702687828196763
0.39049391208685552	0.12736437906979148
0.38638964773002671	0.12769475970459976
0.38236858179177396	0.12801759962823309
0.37842802665298014	0.12833245825406328
0.37456560331600108	0.12863909999962531
0.37077874381587811	0.12893694889791321
0.36706500658900532	0.12922502454643323
0.36342106955761083	0.12949977168568177
0.3598466657014891	0.12975875819670374
0.3563384581314008	0.13000229144242695
0.35289292885250367	0.13022704333378105
0.34950793283996895	0.13042392240220918
0.34618017974814225	0.13059113337046543
0.34290261809011047	0.13071968320132218
0.33964840187426204	0.13074615427806691
0.33639639387735609	0.13058756210074354
0.33319899795472147	0.13035003908278475
0.33007103026142259	0.13009392492590557
0.32693622154045138	0.12973855380926499
0.32379203556742203	0.12925588915950637
0.32063811846404316	0.12866198958683697
0.31758107875185559	0.12814924278712611
0.31448166235050296	0.12752513242569832
0.31120811277350252	0.12638841443398491
0.30819854503281485	0.12569208989992103
0.30525941951287588	0.12503904902863477
0.30240261813619951	0.12448461834162133
0.29961186598572592	0.123987671657323
0.29650866696180778	0.12279686911393507
0.29407033915125408	0.12241828299217185
0.29082364993503707	0.12091578336035304
0.28836219436249177	0.1211174178033238
0.28577117221928972	0.12044240700472555
0.28318348021417328	0.11877218605575485
0.28010710386154009	0.1184337868764021
0.27723883856830855	0.11648250418307467
0.27544142709030522	0.11700605333502881
0.27280998963730613	0.11661785326687527
0.27025902010072356	0.11568026749278738
0.26787724840124455	0.11568578600704935
0.26473025933816657	0.11347034502370178
0.26291523848585152	0.11257447979468806
0.26059491455137013	0.11148713971956264
0.25867251636728222	0.11151030034966147
0.25588175198010349	0.11005679528792922
0.25421633638822	0.10933390618318768
0.25164230351812084	0.10887541705192588
0.24953057944527771	0.10772413793777713
0.24662074633436296	0.10823547353347715
0.24585919510608942	0.10733239935652472
0.24351335805637328	0.10704075388487798
0.24115816288847725	0.10503960906627635
0.23927284904121809	0.10494023199942648
0.23768180941235245	0.10415413683197136
0.2351578312266969	0.10318604276690924
0.23298492156668915	0.1031954541601222
0.23110478192195161	0.10106740897715843
0.23019097203771574	0.10145200632945521
0.22828831622538034	0.10074121181713173
0.22621650323157966	0.10013093925833264
0.22398022905566756	0.098787781755909423
0.22221622567475152	0.098912540691862297
0.22135951723015204	0.099064544145746156
0.21802361836422776	0.096890479972148738
0.21729041084301895	0.097738934466666094
0.21556651036433608	0.096376044387559645
0.21411140657073838	0.096822498430786344
0.212343750789561	0.095194131178481328
0.21099580427123169	0.093591565917433048
0.20792635920102207	0.094569244468442157
0.20751456340031138	0.092767889869721148
0.20557527036433884	0.092752329996462046
0.20380654772428869	0.092141982054173274
0.20294912203857521	0.091372351041474245
0.20195146900400082	0.091622136826714592
0.20071757357260728	0.091402319356364628
0.19763171307581157	0.090850745261467289
0.1975272456679234	0.089778722085147922
0.19599388591571443	0.090061114789953267
0.194770705480973	0.088840172072174373
0.19341384933797717	0.087136525098466089
0.19125239595953961	0.087595213232860472
0.1899372619280594	0.087125682260416587
0.1892480660306966	0.087301830492607521
0.18796282982595203	0.085927458342894419
0.18638876337584664	0.086695860215073833
0.18457125500138705	0.085044429094530249
0.18274600686565817	0.084864246266355151
0.18231201028617217	0.084487750798168781
0.18147101575992189	0.084211640679499586
0.17937474916258297	0.083405894504230194
0.1787874710134133	0.082871857317999759
0.17764899692533948	0.082639882941315607
0.1765349935158505	0.081492975729502384
0.17505327823539521	0.081865132121124812
0.17462499635946352	0.081986192203931357
0.17304409561147993	0.081345347519453534
0.17211115866154644	0.081180127970041913
0.17160231573892334	0.0806170188612398
0.16943707957599594	0.079869031178313052
0.16834926917108209	0.078691838637475822
0.16805117269904701	0.078905998519065768
0.16720937624273369	0.079089583907239691
0.1658146322031307	0.078460489877048054
0.16457567963857911	0.07867807309040932
0.1640167969096131	0.076188453384783653
0.16367484342603938	0.077093601760015965
0.16113357035650075	0.076564184788175726
0.16009002431307306	0.076705645818272397
0.15981897792972399	0.076540954832294797
0.15921923533804311	0.075333463064493761
0.15751634403033607	0.07612080309704955
0.15679440530684585	0.073630028415321694
0.15594292635125448	0.075049796742997027
0.15550204578407195	0.073759955864390658
0.15394308934732134	0.073817734301974747
0.1524805397157078	0.073573779954577173
0.15243455249529192	0.072771789648398547
0.15198311698656178	0.072171787150799749
0.1494633200420093	0.072514588718285783
0.1488938335318864	0.070848031264096542
0.14797078589145524	0.071016386588766078
0.14789085625573387	0.071788714178087951
0.14774921247492262	0.071812402660513266
0.14696705761143145	0.070381749951342151
0.14511205749796499	0.070216361146066802
0.14427845566361486	0.070491030761331674
0.14410361455269891	0.07026781526773708
0.14313466711663081	0.069054187812855897
0.14265805684608648	0.068942965866469794
0.14173486805527757	0.069131822616932126
0.14013727578070614	0.068390450123570354
0.14022625107439746	0.06865755623600342
0.13962497105683724	0.0671833491994374
0.13873940564420517	0.067173917416755408
0.13730759430009157	0.067884840204358837
0.13683326849448446	0.067072185421729616
0.13636000784713748	0.067091814241649395
0.13453748305203339	0.066498800011987352
0.1344686309220236	0.065482312541647394
0.13392857660834465	0.065500033546107686
0.13269140840514962	0.06565808162310309
0.13272221601505185	0.064826322557263963
1.0009129791941327	0.10401934608215309
0.97438049553252704	0.10403333145060832
0.94922247739390098	0.10412833461100419
0.92533471339943985	0.10429242948039946
0.90262326653649139	0.1045153202390661
0.88100323305204831	0.10478812174886713
0.86039769308473324	0.10510316853673751
0.84073677926306645	0.10545384875232935
0.8219568859986075	0.10583445878069271
0.80399999707338454	0.10624008132632365
0.78681308583603848	0.10666647783823666
0.77034758336675979	0.10710999609741893
0.75455892626315513	0.10756749161584379
0.73940612491110669	0.10803625889655882
0.7248514448484753	0.10851397109955885
0.71086004439658412	0.10899861862565384
0.69739977470757586	0.10948848420693118
0.68444085878486038	0.10998209309371659
0.67195576182771755	0.11047818964095309
0.65991890749316429	0.11097569586489371
0.64830648196432805	0.11147367718897397
0.63709635794360608	0.11197135349567888
0.62626788519277787	0.1124680551527299
0.61580184909221169	0.11296322166571367
0.60568025754072441	0.11345638305259192
0.59588633658558088	0.11394714535425159
0.58640437095354947	0.11443518943869237
0.57721960712929665	0.11492024160907695
0.56831822161492196	0.11540198496887255
0.55968725219519089	0.11588027145222669
0.55131451681728771	0.1163549316548448
0.5431884723605227	0.11682544741838102
0.53529825129307929	0.11729167774882107
0.52763366738401141	0.11775362840361296
0.52018508767899563	0.11821103314037533
0.51294341940009869	0.11866375022394472
0.50590011268888968	0.1191115413976641
0.49904705856365067	0.1195543793214686
0.49237669723436173	0.1199920977436118
0.48588175447229254	0.12042476047733625
0.47955531276047031	0.12085223681145049
0.47339084483154181	0.12127432865171857
0.46738216105040448	0.12169119044500554
0.46152340821400994	0.12210289729303475
0.45580898906696737	0.12250927887122379
0.45023345579921481	0.12291034543370463
0.44479420477393	0.12329700226526089
0.43948364818085495	0.12367052437361184
0.43429645732502958	0.12403491130621568
0.42922901928389706	0.12439268529373974
0.4242769198268419	0.12473613000021438
0.41943633042192241	0.12507662104329664
0.41470338920906175	0.12541417363651766
0.41007432675391292	0.12574884276230835
0.40554574334226029	0.12608067648845406
0.40111433957194975	0.12640953045059819
0.39677682605795656	0.12673529408518361
0.39252992010191962	0.12705772497211937
0.38837082605733086	0.12737652739734956
0.38429672958393052	0.12769120774098225
0.3803048700034552	0.12800157269624762
0.37639256357353396	0.12830756047077213
0.37255713358449555	0.12860869911722494
0.36879674170251942	0.12890126607890817
0.3651091852153206	0.12918439902314752
0.36149176099974933	0.12946154073266936
0.35794221924174091	0.12973191010014132
0.35445818886940128	0.12999460641184452
0.35103748464883622	0.13024854150467227
0.3476785623791992	0.13049300964977498
0.34437974077750716	0.13072695505237336
0.34113904138573742	0.13094916022296318
0.3379543660763793	0.13115860872874038
0.33482363297239415	0.131352803064016
0.3317442179680386	0.13152987498188021
0.32871427133546499	0.1316868447655006
0.32573218528943959	0.13181952658873661
0.32279590081449316	0.13192027078449162
0.31990503961446176	0.13197947571893698
0.31705852040227112	0.13197932685596769
0.31425286650405737	0.13189434157206437
0.31148073571152712	0.1316980383414488
0.30868916329309315	0.1311896437447313
0.30586827181126636	0.13049660829294923
0.30305842383588744	0.1298010572343814
0.30025713718263369	0.12913647168443657
0.29736629137693582	0.1277702372310886
0.2943718302124379	0.12635378585016951
0.2914594157058813	0.12541663528816149
0.28882098631697078	0.12471209623644587
0.28611331976489501	0.12393996910871442
0.28322275318482298	0.1228888468890051
0.28069823587175996	0.12246999190739863
0.27815933363860545	0.12175186884593003
0.27573547340087207	0.12098100568651311
0.27331272112641264	0.12017148149486781
0.27085793973196487	0.11932159489075944
0.26860454255116606	0.11891713849341941
0.2662403175382354	0.11820928646277964
0.26393445875453586	0.11739431252548492
0.26139843528841078	0.11636366661933241
0.25760033955139283	0.11620748508563426
0.2571374487922593	0.11527679029289124
0.25533702873547692	0.11501583649095373
0.25283675206744965	0.11387230461748338
0.25121515944892364	0.11377249684248497
0.24912338123274275	0.11303899101407415
0.24718739587611169	0.1126530625600668
0.24492420647610333	0.11158767512032831
0.24286905564386013	0.11120864454527125
0.24090214027799448	0.11001368415825977
0.23986169965151935	0.11026663900445283
0.23701113706212493	0.1087172624606034
0.23519760157101946	0.10896267601565099
0.23333309417058107	0.10735400151166025
0.23139244940884532	0.1068714904051605
0.22934058242238514	0.10619385645563693
0.22855998701759625	0.10646695588697276
0.22640512150694964	0.10545561652608039
0.2246815881124396	0.10480121952301134
0.22214994739185975	0.10371799661705888
0.22113765392369228	0.10429931932403802
0.21989622320850163	0.10295983567602146
0.2179642066208709	0.10225997107023999
0.216286342785145	0.10192138590446749
0.21476436740014088	0.10142479473260603
0.21336186782542307	0.10142240586022967
0.21156118885862923	0.10013537825213718
0.20996323896327698	0.099382852974447614
0.20925725130083178	0.099458152417851151
0.20686457510623724	0.098066251948825275
0.20559022773707117	0.097952982429403285
0.20480687588219265	0.098096239561510673
0.20287974505155076	0.096994026786923204
0.20064617677551466	0.096199716479398414
0.20014808960248745	0.09642116616582963
0.1991808434903955	0.095808922650077941
0.19640796166442914	0.094635282505133894
0.19612530882769963	0.094088808333357032
0.19448713524449748	0.093957890414796116
0.19328310526191061	0.093043470354103971
0.19166445602003898	0.092461291530373094
0.1901715913638474	0.091764498788396362
0.18939259573090073	0.092253711193537841
0.18800107605341315	0.091288381885463427
0.18668312104626364	0.089725637744508702
0.18522965669776204	0.090996294666113656
0.18337073858001754	0.089810407650068508
0.18244510468969241	0.089271009387992872
0.18136441663612096	0.088573045675698486
0.18030004449322543	0.088719576397134556
0.17919661201058626	0.088471920655314326
0.17760436882639397	0.087102616854425316
0.17675553066206975	0.08803156782930821
0.17579777580039344	0.087580457056384231
0.17434765852732861	0.08655326147913471
0.17370098155184774	0.086604563606634627
0.17269695057964934	0.086282718076972742
0.1708158435532123	0.084277510097986619
0.170649486124031	0.085665538805220362
0.170763344791384	0.08521769085953014
0.16892563066460342	0.084146139835297035
0.16791978741926419	0.083766524229431441
0.16581632452876921	0.083326951874539368
0.16514919096356498	0.082412037939026073
0.16466143779107228	0.081806958895903864
0.16358326174003088	0.081445413497563873
0.16245572519032186	0.081745224623262405
0.16061952489249712	0.081057972838881776
0.16037616252075956	0.079515129518047553
0.15838239856335104	0.079109046068475214
0.15891151121522662	0.080236056028356956
0.15817108684384107	0.08034992616747981
0.15577928573701263	0.078307999948967547
0.15565431633752094	0.078441368693464852
0.15461342516323195	0.078693697913549646
0.15423987918686344	0.078770564082366532
0.1529351154651854	0.078201076293975741
0.15232521090652509	0.077852148863795073
0.1511202719534154	0.077344615302953057
0.14987243904645192	0.076861455029329825
0.1499171378293849	0.076703243252449815
0.14927313498649306	0.076615041722801272
0.14758471431572895	0.074958918033582247
0.14758459849415137	0.075338302729390128
0.14629353510500628	0.075098592540513029
0.1450133454094292	0.074616663609055209
0.14484489000935968	0.075143640523530619
0.14417156456833446	0.073918131593552858
0.14328656414871271	0.073416377391745558
0.14268147365834677	0.073440004157873759
0.1414692172570941	0.072715081011838989
0.14097500664552798	0.072628337006737653
0.13988841679338948	0.071924924827773573
0.13822309982369416	0.071600251181813651
0.13833901525426337	0.072225383304617002
0.13731193514613657	0.070278183188849305
0.13694491158823011	0.071850890069631621
0.13634231440297429	0.070431975311435996
0.13566440943916863	0.069264161652519043
0.13584427967017473	0.070287027976562028
0.99480686961077802	0.10068406410854383
0.96898752895471485	0.10060827124953328
0.9444725092278945	0.10061102037930879
0.92116540489538734	0.10068113572124988
0.89897908343391131	0.10080891253391223
0.87783457286699562	0.10098592390528811
0.85766013498869398	0.10120485648434377
0.83839047475515827	0.10145936616637674
0.8199660549871346	0.10174395263720228
0.80233236416160891	0.10205382543806868
0.78543949983030525	0.10238482665921801
0.76924170907430578	0.10273335980136247
0.75369693986755393	0.10309631931232299
0.73876647875472012	0.10347101317597639
0.72441457407134624	0.10385510570551482
0.7106082048949145	0.10424657636543075
0.69731682955801	0.10464368379184179
0.68451210809547247	0.10504490175276417
0.67216779507868307	0.10544893973179952
0.66025946255807522	0.10585467485233875
0.64876436438272644	0.1062611320743977
0.63766127191741817	0.10666747767528326
0.62693041875437827	0.10707297380218558
0.61655336299174568	0.10747700227832091
0.60651285538972211	0.10787905129704362
0.59679278188766782	0.1082786867390151
0.58737801617779983	0.1086755246237638
0.57825437044536743	0.10906926704618941
0.56940844772803756	0.10945962459959747
0.56082774863269891	0.10984641656201075
0.55250040428140823	0.11022945538697455
0.54441541141801642	0.11060862343081776
0.53656230885682787	0.11098384450745713
0.52893117898149455	0.11135499782921686
0.52151267166994941	0.11172196156797072
0.51429800189332386	0.11208475340507516
0.50727878930852821	0.11244334570892488
0.50044718261922039	0.11279772649922418
0.49379578930938173	0.11314788009855307
0.48731750295280074	0.11349369751171282
0.48100542781414563	0.11383521299483425
0.47485325823445407	0.11417248575133859
0.46885490031714505	0.11450550307405363
0.4630046037081047	0.11483434571220347
0.45729684688133837	0.1151589859361711
0.45172656783241188	0.11547955963432727
0.44628881734521297	0.11579609233277874
0.4409788608412506	0.11610862459404236
0.43579214756809054	0.11641711876080788
0.43072436519010182	0.11672151026253441
0.42577148278037319	0.11702187017702882
0.4209295218592532	0.1173181626410521
0.41619472387821038	0.11761039874723991
0.41156352342154151	0.11789862682028648
0.40703260040677391	0.11818282361246414
0.40259869063271159	0.11846297409477685
0.398258710811568	0.11873899924194818
0.39400961604806833	0.1190107760371306
0.38984868865875671	0.11927819440635631
0.38577312459871199	0.11954104961817336
0.38178018593771718	0.11979939514623303
0.37786723407482353	0.12005301768894877
0.37403176770806129	0.12030142186196938
0.37027152622408854	0.12054423897239887
0.36658407571075213	0.12078113623688418
0.36296726567806109	0.12101151558128821
0.35941871265140735	0.12123411910031544
0.35593626247254689	0.12144752117302386
0.35251801020356249	0.12164950859964652
0.34916149656639095	0.12183489466601373
0.34586346128766005	0.12198908934140688
0.34261741603860346	0.12208127743803152
0.33929815772188965	0.12189667497102792
0.33597121306477001	0.12131476715471821
0.33231247155975618	0.11988157418809781
0.32900822639656235	0.11955442305650475
0.32577758634387372	0.11919319064857763
0.32208343930433514	0.11796354700664975
0.31882429379390315	0.1173926419473431
0.3155650473109699	0.11673727302561854
0.3124828782949553	0.11626192457659852
0.30878114607259188	0.11501025950159484
0.30565121984176818	0.11443455410979739
0.30245382238041202	0.11389410918655726
0.2995177186133684	0.11333552140744418
0.29642447370200703	0.11266141419577722
0.2933582485120827	0.1118688214657008
0.29035394862248504	0.11139490844773177
0.28737739163604675	0.11065866336802119
0.28459282709487527	0.11009640539232647
0.28212197900621938	0.10970093253887048
0.27899307311244309	0.10889264162959911
0.27650425436331139	0.10855618260882352
0.27408375994724837	0.10791013493999908
0.27152136645637254	0.10772673558450378
0.26959698545824484	0.10685073034737361
0.26679246500404225	0.10641285433742263
0.26428159968349907	0.10605558012224704
0.26216678089728479	0.10562871619032674
0.25994334784099793	0.10465794266654938
0.25751635512114535	0.10481163135831525
0.25538969666224842	0.10388144771755603
0.25300512905257194	0.1032892184673421
0.25122162655499253	0.1026797005579593
0.24883813041126501	0.10177750404330843
0.24713274268513435	0.10207359915354898
0.24462842081048136	0.10071479305885658
0.24288041716576567	0.10007530598460566
0.24130335963211988	0.099462388836266527
0.2389043537171745	0.099406505481522495
0.23732055849692466	0.098048353353146697
0.23570398715564675	0.097980918709272793
0.23446908494072199	0.097198243529033113
0.23119933328159845	0.096180850359362177
0.22931334132112585	0.095855415587693879
0.22810765574865088	0.095406202315310523
0.22534959302609534	0.095216959789960171
0.22417590371767865	0.095437103294620657
0.22276619406409781	0.094036431845487434
0.22027403363039794	0.092606642963530689
0.21871016221378506	0.093074041248596875
0.2172172881006835	0.092442690752168738
0.21535707066601992	0.091815642457106883
0.21339759007517933	0.091304341243924156
0.21353037398539215	0.092103243270923799
0.21078392343016758	0.090302702754876216
0.20953582512389363	0.08996982303094643
0.20766321741414903	0.089762534260589832
0.2063240152064319	0.088958991953308489
0.20447536898214058	0.08867072949577931
0.20184220079698872	0.087231523627814486
0.20157383873258802	0.087060026584520014
0.20044661031562208	0.087361466390422624
0.19819784056968556	0.086261764676730385
0.19739053703484427	0.08638354294122072
0.195974640508839	0.085654087626643907
0.19428254224625879	0.085011570432607625
0.19340975126213306	0.084430279114618978
0.19196520089915953	0.083956242873165415
0.19056000400514803	0.084198530938010621
0.18951650001477505	0.083508400816354134
0.18762819496803343	0.082304287125121195
0.18670279894283281	0.082421344899883342
0.18621042705465424	0.082145073604291283
0.18367560384951287	0.081649170877177005
0.18286102805055313	0.079995166885484859
0.18137692571816674	0.079860690261461989
0.17972450919686936	0.080735458874819963
0.17896028872214828	0.080418049535485828
0.17746832905766677	0.079829360031485039
0.17596226552038138	0.078500681396467223
0.17511989135229453	0.078891048186794113
0.17517478161238745	0.078227865595356563
0.17380000696123693	0.079637597868750798
0.17147545681409196	0.076852188993673659
0.1703848847019479	0.077617151154076344
0.17079658858101304	0.077202147679879207
0.16855604522089157	0.075979114727237382
0.16769760666990322	0.075085354391989725
0.16704663539004172	0.075471797368713373
0.1654937220930284	0.075682742499549246
0.16392646832608102	0.074003197949309457
0.16382382977286952	0.074281719661144829
0.16306871326300137	0.074139023897877021
0.16217050904894117	0.073409597743464006
0.16158643375403539	0.073672297780304
0.15874192943466078	0.072273273514534372
0.15800160192959878	0.07242500532979132
0.15805714250797942	0.072186103102075655
0.15709813453820151	0.071861024956352632
0.15602459741905214	0.071389145936900794
0.15504567280514822	0.070344344401472331
0.15423956788995247	0.071266678879605513
0.15396019080285106	0.070975896360543772
0.15288913702300161	0.069834909297721057
0.15141714789706548	0.069972816120834599
0.15137359753398033	0.069450844676540335
0.15095936001151353	0.06949652645464087
0.14890554933585115	0.069199972874268989
0.14832884721450432	0.068245947945053856
0.14751069455346769	0.068758586586192175
0.1471228561958523	0.068359283486041811
0.14564872728586389	0.067577291503237755
0.14543662077531272	0.068075853655958127
0.14429092075324235	0.067737400264254038
0.14353977955607644	0.067132856379462549
0.14229234083045555	0.066133007592814555
0.14186458336539784	0.066639447406667079
0.14159160278441993	0.065774221274308792
0.13987320856318436	0.065656289121053715
0.13995879495189376	0.065678884517017574
0.13887865380346487	0.064986912818652681
0.13916528255181068	0.064500122749749395
0.13760335065393423	0.064371193846782818
0.1372564069962274	0.063854799659678274
0.13586189261000048	0.064142464158719312
0.13480392622598633	0.063465069357644788
0.13550178442504274	0.063641009193986617
0.13468605320754282	0.063380987915220538
0.13330236963902145	0.063093692941066121
0.13274834713472064	0.062590098538883268
1.0011416648449674	0.10122374876541372
0.97460767295323947	0.10131378100296878
0.94943811636958741	0.10146508982836687
0.92553039789108593	0.10166799543598136
0.90279195390943401	0.10191419354866904
0.8811390546973743	0.10219656171224371
0.86049578280339045	0.10250899064868428
0.84079313762296037	0.10284624145098119
0.82196826463161732	0.10320382346454932
0.80396379064481083	0.10357788644958341
0.7867272275288133	0.10396513211570857
0.77021048197472775	0.10436273515349341
0.75436938156794098	0.10476827894198405
0.73916330711650469	0.10517969559641667
0.72455482802649473	0.10559522027460354
0.71050938421081333	0.10601334988313411
0.69699503731577428	0.1064328028878359
0.68398220421127476	0.10685249350112277
0.67144346869286309	0.10727149725419921
0.65935339085030453	0.10768903113197922
0.64768830340079553	0.1081044435507286
0.63642619236155651	0.10851718738310781
0.62554648912697941	0.10892680981585681
0.61503005632798868	0.10933293696187955
0.6048589822317354	0.10973525243008164
0.59501651448727833	0.11013351093217001
0.5854869823238591	0.11052752135982384
0.57625566234846604	0.11091712219821756
0.56730875651395551	0.11130220139862367
0.55863329371751069	0.11168267546468699
0.55021711643829296	0.11205849892132272
0.54204873485300964	0.11242964890185207
0.53411728945415826	0.11279612555515743
0.52641266184864799	0.11315794607076728
0.51892523571564642	0.11351513842657444
0.51164589956081674	0.11386771234304904
0.50456608305758011	0.11421571338773498
0.49767764993693892	0.11455919630569031
0.49097288979616749	0.11489821179277489
0.48444455327350661	0.11523284305917578
0.47808575403377235	0.11556316341231246
0.47188991577531136	0.11588924210405184
0.46585080609274843	0.11621116133746366
0.45996258483283836	0.11652900256412302
0.45421962706289337	0.11684284368407016
0.448616586792568	0.11715278171449196
0.44314829799372801	0.11745888486588672
0.43780996085019208	0.11776120742389166
0.43259701009545676	0.11805980643887196
0.42750507488418088	0.11835468588058963
0.42252997769504608	0.11864588017021954
0.41766766936752631	0.11893343762614204
0.41291428554583826	0.11921726778700378
0.40826610238795852	0.11949737235406439
0.40371959892449205	0.11977375652936761
0.39927155710424028	0.12004628798672376
0.39491873224733898	0.12031494374889183
0.39065800063139727	0.12057969641045059
0.38648629108618765	0.12084031223910532
0.38240063057074869	0.1210966406585449
0.37839957843486804	0.12134506435191893
0.37447983026099557	0.12158674029840465
0.37063731184249843	0.12182250397641738
0.36686849490067097	0.12205088239703227
0.36317008409607116	0.12227005055162776
0.35953903441497359	0.1224783531640775
0.3559713412644665	0.12267232699314805
0.35246167176270737	0.1228475453720068
0.34900427440682597	0.12299804733452328
0.34559320252704812	0.12311612324880677
0.34220826148003375	0.12318192235148265
0.3387347284061285	0.12296497635438905
0.33503711103147527	0.12231686553156909
0.33084154671004695	0.12108152207117172
0.32682094457255711	0.12018136320045293
0.32301084313554623	0.11953734631661554
0.31936572442812255	0.11899871579832579
0.31585993681402458	0.11854986274328429
0.31247749414973791	0.1180857521850604
0.30913814918035759	0.11757554003716322
0.30565623267273156	0.11691499317625159
0.30239722893447946	0.11652131903720231
0.2988878915338371	0.11605367303947585
0.29551327794692445	0.11541334116756115
0.29226387125011921	0.11480140250653408
0.28907535342876078	0.11426261192415983
0.28650618144971141	0.11382256285072651
0.28334096490430277	0.11322659722342152
0.28007211434753276	0.11269544920852805
0.27779163303896104	0.11231407164574735
0.27501871966676494	0.11203152596845277
0.27225152545948367	0.11107770772299846
0.2690931822134337	0.11077077084422338
0.26706122536426913	0.1106404201274957
0.26446280793083199	0.11026194735913523
0.26189265987390525	0.10975490963544142
0.25896031372555944	0.10917466605671997
0.25668445921629263	0.1087207144133997
0.25436156102851015	0.10821796966107904
0.25208114272159016	0.1075998486036987
0.24980811945841971	0.10715345214474972
0.24759040898120729	0.10674551578825356
0.24540292826167928	0.10634052748937751
0.24303829254767229	0.10618318745724876
0.24109492990871847	0.10620623157308882
0.2387434242243783	0.10530403072360747
0.23671386389575352	0.1057215121011704
0.23497867270182698	0.10512046193245995
0.23263413443679132	0.10440847929760395
0.23421865524486202	0.096858484189189645
0.22948249530879736	0.10335598379652655
0.2271440619625954	0.1029167985798983
0.22552219876275073	0.10241291894293501
0.2240803892301165	0.10054646186121162
0.22207554810597088	0.10148381482163894
0.22026439970758538	0.10069087991405176
0.21888457303654377	0.098585146333889206
0.21743311713786323	0.098336459820935168
0.21560932525648172	0.098385978400536089
0.21409339679040498	0.098545159329841092
0.21305559751381256	0.093728140358623493
0.21099412069195658	0.096510585315071465
0.21131195926478272	0.091951268789957852
0.20862757446838298	0.091319765818352286
0.2069809304655601	0.091249924763160323
0.20423802281815018	0.096208978018250332
0.20336635043670992	0.090895621563858622
0.20446213401802277	0.089521907766287087
0.20113467906371643	0.089385840551937851
0.19880341193240644	0.091811334199618108
0.19655562386451617	0.092458999093680341
0.19695050458050994	0.088678464599949353
0.1945521773268539	0.089257077858948819
0.19257825800450323	0.089790286607049657
0.19180628944017025	0.089056589688527033
0.19044585894469918	0.088640557912485943
0.19013694571463247	0.085566489558946288
0.18773384523280184	0.08655936645299199
0.18636639655883108	0.084163621312784376
0.18665520121265461	0.08346278690075648
0.18346220916870851	0.087141919849978045
0.18233671629544745	0.085167261076334211
0.18248336569804718	0.083072737396416907
0.18053711364418223	0.082658172317610898
0.17855686554529654	0.083376783197463125
0.17777637795013226	0.084230537088974322
0.17733485920634559	0.08158998546592805
0.17651301574646053	0.080053499501041375
0.17483152001617208	0.080907206897077838
0.17437843486663929	0.079671071407921554
0.17254492805670527	0.081118999161408939
0.17212808575280888	0.079621513725524562
0.17037899450694166	0.081330795340761181
0.16969249707674156	0.078639159523704399
0.16708719077656872	0.080789944427718793
0.16699287195839657	0.079604855901268728
0.1665461434649351	0.077330107372839144
0.16535513363895712	0.07813435762539625
0.16449067219249916	0.077638494102502731
0.16319454385023047	0.077277917239985686
0.16180551666776172	0.077500238421641859
0.16159422634394902	0.07642456782918948
0.16052557088715502	0.076673867547275093
0.15921521863955285	0.074926996406564667
0.1584574669567442	0.075354774215706646
0.1567415917113511	0.075721133155512765
0.15510613646006916	0.074291992753896224
0.1547278111496023	0.073720871620778283
0.15448671683853973	0.073509573461236807
0.15302644869841758	0.074294380686536141
0.1531014066060869	0.072502762684204997
0.15169821851172377	0.073745300525859023
0.15084167512600002	0.071926328942816781
0.15036197180226565	0.071691614804709619
0.14950116417102868	0.071348906687899935
0.14817426658661328	0.07211795967210799
0.14637691210522893	0.072356777711727618
0.14684970411571482	0.070879048924870222
0.1455312227295332	0.070047270334389275
0.14480550444161486	0.0706957421209191
0.14483531129233704	0.069357342682867307
0.14411269535200313	0.069905986033253167
0.14253865231345547	0.068756030505424351
0.14326391878391984	0.069437960157478745
0.14135753513890068	0.068399487618585261
0.13972599564016833	0.068649049134339196
0.13861045933964175	0.067735793266522307
0.13895490451299655	0.067762963212903579
0.13847387987411769	0.068328234295854315
0.13839396327431144	0.067250741872000599
0.13629151627552588	0.066585219663036918
0.13574669498071312	0.067919331228742469
0.13604305852963919	0.065914370732641239
0.13507142451753509	0.067037510548776866
0.13399393232845674	0.065791327914139719
0.13360176460416898	0.066711574466488038
0.13270151322866641	0.065539947386625164
0.13122460968615934	0.065024587188505026
0.13152247326025163	0.065155849749292602
0.13031085024651928	0.06548273005880012
0.1291779679679475	0.063931755885024893
1.0005664800876528	0.10175230917396441
0.97501891644969851	0.10195598661619358
0.9507498804156469	0.10222103266272607
0.92766567979327619	0.10253790164778001
0.90568155828362296	0.10289837656552958
0.88472065496105601	0.1032953867767744
0.8647131058376939	0.10372285007176631
0.84559526538044039	0.10417553612918544
0.8273090297029585	0.10464894867507395
0.80980124626997718	0.10513922391437981
0.79302319748164585	0.10564304307163148
0.77693014757059409	0.1061575571287995
0.76148094393716947	0.10668032208264315
0.74663766544209709	0.10720924325801401
0.73236530956432555	0.10774252732355423
0.71863151645348788	0.10827864099356067
0.70540633146895171	0.10881627595942747
0.69266198012887481	0.10935431810176083
0.68037267185508998	0.10989182101904395
0.66851442267488304	0.11042798263547143
0.65706488372982286	0.11096212302464656
0.64600325677536108	0.11149367610326583
0.63531012048947599	0.1120221682914171
0.62496732744762717	0.11254720588964966
0.61495789822355829	0.11306846589995348
0.60526594166835102	0.11358568882304786
0.59587654790104216	0.11409866302007336
0.58677572319709526	0.11460722341712187
0.57795034007172263	0.11511124549393642
0.56938804212723648	0.11561063998418764
0.56107715845749606	0.11610532346745098
0.55300673105342735	0.11659525502716249
0.5451664360962124	0.11708041428390288
0.53754649249483777	0.11756077923761324
0.53013770113811731	0.11803636792949929
0.52293131997911146	0.118507212862696
0.51591911987183159	0.11897334425907327
0.50909335890319418	0.11943482752348611
0.50244663725360306	0.11989173194637595
0.49597197181334857	0.12034412923726577
0.48966270991165411	0.12079209654574959
0.48351252169619513	0.12123570887209836
0.47751543806162583	0.12167501163171231
0.4716657458286444	0.12211007436545007
0.46595803042199174	0.1225409160056205
0.46038713595034791	0.12296756803909328
0.454948190502588	0.12339012565464083
0.44963648176981663	0.12380863999108538
0.44444756394358098	0.12422312665799061
0.43937719699921385	0.12463348655900709
0.43442133888831058	0.12503953414057412
0.42957616222091988	0.1254413790832134
0.42483797508240678	0.12583884346284802
0.42020328784771255	0.12623157318809039
0.41566870311440268	0.12661952983542318
0.4112308210214069	0.12700249671855426
0.40688641139279663	0.12738002615045887
0.40263250547519841	0.1277517116827189
0.39846631933935667	0.12811732679248744
0.39438587490061644	0.12847443705671924
0.39038872362907184	0.12882197932917611
0.38647050893208379	0.12916228682356967
0.38262829623534506	0.1294944960763604
0.37885956406184784	0.12981764240848651
0.37516110398856106	0.1301296405604036
0.37152899934661193	0.13042629048168369
0.36795922165643252	0.13070306524761013
0.36444601241884278	0.13094369407112172
0.36098329545680158	0.13108968929835646
0.35696277752419847	0.12968235377182291
0.35308507537925687	0.1289886331869052
0.34928360231164096	0.1283668060831851
0.34547700439621748	0.12769537432275577
0.34167070184460996	0.12698194745632374
0.33793071065196945	0.12631523848513834
0.33425750855889891	0.12570802867237604
0.33065381498868568	0.12514835767659793
0.32713394082712782	0.12463723525132266
0.32386532977696575	0.1242524478169249
0.32022915009208863	0.12354265876543404
0.31662441099001776	0.12283105275176941
0.31338393580967372	0.12233962482203004
0.31001314022042892	0.12182629476732126
0.30673888104923402	0.12116276436076866
0.30331146916735785	0.12048277054520015
0.30000762074987675	0.11987512765044676
0.29679540311583941	0.11938297521455829
0.29370514990004598	0.11885373721716543
0.2906618284571037	0.11812751929889335
0.28774014485851329	0.1174663825508377
0.28531264686571112	0.11705582599615155
0.28223864780132091	0.11629594989350338
0.2794656823705689	0.11564284884190193
0.27720300837793377	0.11527777077058535
0.2766553656191495	0.1149391818949858
0.27370580435865749	0.11433609647503004
0.26879277030925702	0.11358652010988626
0.26642960078001049	0.11234871631254401
0.26572316360425968	0.11282778915848843
0.26438096572966685	0.11108651307506898
0.26126750373874286	0.10992201796189804
0.25652215027192454	0.10979432903179791
0.25558627509802573	0.11091765095349181
0.25801794524303812	0.10891910950521362
0.25157905511229489	0.10799532055656477
0.2553795972081091	0.10881374392055068
0.24841505027658228	0.10676291260725641
0.24621404982177034	0.10532254914628245
0.24686760117633214	0.10555120112149133
0.24322910598756117	0.10477688324338814
0.24339484373611431	0.10478114177409951
0.24048028709357139	0.10403305620382029
0.23706628945709252	0.10334416692259005
0.23486761844669213	0.10281979257764363
0.23270382246659135	0.10120422901400787
0.23221151705508647	0.10133667111775843
0.22765142703741129	0.10293033840323992
0.2296024725538901	0.10175425524237028
0.22621137969446464	0.1002027781448396
0.22532196258762127	0.1001749326356715
0.22387438927997313	0.098740997271459283
0.2217477359071155	0.098454383825182401
0.21988465895103704	0.097712154669608434
0.21951364671876694	0.097671790266650377
0.21721627336645516	0.096565413722930052
0.21556516573202741	0.096054923210569923
0.21326936819648118	0.095640717388188037
0.21109382802818619	0.097011888629959811
0.21045015244544107	0.094404183458328517
0.20899984995057871	0.094421994857857308
0.20676988831149526	0.094726481925259037
0.20615394295204975	0.093089473011199714
0.20263569260529568	0.093637596603505791
0.20345622123187962	0.093090282660076573
0.20051747879763604	0.091043310875108766
0.19761939359042333	0.091856349789519814
0.19736085369326753	0.089278830190527833
0.19759102848906382	0.090173635481902825
0.19423587661264258	0.091025486363786184
0.19519652795363168	0.089060749607247303
0.19318965464371349	0.089624642691857881
0.18872122657569787	0.088493507477352601
0.19174829738368054	0.086989420165358197
0.18942973527686063	0.087860322845512387
0.18644073201346389	0.086921406399777676
0.18670787366586444	0.087075115749452897
0.18747834337441516	0.086541517370634299
0.18239595749838269	0.086127212128980099
0.18230766714611107	0.085399518986609219
0.18130502894361633	0.085193437289886931
0.17895489127399219	0.083695653427926078
0.1797492557884382	0.084255495245981527
0.17885048602252734	0.083749974044932965
0.17488844300515205	0.083484652614683963
0.17573389305588405	0.084160025783854606
0.17549688203079947	0.08307377295614117
0.17274726104683938	0.081642483717252134
0.1711059584265307	0.081722253188512298
0.17203369567418444	0.081634528382820704
0.1708944452923635	0.080488452649815578
0.16939173800513993	0.080684628408950243
0.16899328333623514	0.079359612071211671
0.16712393209305335	0.079146926890922481
0.16611960401303399	0.080455886174808561
0.16395788059080371	0.079195512946859212
0.16321030305283438	0.077764295066582903
0.16221893662254194	0.079218451776860155
0.16110598249750216	0.077596930338894934
0.16132431037149064	0.077317227848553202
0.16116484371561479	0.077031146152726354
0.1584492335685026	0.076416589074177421
0.15788824008198507	0.077083778204099701
0.1573146013719956	0.075138494775153483
0.15552449291189521	0.076171935505598323
0.15608006703783137	0.074371856944253231
0.15345600840116555	0.076540878536035889
0.15292429552649248	0.075012648709937388
0.1517437251101057	0.074537470707850231
0.15254368495122975	0.074029790587876024
0.1510180529064345	0.074199260333728548
0.14985298372361153	0.073273274437651054
0.14877431878243624	0.072659946379712612
0.14917060892253181	0.073445502818843766
0.1482173347808422	0.072742371952190105
0.1467025080068883	0.072224308017871761
0.1449293932003706	0.071714052252797575
0.14650223400772469	0.070790738346887372
0.1440321206718323	0.070922787775782967
0.14468829933850352	0.071452251683264231
0.14372515743776698	0.070802082983143722
0.14196559254107824	0.070826818699083083
0.14173115066531711	0.07113432506355287
0.13962380988549034	0.070516077811838537
0.13945651843491749	0.069575859251200758
0.13920365375978627	0.069499470171149297
0.1380724251366558	0.068970044507081926
0.13728402867239156	0.069519814501044511
0.13635919954885228	0.068998586057213721
0.13483007185216128	0.069362800029562757
0.13539277336807221	0.067276192308279859
0.13388377477616117	0.068777954475183117
0.99671073123375675	0.099085543170605653
0.97142220426246717	0.099132657249777448
0.94738485770588254	0.099246485171499157
0.92450797835741105	0.099417223650698619
0.90270941610052058	0.099636373366321321
0.88191459678064621	0.09989656844741622
0.86205566855147819	0.10019142743104555
0.84307076110402723	0.10051542329344175
0.82490333517679904	0.10086377130968295
0.8075016212629107	0.10123233010197148
0.79081814283409402	0.10161751355675293
0.77480924641429127	0.10201621598491123
0.75943475673844041	0.10242575439943521
0.74465763877277924	0.10284381104381284
0.7304436677145516	0.103268378464881
0.71676118450703707	0.10369772718448658
0.70358088039591815	0.10413036861251934
0.69087554783718019	0.10456501984426667
0.67861987392380441	0.10500056667530595
0.66679035400852216	0.10543606259035693
0.65536510142161342	0.10587070181859294
0.64432366212891978	0.10630378954009874
0.63364694939042598	0.10673473137778131
0.62331712292765962	0.10716302990327077
0.61331750398768736	0.10758826063730025
0.6036324723514751	0.10801007243711469
0.59424737262765503	0.10842817728479276
0.58514840844059279	0.10884232898955523
0.57632261021800013	0.10925230849086298
0.56775780816497379	0.10965795466182213
0.55944255576136359	0.11005916226358804
0.55136606654723885	0.11045583400362372
0.54351815447335317	0.11084790611931329
0.53588916867112535	0.11123533158002329
0.52847006701281374	0.11161809572998106
0.52125225373996986	0.1119961709507469
0.51422755912206375	0.11236955489927639
0.50738831520975314	0.11273827859967651
0.50072720130470183	0.11310234843662678
0.49423727481432911	0.11346177610762752
0.48791199641037408	0.11381661565696401
0.48174512885391368	0.11416691994469028
0.47573071063083566	0.1145127165604716
0.4698630967352091	0.11485405529083696
0.46413694679510586	0.11519099211512626
0.45854711698956996	0.1155235698353376
0.45308872663928984	0.11585174700841368
0.44775715578161734	0.1161755703290108
0.44254784305342626	0.11649493132996416
0.43745663297767234	0.11680969523824071
0.4324795814354952	0.11711976361526615
0.4276129500665336	0.11742506834526356
0.42285303815114722	0.11772550552729771
0.4181961966240052	0.11802084665070717
0.41363887950813699	0.11831077258997739
0.40917798474643224	0.11859510927281477
0.40481037487365712	0.11887359510310193
0.40053285878034639	0.11914578040972876
0.39634256978634846	0.11941103119564964
0.39223919751530334	0.11966356117673609
0.38821819269463603	0.11990717758480333
0.38427609252563583	0.12014319851369119
0.38040987677888394	0.12037079717196024
0.37661723179680984	0.12058927309530156
0.37289555015803511	0.12079791746429774
0.36924206822076966	0.12099581991386156
0.36565376088388801	0.12118113941636394
0.36212825622617378	0.12134892100183639
0.35866308462602203	0.12149920529979158
0.35525610120405304	0.12163230092418988
0.35190623192608589	0.12174654350047436
0.34861152659237565	0.12183913624189337
0.34536883038621169	0.12190522108965987
0.34217537498473644	0.12193708680530362
0.33902958328224769	0.12192898737901117
0.33593226084070932	0.1218698125362504
0.33287930188351322	0.12173459613133709
0.32982402447875186	0.12145804250893207
0.32680336437502117	0.12103760023928559
0.32375317508562945	0.12039896693494097
0.32059538456149766	0.11965767378045757
0.31738852660558847	0.11883642687704284
0.31423072506341088	0.11816738756189621
0.31117362280415384	0.11820314379797796
0.30831074199921876	0.11744841057043065
0.30524748556062709	0.11672093899934245
0.30205023336491049	0.11524047860387115
0.29882791272991904	0.11463185553183314
0.29607285323719962	0.11423717139818254
0.29299547216831373	0.11319519603193821
0.29003330850018894	0.11244671190398191
0.28712102191416694	0.11146762274839857
0.28476730012624285	0.11104608511477709
0.28211309877752072	0.11131588697796248
0.27809511374608481	0.10860864055175068
0.27602832684363238	0.10917824952206458
0.27384542738023437	0.10846756039130255
0.27081952375529811	0.10660778543494528
0.2686871818514916	0.10609940090290487
0.26636650860355932	0.10667704555785106
0.26447856278991411	0.10557859577755034
0.26080952602289448	0.10377867046443677
0.25916907803566391	0.10425426724669194
0.25623667227291602	0.1026996266249063
0.25408008501025658	0.10250664173981366
0.25202378083584548	0.10120346305205412
0.24955397991767217	0.10121908894653765
0.24716322635686613	0.09997675123468143
0.24623477804924784	0.099778306918172813
0.24343165576234257	0.099549698009871623
0.24052920243058776	0.099093800778889587
0.23952705522268727	0.097524584016791857
0.23765115644009177	0.097263078479100734
0.23539106992629863	0.096255323258025896
0.23443938287910074	0.096602287119283106
0.23155801915170224	0.094707546123006289
0.23100739409047599	0.095761685836136409
0.22778405316898709	0.094584956886512014
0.22626378005671119	0.09376619846656413
0.22526283715236722	0.093094792447835292
0.2243805772568063	0.093658219056795
0.22165848418819087	0.092959046848612975
0.21874871199525103	0.091807754307339007
0.21837433208860454	0.090805048277107087
0.21654283996885221	0.090735533474980284
0.21381358531677994	0.090432471317964003
0.21358152141756745	0.089184480104254102
0.21035709369851593	0.088901780062695113
0.20941438517697364	0.087316808595644946
0.20766933246012517	0.088357493775029036
0.20587578109797006	0.087253329210379371
0.2058694751269444	0.087320825787483694
0.20355322310059376	0.086662215520888583
0.20076591775812208	0.085480192523440385
0.20017798265469469	0.085718105737901604
0.19883973152279372	0.084019338191134288
0.19864534922827914	0.084662591725429309
0.19606748568355642	0.084696139313597943
0.194800129073364	0.084596888048909732
0.19282092313247767	0.083072205173849889
0.1923564680270867	0.083298193281909599
0.1903567003833577	0.082221998848694355
0.18999590260399613	0.081609655994586874
0.18826256133417768	0.0810843714870816
0.1864467393000343	0.080949971852063735
0.18565413572863956	0.080889786492215954
0.1848598446868068	0.080365728954634827
0.18230947567271386	0.080386022232797547
0.1806569975110035	0.079879182913577526
0.18050333207210237	0.079305472358509724
0.1784233853074213	0.078885265380886777
0.17874181485380239	0.077822054084468947
0.1776394086453647	0.077616408154121866
0.17537210332404499	0.077811425613364668
0.17447663682468931	0.077436765000423527
0.17300222519331704	0.077007558025361467
0.17303879794412189	0.076712773935848813
0.17122652651637305	0.075998290893739773
0.17056483412960069	0.075428884220978584
0.16976491076942601	0.076009721786838735
0.16843305002693237	0.075291734808047336
0.16636533634952447	0.074531308248691988
0.16654081502621643	0.074537073593195946
0.16583800638770207	0.07402100641351618
0.16368769488633417	0.07443430459183431
0.16272524958184667	0.07382522729540654
0.16228856501450853	0.073771929249086779
0.16177723627380941	0.072813082904649176
0.15977152788912183	0.072776334594565048
0.15955870033759967	0.072064543738800738
0.15813922423717178	0.072055977775836111
0.15684628458009123	0.071458074854688886
0.15585040468265379	0.070161044061574432
0.15469702869211813	0.0718351172210593
0.15448860788285373	0.070792810113231144
0.1524015630892992	0.070983192354071675
0.15283969454827645	0.069733993071173658
0.15206148211925982	0.070678441616991772
0.15085497052082333	0.069315888468599277
0.15011199825542476	0.069191472936358162
0.14984842537142856	0.06902143432757854
0.14729180522436244	0.067499483111300995
0.14676889712909161	0.067445353325348623
0.14683162273919464	0.066974802260075947
0.14561369445077735	0.068607235934149982
0.14472336317976756	0.066420919266526532
0.14407751759248907	0.067719600048405604
0.14301264280347192	0.066551285643199537
0.14211850256586142	0.067409265914327568
0.1411292304792118	0.06628367532794624
0.14054681560975557	0.066386099885216057
0.14074459667731967	0.065265430318217285
0.14020266336328385	0.064857826000219207
0.13897461346446999	0.065937003357133345
0.13750495696177445	0.06496339138091449
0.13743970585106183	0.063898682990343847
0.13710200851513524	0.06380225870146855
0.13600011683799756	0.063646551078426955
0.13543159864522278	0.063309071967495523
0.13449920658397241	0.063413837749852986
0.13412397444704977	0.064370569124543059
0.99526187877162198	0.10211782414243313
0.96919595777975343	0.10208243022876236
0.9444580705121709	0.10211714772503225
0.92094924956726576	0.1022115974712373
0.89858012337324489	0.10235681595122731
0.8772697806993448	0.1025450637428159
0.8569447926763748	0.10276965935753213
0.83753836741221976	0.10302483535609502
0.81898961669224224	0.1033056139309954
0.80124291780191148	0.10360769944240575
0.78424735638071408	0.10392738567365627
0.76795623855251915	0.10426147583438582
0.75232666248683955	0.10460721358068056
0.73731914111273156	0.10496222354076035
0.72289726899921725	0.10532446003177495
0.70902742748563474	0.10569216282858375
0.69567852303418176	0.10606381900012903
0.68282175451820559	0.10643812996466624
0.67043040578049273	0.10681398303337455
0.65847966031704341	0.10719042681449632
0.64694643538124763	0.10756664993888025
0.63580923317483407	0.10794196264428657
0.625048007107051	0.10831578082158301
0.61464404137152406	0.10868761218242218
0.60457984195749426	0.10905704400751594
0.59483903456212028	0.10942372982437025
0.58540627325685879	0.10978738288910471
0.57626717546810347	0.11014776993767263
0.56740822904963961	0.11050469574947891
0.5588167335763744	0.11085800952214017
0.5504807664673288	0.11120759991724642
0.54238909763493237	0.11155339144090884
0.53453114092063791	0.11189532705799603
0.52689692331187443	0.11223337088879461
0.51947699923448842	0.11256750384721081
0.51226245423743144	0.11289772704693073
0.50524486433855309	0.11322403661275798
0.49841625008807089	0.11354644001399804
0.49176911578482013	0.11386500185723682
0.48529629800247348	0.11417975853095005
0.47899102853546427	0.11449073115199282
0.47284685433984608	0.11479796930143935
0.46685765724119616	0.11510152818222733
0.46101764582418919	0.11540138322347507
0.45532132910434192	0.11569755633342416
0.4497634649440545	0.11599012694149251
0.44433907635413811	0.11627914229937673
0.43904339040885848	0.11656466978284759
0.433871873851848	0.11684677361232942
0.42882022578511725	0.11712556150083195
0.42388434969775324	0.11740105558046589
0.4190602885239193	0.11767327404544327
0.41434430343707718	0.11794222853461872
0.40973282345789352	0.11820799192679055
0.40522237111748349	0.11847059159548555
0.40080964805830627	0.11873002216299684
0.39649142143640076	0.1189862363762932
0.39226466710686375	0.11923929802359284
0.38812649170833119	0.11948926168635791
0.38407408674644294	0.11973602187423711
0.38010477211574834	0.11997959751072443
0.37621598290715946	0.12021991575860837
0.37240527195955531	0.12045669626857014
0.36867090467919683	0.12068592942992586
0.36501035226947848	0.12090970767243359
0.36142110229370461	0.12112979781801776
0.35790235630642092	0.12134143989094689
0.35445071423787639	0.12154872580007285
0.35106416183442546	0.12175184515296746
0.34774080238344074	0.12195053650624917
0.34447884164774012	0.12214442028308681
0.34127643048030004	0.12233284334941855
0.33813179296940415	0.12251510777940759
0.33504282911243322	0.12268971961604398
0.33200722062425608	0.12285503208140883
0.32902162859845652	0.12300484548047497
0.32608211693874867	0.12312278140476532
0.32315982741840715	0.12303550827068691
0.32024986840973574	0.12272729884662245
0.31729539918118121	0.1222439823890174
0.31447119834756371	0.12208814856838707
0.3116211396813689	0.12188997919202504
0.30873177005812863	0.12142870532234529
0.30587694438061669	0.12097003593575598
0.30290723979309075	0.12017948602816859
0.30012820955234498	0.11967845853074478
0.29655883655522108	0.11817543232305933
0.29336925697446964	0.11743085050323647
0.29053600098530935	0.11644475295035571
0.28755907683952903	0.11556015573444539
0.28465160414302854	0.1147549257699752
0.28182322163957285	0.11410365029413004
0.27908676371758556	0.1134897373697079
0.27628435958612929	0.11297033934921696
0.27363285879587257	0.11246303909530136
0.27117279458382926	0.11183127343249925
0.26865799468045604	0.11142915962647092
0.26607545757660722	0.11091634791851014
0.26379297913815763	0.11035827188126962
0.26200421170620891	0.11018673898456059
0.25896523586499759	0.10930621900868163
0.25710334654946165	0.10880339908469742
0.25482055486298072	0.10812016733054089
0.25225764149502422	0.10765721193365285
0.2501445849514608	0.10711674593495854
0.24838981425401646	0.1068673748250772
0.24613492382004892	0.10657703608150955
0.24393960084023689	0.10531450872593495
0.24148096728444535	0.10493814536047096
0.23963207496931857	0.10504032690295489
0.23793451022875087	0.10345085482567588
0.20506164228430854	0.10584388154706612
0.2015496315039938	0.1053329974452276
0.19806992350875624	0.10483210487475632
0.23052074916461168	0.10147083473147582
0.22817900420962389	0.10125208696247168
0.22654467165680039	0.10109699873247105
0.22456655999543496	0.10030532648894952
0.22262947812046929	0.09975501498779607
0.22121183719225276	0.099182709833947003
0.21904557766461971	0.099296075687549015
0.2171631933354421	0.098861253977194766
0.2166590661327126	0.097341981363569474
0.21441371150151867	0.097112911949422343
0.21188691109879357	0.096648682906805047
0.21201677701735297	0.096324118742075887
0.21017472450346406	0.094652007332526891
0.20814166149074237	0.095154936392903872
0.20689602236804136	0.094445407670802131
0.20440523135641209	0.092911988573024754
0.2027813926208982	0.093996761847519678
0.20215235244470506	0.093365536643343433
0.20018595066033615	0.092311615468656488
0.1982602749249435	0.092799713864011577
0.19748373692675664	0.091223015202474389
0.19606866085851429	0.090647594036422585
0.19567014473717584	0.090666344558091069
0.19363323678685668	0.089985232283589275
0.19242265723048377	0.090617888600202715
0.19062160496364686	0.08918541919809439
0.18906575465229786	0.088710742849310964
0.18821567015444629	0.08817383724101642
0.18657106692622422	0.086876006075923287
0.18579123921833382	0.08704112784841142
0.18523600083981748	0.086518288263802479
0.18419492755386138	0.086396417839447723
0.18302921906836939	0.085923098961871419
0.18053797884104295	0.08452510558414858
0.18028127121136697	0.085052962137959862
0.17960993064167871	0.084456803285830287
0.17643048416129123	0.083999743704617144
0.17737726253308836	0.084037896876110005
0.17468784587606154	0.082863967511033948
0.17348918029013841	0.082508103511488629
0.17225007331303896	0.082476991269181246
0.17243918342580411	0.081643900762902247
0.17102767047419848	0.081739538037938514
0.16996708619359355	0.081174400778281558
0.17031561662378433	0.079919163200972906
0.16733632553629446	0.080487599104768284
0.16717650778670287	0.079304222709896205
0.16629617484611636	0.079767579943891026
0.16402834260102878	0.078706625776761741
0.16358747612044541	0.078183217366324984
0.16305084016272237	0.077376633886834079
0.16118224761795688	0.077878399966916326
0.16147304706979934	0.078477198724151265
0.16002295242118214	0.077262082169375385
0.15832177992982494	0.075663071311720065
0.1580668636453911	0.075295793898819685
0.15816441200103201	0.076401004640156339
0.15519190383129816	0.075998555438483162
0.15570385696617353	0.075284572626530571
0.15507074264636408	0.07499389172908949
0.1532068266851967	0.074822355511463282
0.15339547955966457	0.074197676890127906
0.15138663067910726	0.074074605029810545
0.15025030798333303	0.073097319480109862
0.14961783313478688	0.07332795812909669
0.14996439552866939	0.073674202315117482
0.14894735225336905	0.072191444326330914
0.1484534109958828	0.071480053350455236
0.14648776802219227	0.071631566557104245
0.14550852044128498	0.071949735326911402
0.14594304797487428	0.071884570911851214
0.14303300208415776	0.070785582743480679
0.14443496673146222	0.071111263130921767
0.14174637597179912	0.069751989838286205
0.14147570858095504	0.070305842889361952
0.14002986803524919	0.068766958997466696
0.14071457219520614	0.069158721394487074
0.14028801433630111	0.069334602229209799
0.13952214313509576	0.069546905785253799
0.13765205253906532	0.06880443799259281
0.13715035337613732	0.068070020474136628
0.13651422901268453	0.067705256420207027
0.13594010786600125	0.067876616619047356
0.13494989561656928	0.067107225271432869
0.13431668257886684	0.06673005592634236
0.1339902946413066	0.066682163359381555
0.13299432520350479	0.066452217361123847
0.99597319178054156	0.10235850130580566
0.96907488594185176	0.10222379855776619
0.94358858121343636	0.1021599999738383
0.91940597983363503	0.10215711151281016
0.89642958279479235	0.10220648735362611
0.87457137659374684	0.10230064498227945
0.85375170707865189	0.10243310589224852
0.83389831001558268	0.10259825841122253
0.81494547350702795	0.10279123961557274
0.79683331180407568	0.10300783368995554
0.77950713360325341	0.10324438443922951
0.76291689079007119	0.10349771996811855
0.74701669320727138	0.1037650871834765
0.7317643768343608	0.10404409535132866
0.71712115734988768	0.1043326710200439
0.70305127228727515	0.10462901416696407
0.68952171450008015	0.10493156399327921
0.67650195773364752	0.1052389639275903
0.66396373089261329	0.1055500397193592
0.65188081463285175	0.10586377192057382
0.64022885316940181	0.10617927907072167
0.62898518390573299	0.1064957975948647
0.61812874223110337	0.10681266746670792
0.60763986166067085	0.10712932226250554
0.59750020289966366	0.10744527504846055
0.58769263233250946	0.10776010597336175
0.57820110304495165	0.10807345803692396
0.56901058659857406	0.10838503187305289
0.56010699868295966	0.10869456723545098
0.55147711213518003	0.10900184668835841
0.54310848969940484	0.10930669378921222
0.53498942163530638	0.10960895355969727
0.52710889678792028	0.10990849863056427
0.51945657845676829	0.11020523553231293
0.51202265186148632	0.1104990734864425
0.5047979033490213	0.11078994552280298
0.49777362165931271	0.11107780963963698
0.49094149197078729	0.11136258863152237
0.48429371658020659	0.11164425859552497
0.47782290730644433	0.11192280456463215
0.47152207745152908	0.11219820867345916
0.46538458092872242	0.11247047489548477
0.45940414865949802	0.11273963333816392
0.45357481984411357	0.1130057043232271
0.44789093368655225	0.11326868066497443
0.44234712648962443	0.11352857940555014
0.43693825324721869	0.11378541651012535
0.43165942799436369	0.11403922293515584
0.42650594529104002	0.11429003925471859
0.4214734260993131	0.11453791632237212
0.41655757830352175	0.11478283969116269
0.41175435795584203	0.11502479478449548
0.40705987755639639	0.11526366835386782
0.40247049716355854	0.11549936647009437
0.39798262434875459	0.11573179042720944
0.39359281456747075	0.11596080309802058
0.38929786070137079	0.11618623357765358
0.38509461352204188	0.11640787078315772
0.38098008472150058	0.11662546146119286
0.37695145450474526	0.11683859292789812
0.37300598880677704	0.11704703076704885
0.36914095656620088	0.11725016765804827
0.36535374149554978	0.11744729944558388
0.36164150471108086	0.11763750673990982
0.35800172306749789	0.11781974877932824
0.35443203195125111	0.11799286392708272
0.35093012391340583	0.11815356369118017
0.34749283354421062	0.11829965525663058
0.34411694246680224	0.11843083467134459
0.34079984345252806	0.11854409867367831
0.3375384079094248	0.11863649026467926
0.3343294034142833	0.1187018261036208
0.3311662726336026	0.11872825178024446
0.32804371753184441	0.11870456768150385
0.32493158581480519	0.11845515780608509
0.32185822123210267	0.11763140372896791
0.31852026309299991	0.11618739969325589
0.31507467285572077	0.11506787368708164
0.31174334522586772	0.11425173419836576
0.30833466749700017	0.1132867749595337
0.30507061697127646	0.11248106188880654
0.30196464981810889	0.11177059474348057
0.29887511347522511	0.11101580853041833
0.2957654061731414	0.11019771206948631
0.29270978717816643	0.10948187398991287
0.2897140483448879	0.10884075996259604
0.28673775634313869	0.10820168446491943
0.28376507349466074	0.1075403833050697
0.28078915187667847	0.1068640889978464
0.27778918608592418	0.10617070188235371
0.27539248212065204	0.1059636364498124
0.27298379393522809	0.10564860484136647
0.27034224516406519	0.10519624895853488
0.26780648018846293	0.10475011512024576
0.26503480159494813	0.1041562567170797
0.26263246527772843	0.10378590661027065
0.25955582359802054	0.10296979815598632
0.25767155910273365	0.10296008843359726
0.2554658723527406	0.10253321056654749
0.25281953729240347	0.10193100404132975
0.25050393289665246	0.10160950152572158
0.24806871604061753	0.10095381096793091
0.24632711258500098	0.10088900119276996
0.2439120444584699	0.10028352092089877
0.24189018494237405	0.099986718646841527
0.23985550117074581	0.099726248694936306
0.23821717506554377	0.09968470895071406
0.23603312130252216	0.099165380317214238
0.23400235119040572	0.099056439316195011
0.23226769778236747	0.099004119306894164
0.2301243437113355	0.098346445085632089
0.22822603430495905	0.098252400816791763
0.22650961599852393	0.097934552764505578
0.22487244043049184	0.097364218613042536
0.2223833422230152	0.097597514118618597
0.22083344442320588	0.097244244393950491
0.21927033950265409	0.096988868971173064
0.21746036046328726	0.096601511189520997
0.2157063373721895	0.096434505086177999
0.21401062517591063	0.096140199276027807
0.21211638347379896	0.095753719607696922
0.21086112001996912	0.095229720077666863
0.20937050762907625	0.094933706190404143
0.20768431677770302	0.094510635593959058
0.20644866452520827	0.09470183646004772
0.20528817373404637	0.0939345009082104
0.2033737678584476	0.094316936959118108
0.20167848792928894	0.092977590044579075
0.20063089853071675	0.0926197034033137
0.19919907391219654	0.092349941061288007
0.1963321485174474	0.091779772348896671
0.19744998563108948	0.089654209481686759
0.19346943328290939	0.091409145274443146
0.19181875791267755	0.089759293943034418
0.19087167680453629	0.089754207437903563
0.19023729721716812	0.089569446101034955
0.18910857459243016	0.089928332596481031
0.18780563106033002	0.087648606760309486
0.18621804504307427	0.088394341922566677
0.18372025277730775	0.088347678901456894
0.18388147917690059	0.085959443138184571
0.18256791346650902	0.086505089185502163
0.1822511781733426	0.084114143454931165
0.18139261286061978	0.085098826538916317
0.17890673582516661	0.086140075175246661
0.17715346552944458	0.084777199439620282
0.17647513752898808	0.083963999545836401
0.17593328228291297	0.08353105117587438
0.17450413568367615	0.082632515364960177
0.17516546476739034	0.080469979067763972
0.17242027697565326	0.082612723279763461
0.17212069992352216	0.081932993603505005
0.17143039630922219	0.080590118749157363
0.17033632932840376	0.079130755763512889
0.16838410384501157	0.080175542334090036
0.1673915127677488	0.079736853190801926
0.16582170520418804	0.080647334178316057
0.16649258610684484	0.078337034064612635
0.1651951354044657	0.077600611937034908
0.16364068805969634	0.077083146646135331
0.16193521344545059	0.079687177476736398
0.16140832821495182	0.07793573764880575
0.16137556245276988	0.076206208048107377
0.15938359666051075	0.076115912640810371
0.158581272947279	0.076552248226138542
0.15761915527764961	0.076358202953204335
0.15720233739271475	0.075310801624892787
0.15539673520674885	0.074976836006312886
0.15490058184332703	0.074526021501135686
0.1537306326125574	0.073882981741307516
0.15336845198597149	0.073334352343687556
0.15184012681170136	0.074479230477478273
0.15059186565487756	0.073775411781215522
0.14997764583374595	0.073117424315200061
0.14997054381266084	0.073585820443687361
0.14816428781121074	0.072428454527152589
0.14822024696236513	0.071854001134860693
0.14746176664888686	0.070992000544912268
0.14639962848111412	0.071266234266882791
0.14522600227086183	0.071360037787598085
0.14505905346672812	0.071720817067327539
0.14453721889496735	0.070171199662037442
0.14315846615477204	0.07092987969102757
0.14166809212046222	0.069561877332433061
0.14088853185374345	0.07052516179935496
0.1407348400998587	0.068028060907743493
0.14036697630071379	0.069259509544017425
0.13875569438359803	0.068927523864239545
0.13849562891542896	0.067947123407668383
0.13841930546610148	0.067829512520063959
0.13677550539091896	0.068296765965544654
0.13691835170955774	0.068642278678893331
0.13515781396489296	0.067239370346471275
0.13516914263331492	0.067079522106009509
0.1339410439718513	0.066703840430798605
0.13316886512301115	0.065071606053980269
0.13291371092711801	0.065839466267781907
0.13226445776918064	0.06592298911601073
0.13201395204846217	0.06595286641052972
0.13013585165492383	0.064907756725070223
0.13051073689104811	0.064797319860532762
1.0029627224806297	0.10288258357314638
0.97717569676702576	0.10294382008317537
0.95268176070622879	0.10307300230361968
0.929386008540245	0.10326005980874094
0.90720260354799875	0.1034962776236502
0.88605371280351464	0.10377411536517173
0.86586859677880967	0.10408704962855479
0.84658282214161251	0.10442943842470276
0.82813757393086762	0.10479640277865086
0.81047906358854083	0.10518372451705774
0.79355797212977341	0.10558775305614218
0.77732903278085053	0.10600533672645417
0.76175059617049901	0.10643375117190554
0.74678429664752388	0.10687064186764332
0.73239473021017143	0.10731397865868411
0.71854916802494884	0.10776201226909432
0.70521726946427077	0.10821322423459719
0.6923709238557767	0.10866630764823436
0.67998409403315341	0.10912015724415838
0.6680325266571171	0.10957381180647986
0.65649358964928028	0.11002643375215893
0.64534624256168016	0.11047732159751647
0.63457087286143155	0.11092589027789602
0.62414916036903012	0.1113716407305485
0.61406395769332489	0.11181414586548703
0.60429920556718342	0.11225305533480258
0.59483983494163883	0.11268806893811105
0.58567167816675691	0.11311894224650061
0.57678145294911831	0.11354547831452605
0.56815668472742209	0.11396751610162902
0.55978562636042872	0.11438493889546902
0.55165720504561333	0.11479763320889791
0.54376102199559129	0.11520554404437119
0.53608725294557846	0.11560860532512719
0.52862659070735551	0.11600679604022014
0.52137025112268942	0.11640010715970905
0.51430994391808027	0.11678852851938139
0.50743780006029204	0.11717207964161098
0.50074637252759391	0.1175507899239622
0.4942286016674915	0.11792467392020024
0.48787777938930038	0.11829376814076101
0.48168753873069636	0.11865810689923821
0.47565189504076411	0.11901775824431493
0.46976511146777555	0.11937274613555289
0.4640216774795673	0.11972302658405545
0.45841636876948566	0.12006861403626229
0.45294426237196161	0.12040948293361166
0.44760067814284743	0.12074542055215622
0.44238113992207229	0.12107639963563897
0.43728134024526943	0.12140236043556617
0.43229707059855876	0.12172310956892816
0.42742446764120828	0.1220384747436899
0.42265985160758268	0.122348317307844
0.41799958347446375	0.12265247456402097
0.41344031077552595	0.12295092683843196
0.40897874035180759	0.12324348710776599
0.404611678658159	0.12352996005510891
0.40033618480819688	0.12381018831019212
0.39614947128701039	0.12408193132233482
0.39204878869180559	0.12434079897848406
0.388031367615295	0.12459282488360524
0.38409447507872951	0.12483713104783475
0.38023448182626779	0.12506776754093507
0.37644964652661667	0.12528897406267925
0.37273752045397618	0.12550074960318844
0.36909588773450297	0.1257013747068253
0.36552203461964061	0.12588602232714804
0.3620133224883888	0.12599967850900401
0.35859104127191699	0.12602693237268559
0.35519234836367125	0.12585385772847396
0.35172214728578333	0.12526415705139834
0.34844175501818725	0.12519888348688543
0.34517931886837983	0.12496315230103819
0.34177417856238923	0.12439544908771252
0.33835764911379501	0.1235175691595711
0.33516551731195759	0.12324864969319675
0.33178758356075311	0.12266242159459743
0.3284979467583547	0.12171702981422004
0.32436396594648331	0.11946420162019546
0.32086147557487166	0.11855531682316711
0.317005373448838	0.11697817801521872
0.31354048385100902	0.11607832333451386
0.31015757175513081	0.11518265099052383
0.30688213450913615	0.1144010284574398
0.30370129665165885	0.11366958277326145
0.30056283833860786	0.11285816792600321
0.29750957894384134	0.11208638527140587
0.29454057534950162	0.11133393596300521
0.29162885924634457	0.11037944166871036
0.28880056372440216	0.10971828960622672
0.28597927193369399	0.10928432539178326
0.28327790940629616	0.10861469799456649
0.28059823100004277	0.10795895665925215
0.2779789625202389	0.1073373983436329
0.27541006630864184	0.1067989982872828
0.27289867595478129	0.10630505505592558
0.27044286762019348	0.10585685318673037
0.26802300801826257	0.10519679793136169
0.26565348498235253	0.10470384567887311
0.26334923773054197	0.10437185199392532
0.26126788844778581	0.10363622682764713
0.25880880243457116	0.10325823978911411
0.25823708152357411	0.10766172733322205
0.25473059020765793	0.102211291973328
0.25235898237549931	0.10207966669612335
0.2506003808107628	0.10152109474301978
0.24829538025549763	0.10095528911286572
0.24646258690273504	0.10038395026601231
0.24456064994075824	0.10037498463816918
0.24271227180291771	0.10008472632507971
0.24081332685109458	0.099472306115029788
0.23889363691862406	0.098978074293285478
0.2368204332816809	0.098660491345611501
0.234798849437792	0.098294144890895538
0.23329141403483403	0.097741164725646229
0.23169699777855776	0.097536616172494178
0.23032028423152795	0.09717337181139081
0.22808758100907392	0.097223541223261392
0.22654023789910696	0.097045161462362778
0.22504192081451349	0.096516759894067813
0.22358434338145808	0.095694152814001426
0.22168851075906734	0.095450978842652426
0.22048429065140129	0.094729829591548589
0.21932416750858402	0.094826829803675683
0.21796364537005769	0.093803752687949576
0.21596612099985954	0.093080767925202451
0.21492984093158518	0.092968608512306192
0.2124846507721502	0.091134016580876318
0.21179674889250344	0.091524045627181846
0.20994078449513842	0.090479037924985656
0.20887079598173736	0.090342961945114153
0.20660247720518565	0.090485626869271613
0.20573249002832175	0.090094774153927151
0.20489944011117459	0.088851097589589978
0.2031364347669177	0.088242663853188422
0.20108446154902873	0.088516519724797529
0.19911367497467572	0.090469322552406639
0.19875275719450822	0.087169714463439602
0.19603568261546228	0.088247425163991797
0.19663524661503828	0.087375499892925465
0.1947323808129848	0.086324077965462875
0.19378503292336138	0.085870445097819798
0.19250578804511981	0.084992309837353133
0.19097923793441837	0.084771351498927797
0.18953070582170925	0.084972782444009007
0.18808404084111896	0.083883977961616146
0.18603258451231316	0.084688420636808023
0.18561187843952001	0.083369727223765427
0.18508729005906996	0.083750912772114605
0.1838236577086883	0.083865176862434943
0.18323433633958969	0.082595142336916713
0.18117965812655398	0.081728809181991643
0.18028355751623956	0.081152961596319934
0.17955253921112149	0.082408936436060454
0.17866697094633549	0.080580866736424242
0.17740844545275347	0.081181622315368809
0.17496039108157765	0.080250628099487895
0.17533784287832604	0.080579185434669034
0.17349352591101344	0.078681672728029992
0.1734543207495518	0.07929776873134059
0.17242311685333994	0.079165355413602173
0.17063805280241923	0.078616851174047472
0.1701863665910513	0.078702489798824618
0.16865013499636447	0.077236115198280719
0.16744361587269765	0.077855705163440758
0.16797103855120882	0.078545466953001963
0.16563067995708042	0.077207242722532196
0.16433321347703367	0.076884680914907133
0.16331665484822946	0.076800730292309757
0.1631383848391825	0.076116300716998722
0.1621788083333591	0.075928706552781569
0.16081234403320263	0.07390424123522743
0.15972384637664694	0.074593106162125847
0.15969664492866348	0.076575736544379602
0.15756149049612586	0.073773428816297643
0.15715613509670556	0.074309452467193629
0.15693261949304532	0.074015490132601378
0.15587330772944477	0.072686228087402077
0.15575842086776562	0.073084870613234723
0.15380754838882987	0.073487323840585483
0.15281577146565153	0.072066979154286129
0.15229894307132252	0.071711956905924482
0.15168315990131753	0.071322840131291199
0.15005026992858439	0.071353760644814718
0.14980662821660315	0.071044642041589265
0.14879147895836797	0.070595390677677824
0.14777869947726729	0.070538063836275783
0.14720769905200104	0.070303936829256702
0.14611295492347995	0.06898769675265494
0.14587631558559547	0.06947978202395233
0.14412640877570007	0.068495059773490172
0.14405793749310675	0.069470798452002991
0.14395355967469164	0.069040864070841743
0.14321799106391633	0.068294775949524905
0.14122698883595172	0.067207015226146929
0.14105146717489292	0.067743423375182549
0.1411111496498868	0.066971925885049285
0.14002402689852084	0.068031897946115638
0.13858622188289887	0.067351918406157271
0.13847738097368659	0.066581689150019441
0.13724039905863658	0.06590489008352754
0.99422170763318674	0.1006703512607998
0.96800717144622539	0.10062579463971916
0.94314431149932054	0.10066173600734611
0.91953126378250638	0.10076649791164111
0.89707614929865076	0.10092997150020445
0.87569587621485767	0.10114340866134219
0.85531511858275233	0.10139924171016836
0.83586542970974298	0.10169092591339451
0.81728447084240441	0.10201280169700362
0.79951535060273937	0.10235997724517568
0.78250601911323425	0.10272822049321267
0.76620879595265612	0.10311387507817839
0.75057990616570891	0.1035137818573463
0.73557907255473698	0.10392520985472009
0.72116920479037605	0.10434580379346106
0.70731609368398451	0.10477353792360078
0.69398808881320329	0.10520666144861958
0.68115590216066491	0.10564366438435017
0.66879236656985175	0.10608323947101334
0.65687229432720162	0.10652427519353343
0.6453722490774626	0.10696581309962606
0.63427044518753661	0.10740704228215973
0.62354655306346352	0.10784726234679164
0.61318159386432125	0.10828588461910363
0.60315788036545381	0.10872241892830704
0.59345884931956561	0.10915644236237979
0.58406896816695142	0.10958758695827661
0.57497369656182196	0.11001556193557376
0.56615936391063559	0.11044010642090415
0.55761310109914097	0.11086098451837652
0.54932288925757233	0.11127806501283574
0.54127737766550843	0.11169121032600729
0.53346584493859028	0.11210027454246779
0.52587825084892414	0.11250520117077456
0.5185050921338541	0.11290593168392389
0.51133738666154027	0.11330244821888852
0.50436660339305461	0.1136946738046352
0.49758473277849652	0.11408260121293531
0.49098414156813974	0.11446619462978737
0.48455758240185459	0.11484544562683596
0.4782982247356381	0.11522037047312754
0.4721996377263768	0.1155910349530378
0.46625562148169458	0.11595745318310106
0.46046036062833273	0.11631960783366631
0.45480825154653648	0.11667746370470276
0.44929388466967041	0.11703092140640083
0.44391224043502064	0.11737994915380259
0.43865847714504241	0.11772448296914781
0.43352810340148451	0.11806460442337215
0.42851670519818641	0.1184002353249111
0.42362013390178771	0.11873125894383757
0.41883441018304618	0.11905766950712568
0.41415558822733922	0.11937912151274555
0.40958001367213892	0.11969554579951608
0.40510401958134745	0.12000690266337347
0.40072429842843849	0.12031305088910309
0.39643757743771996	0.120613823500719
0.39224051682700078	0.12090902881071385
0.38812989366972933	0.1211982620195924
0.38410277785063762	0.12148092040335903
0.38015681409261498	0.12175419082223889
0.37628931886961675	0.12201760434548634
0.3724975071023337	0.12227282803898623
0.36877853821653739	0.12251757221317058
0.36512874530523676	0.12274392451358505
0.36151844989519266	0.12286103860939662
0.35794271178696374	0.12277236971937548
0.35438124061304471	0.12257527262789535
0.35086539627971297	0.12234853876773448
0.34738744801095639	0.12207764527564605
0.34395501502741216	0.12178686320068076
0.34056227809704226	0.12148669864659974
0.33719088727984559	0.12115181732305745
0.33384603796858731	0.12078414098159468
0.33050804902474978	0.12020964617043828
0.32731156848421561	0.11970325945730617
0.32400366288625149	0.11909695897852579
0.32072392677121808	0.11844102737356346
0.31743250240232546	0.11776856333791046
0.31410879467481562	0.11706158290620555
0.31088034978067042	0.11639119477249378
0.30762894796259788	0.11566402171890525
0.30435308803308736	0.11476670587754513
0.30112955036665751	0.11384287017536603
0.29808002708700676	0.11311463100264119
0.29512028623329534	0.11246346561873781
0.29207855793273296	0.11169765971216213
0.28923674129201365	0.11103681333817628
0.28636706428256736	0.11067098739950307
0.28354559439617127	0.10964151713526862
0.28095922058895417	0.10974484067808085
0.27860879927776178	0.10884368554179295
0.27567995338965445	0.10798897597989467
0.2730048412304974	0.10731321447636825
0.26967090541922289	0.10622075029414316
0.26825064064569298	0.10652335202743464
0.26543453190100458	0.10548120563226109
0.26240172175436621	0.10551010010634908
0.260447980157547	0.10424347035036224
0.25813905414097166	0.10376830077243135
0.25473281787400559	0.10278897761037196
0.25282145010268253	0.10222582122200775
0.25081487851650469	0.10253134091791329
0.2489719837111567	0.10184593183896372
0.24673532088935465	0.10048848959975436
0.2439147334185289	0.099478920125952691
0.24192608741952812	0.099160583023306631
0.24018762275783134	0.098610495411213903
0.2377971197136349	0.098028255075575055
0.23570063820402631	0.099048006817936671
0.23408712503986367	0.09658489419514564
0.23180558117214553	0.09631454262556241
0.22932295613733611	0.09628300573147297
0.22857563736704178	0.095116466823294887
0.22671893836072127	0.095332314947964208
0.22485119415623567	0.094142078533050053
0.22255350624560868	0.093521200989208061
0.22162518969372041	0.093156947028523451
0.21911991302498629	0.092993798677602144
0.21836120893937971	0.093316096169803214
0.21580022263941775	0.091506664772138577
0.21458328973210206	0.091211609676377134
0.21310583936545283	0.091380577665497717
0.21148565782314627	0.08978525875391373
0.2094010402889826	0.089303818060423312
0.20851146638609902	0.08912387810745967
0.20734874154961427	0.08953347836659338
0.2050682827609224	0.088314886598369738
0.20322186602035799	0.087296624990277558
0.20306979776570216	0.087538507509048485
0.20058699660614124	0.08725502821573683
0.1988043457376695	0.086748699582408911
0.19845520086512197	0.085797653135459895
0.19676010804942781	0.085083071923468465
0.1961683957071379	0.086034142200804825
0.19438557760545275	0.084494536549333255
0.19276511773930508	0.084980788708127503
0.19139556100075111	0.085317974826361068
0.18954333016864069	0.084681189488528111
0.18855149941852561	0.083152779292307369
0.1878886192966803	0.083010477115760206
0.18587177580955769	0.082386790437571231
0.18496112565704328	0.083237123026425441
0.18426457288599729	0.081779301206154564
0.18183749239919705	0.081232977508637672
0.18233626278386642	0.0817826387000717
0.17982171717859377	0.080797393212309623
0.1787684518028731	0.079647919761575162
0.1791896916052251	0.080496763962464718
0.17654072507927565	0.078458962910384539
0.17597775867803167	0.079989248524651266
0.17420110906027628	0.079528596463957643
0.17282368735423317	0.078593455921559405
0.17265615407670321	0.078241708259509948
0.17138779391098946	0.077399945022265285
0.17044011351466423	0.077279235312281674
0.16951942050994984	0.077163263878963884
0.16869487798186386	0.076343239364374496
0.16729550909666488	0.076126613767926843
0.16692172781079934	0.076471207698218885
0.16560107746711714	0.075079424840604564
0.16440175011585648	0.075495513429066061
0.16301274469252974	0.074275820853178243
0.16182230193863442	0.075372328309241857
0.16053294292645487	0.074574148930398404
0.16032546432921135	0.073562234639876503
0.15919069572711797	0.073606575231522933
0.15864788528668985	0.073488822904341583
0.1576131306408855	0.072601473277991033
0.15540043011415489	0.072881937640476027
0.15565965122338365	0.072721137450237283
0.15460375554037001	0.072285587229302325
0.15392249294415017	0.071903551464451515
0.15251119206609112	0.072122224215830102
0.15193154123980837	0.071291552124587265
0.15177822498930202	0.071254698167027897
0.15068716236526611	0.070831999155827122
0.15080595324697588	0.070447929463061235
0.14932603075046774	0.070019903177345619
0.14746724210821485	0.070531465627681159
0.1462734534238645	0.070351893293555581
0.14584924464809282	0.070036479015026784
0.14548492504834976	0.069108525441096344
0.14476238684594073	0.068845102850644518
0.14530782498621012	0.068916322136865188
0.14356501314263162	0.068888354384013584
0.14199047766145967	0.067594040972867891
0.14133033596905209	0.067270748520090934
0.14117048635868645	0.06738876979507244
0.13964902739370805	0.065813805245828902
0.1400721639291341	0.066819107708674205
0.13940882551221523	0.067204247644960996
0.13836509406698416	0.066890510570622036
0.13707525423667721	0.066251995155878582
0.13634425960467933	0.066061541553900247
0.13480428258339577	0.06482893760712917
0.13507168689696405	0.065057710642142136
0.13407738164490887	0.064498668274559801
0.1337764442747055	0.064751812408491718
0.13256781487374314	0.064905641950741416
0.13290580330063415	0.064051401192407598
